20 200
87  0 69 99  0  0 18  0  0  0  0  0  0  0  0 59 25 38 91 71 
 0 22  0  0  0  0  0  0  0  0 63 82  0  0  0  0  5 99  0  0 
37 35 30 83 81 58 57 49 53  7 15 96 40 45 42 75 54  0 92 21 
 0  0 80 10  0  2  0 86  0  0  0 32  0  0  0  0 97  0  0  0 
29  6  0 89 89  0 34  0  0 57  0  0 92 14  0 47 16 58  0 85 
49 68  0 88  0 28  0 15  0 40 95  0 73 85 96  0 63 81  0 55 
45  0 91  0 84  0  2  0  0 73 73 91  0  0 81 72 87 44  0 90 
40 71  0  0  0  0  0  0  0  0  0  0 54  0 85  0  0  0  0  0 
15 88 19 62  9 53 39 33 46 43 88 42 100  0  0  0 91  0 38 40 
 0 61 98 34 69  0 30 25  0 48 53 48 41  0 44 33  0  0 55 73 
 0  0  0 80  0  0  0  0  0  0  0  0  0 56  7  0  0  0  0  7 
14  0 95  0  0  0 91 67 79  0  0  0 29 18  0  0  0  0 99  0 
99  0  0 14 36 60 55 51 93 18 27 93 54  6 36 70  0 68 27 26 
 0 17 96  0 41  0 94  0  0  0 27 60  0  0  7 74  0  0  0  2 
47 50  0 56  0  0 41 81 53  0  0 36  0  0  0  0  0 69  0 64 
 0  0 41 17 18  1 62 91 19  4 28 33 31 30  0 40 42 54  0 92 
 0 70 95  0  0 77 11 95 89 98 27 47 33  0  0  0  0  0 26 59 
 0  7  0 96  0  0 70 53 19 93 56  0  0 90  0  0 93 87 30 90 
44 73 51 83 44 46 56 63  2  0 70 77 32 84 40 10 16  6 67 46 
56  0  0  3 77 51 35 67  6  8  0 38  0 91  8 44 89 33 82 14 
40 100 93 55 96 25 60 100 59 66 37 82 56 24 11 64 49 80  0  0 
57 11 49  0 20 82 21 26 92 79 88 12 32 74 51 92 85 77 83 56 
 0  0  0  0  0  0  0  0  0  0  0  0  0  0  0  0 48  0  0  0 
82  0  0  0  0 75  0  0  0  0  0  0  0 49  0  0  0  0  0  0 
 0  0  0  0  0 35  0  0  0  0  0 94  0 15  0  0 41  0  0  0 
51 58 48 98 79 25 30 43 17 89 93 61 44 97 80 100 100 43  4 23 
 0  0  0  0  0  0  0  0  0  0 27  0  0  0  0  0  0  0  0  0 
58 28 31 100 77 10  0  0 72 68 82 93 16 24 49 13 38 17 59 80 
 0  0  0  0  0  0  0  0  0  0  0  0  0  0  0  0  0  0 90  0 
45 13  0  0  0 84 24 37 45  0  0  0 45 78 79  0 99 87 87 48 
 0  0  0  0  0  0  0  0  0  0  0  0  0  0  0  0 83  0  0  0 
72 98 30  0 52 72  0 81 73  0  0 74 17 81  1 47 73  0  0  0 
50  0 12  1 68 24  0 31  5 22 90 97 73 15 60  0 17 66 73 19 
79 88 24 98 90 20 14  0 70  0 36 44 59 83 92  0  0 85  0 31 
68 87 17 12 23  6 98 89 37  0 84  0 54 48 40 63 62  8 78 90 
21 73  0 92 15  0 23  0 76 17 81  0 97 36 10 19  5  4  5 38 
 0 81 75 36 30  0 38 26 88 98 51 87 19 71 21 48  0 85  0  0 
53  0 34 39 56 46  0 32  3 94  0 82  0  0 77 99 43 86 67  0 
 0  0  0  0  7  0  0 74 42  0 46  0  0  0  0  0 98  0  3  0 
71 70 13  0  8 46 25 45 11 75 94  2  0  0 65  0  0  1  0 88 
 0  9 20  0  0 96  0  0  0 78  0 12  0  0  0  0  0  0 61  0 
 0  0  0 12  0 32  0 97  0  0  7  0  0 86  0  0  0  0  0 44 
 0  0  0 97  0  0  0  0  0 65 56  0 79 84  0  3  0  0  0  0 
37  0  0 21 94 59  0 62 31 63  0  5  0  0 19 62  0 60 85 51 
 0 58  0 11  4 42  0  0  0  4  0 90 60  0  0  0 21  0  0  0 
 0  0  0 83 16 17 49 89  0  0 40 51  6 65  0 75 96 70  0  0 
53 49 21 25 48 96 47 62 44 88 100 19 16 61 60 26  0 90 97 95 
96  0 70  0  0 36 56 77 66 57 63  6 65  0  0  0  0  0  0 95 
 0  0  0  0 85 53  0 37 85 18  3  0  0  0 74 78 31  8 87 44 
 0 22 61  0 73 16  0  0  0  0 34  9  0  0 29  0  0  0  0  0 
43 44 45 71 96 24 22 71 27 51 88  1 20 61 84 51 72 29 20 81 
100 70 37  0  0 86 15 46  0 72 62 44 48 50  0 66  0 33 92 69 
 0  0 58  0  0  0  0  0 88  0  0  0  0  0  0  0  0  0  0  0 
 0  0  0 40  0  0 63  0 91  0  0  0  0  0  0 31  0  0  0  0 
56 30 13  7 51 95  7 10 33 75 10 54  4 93 47 61  4  2 44 48 
 0  0  0  0  0  0 10  0  0  0  0  0  0  0 86  0  0  0  0  0 
70 22 69  0 11 40  0  5 78 10 61 61 32 44 70  9 55 89 78  0 
31 61  0 29 63 96 98  0  0  0  0  3 61  0  0  0 12  8  0 57 
 0  0 15  0  0  0  0 64  0 35  0  0  0  0 78 67  0 46  0  0 
31 16 78  8 96  6 75 73 18  5 95 17 38 31  4 72 88 33 48 14 
 0  0 88 40 66 58 38 20 17  0 81 68 82  8 74 53  0  0 70 27 
50 72 73 11 77 64 65 26 16 98  0  1 73 34 15  2 31 55 22 38 
76 46  0 58  0 17  5 88 34 40 62 47 30 88 28 45 34  0 29  7 
 0  0 61  0  0  0  0 11  0  0  0  0  0  0  0  0  0  0  0 26 
 0  0  0  0 57 59 90  0  0 36 47  0 10 75 22 83  0  0  0 77 
 0  0 17  0  0 42 38 60 47 17 29  0  0 44 52 17  0 60 55  0 
83 36 68 79  0 41 53 21  0 68 44 91 39 84  0 91 100  0  0  0 
41  0  1 52  0 100  3 18  0 94 73  0 83 50 17 56  0  0  0 95 
48 71 31 44  0 87 15  0  9 33 11 86 44 95 87  0 63  0 52 61 
 0 45  5 50 85 11 81  0  0 71 18 93 17 50 66 65 85  0 58 28 
 0  0  0  0  0 96  0  0  0  0  0  0  0  0  0  0  0 47  0 23 
15 26 73 97 89 71  9 56 32 18 27  4 38 68 22 24 99 78 56 90 
37 39 32 50 24 75 41 53  0 59 84 70  0  0  0  6 39  0  0  0 
 0 39 98 56 19 57  0  8  0 80  0 92 31  0  0 28  5  0 51  0 
 0  0  0  0 61  0 21  0 74 81  0  0  0  0  0  0 67  0 68  0 
 0 86 33 65  0  0  1  0 90 94 30 17  0  0 24 34 81  0 28  0 
53 16 64  0  0  0 94  0 59  0  0  0  0  0  0  0  0  0 69  0 
 0  0 94  7 57 69 68 74  0 62 70  0 42 13 15 11 35 93  0  1 
 0  0  0  0  0  0  0  0  0  0  0  0  0  0 29  0  0  0  0  0 
 0 77 16 10  0 78 55 44 11 89 30  4  0 82 56  0 74 83 80  0 
36  0 56  0 10 94  0 65  5  0  2 90  0 85 41 85  0 77  0  0 
 0 75 21 35 39  0 49 91 41  0 80  0  0  0 83  0  9  0 16  0 
46  0 23 38 95 79 20 46 40 94  0  2 31 12  8 80 36 57 22 88 
 0 78  0  0 55 73 34  0  0 83 86 62  0  0  0  0 20 61  0 92 
88 68 32 35 69 78 50 35 47 44 78 98 52 44 25 82 80 91 48 13 
85 87 32 77 42 21 54 43  9 19 42  0 68 57 29 59 27  0 94 23 
 0  0 90  0 100  0  0  0  0 31 33  0  0  0  0  0  0  0  0  0 
24  0 23 55  0 14 80  0  0 64 58 19 61 22  0 87  0 37 85 80 
73  0  0  5 97  0 60  0  0  0  0  0 33  0  0 13  0 13 27 53 
 0 49  0  0  0  0  5 36  0  0  0  0  0 40  0  0  0  0 59  0 
96 11 80 66  0  0  0  0  0  0  0  0  0  0 34  0  0 53 43  0 
 0  0 100 83  0  0  0  0 56 35 66  0 58 38  0  0 83  0  0 34 
67 82  0 85  0  0  0 40  0  0 73  0 69  0  0  0  0 28  0  0 
29  0  0  2 75  1  0 31  0 89 33  0 15 81 14 87  0 85 100 54 
 0  0  0 78 46  0  0  0  0  0  0  0 25  0  0  0 59  0  0  0 
59  0 91  0 61  0 66  0  0  0  0 59  6  0  0 80 82 40 83 74 
 0 40  0  0  0  0  0 82  0 16  0 72  0  0  0 85 57 22  1 50 
 0  0  0  0  0  0  0 67  0  0  0  0  0  0  0  0 37  0  0  0 
 0  3  0  4  0 37  0  0 89 21  0 21  0 44 57 11  0  0  0  0 
 0  7 25  0  0 34 46  0  0 58 15 93  0  0  0  0 24 52 85  6 
17 98 75 63 32 76 59 98 62 100 77 32 33 52 50 18 77 54 40 99 
 0  0  0 24  0 81  0 51  0  0  0  0  0  0  0  0 62  0  2  0 
 0  0  0  0  0  0 21  0 73  0  0  0  0  0 42  0  0  0  0  0 
 0  0  0  0  0  0  0  0  0  0  0  0  0  0  0 22  0  0  0  0 
85  0  0  0 83  0 65  0 38  0  0  0  0 24 100  6  0  0  0  0 
22 46 66 38 73 10 93 98  0 92  0 42 64 98 26 31 26 61  0 86 
 1  0 95  0  0 62  0 56  7  0  0  0  0  0 30 22 71  3  0 79 
95  0  0  0  0  0  0  0  0  0  0  0  0  0  0  0  0  0  0  0 
 0 86  0  0  0 50  0  9  0 64  0 44  0  0  0 21 67  6 39 91 
 0  0  0  0  0  0  0  0  0  0  0 91 87  0 66  0  0  0  0  0 
43  0 38  0 82 70  0  0  0  0  0  0  0  0  0  0  0  0 48 38 
 0 97  0  0  0  0  0  0  0  0  0  0 85  0  8  0  0  0  0 24 
74 98 99 98 85 10  0  0  0 77 37 42 70 27 32 73 45 88 23  0 
88  0  0 93  0 50  0  0  0  0 87 31  0  0  0 67 88  0  0 82 
98 15 40 84 78 44 41 47 95  0  8 67  8 23  1 90 74  0 35 90 
 0  0  0  0  0  0 99 24  0  0  0  0  0  0  0 22  0  0  0  0 
 0  0 94  0  0  0  0  0 90 70  0  0  0  0  0  0 58  0  0  0 
57  4 14  1 53 62 96 99 13 69 27 97 10 84 32 28 77  8 29 43 
 0 39 79  0 60  0 100 93  0 99  0 61  0 14  0 40 96  0 28  0 
98  0  0 14 39 33 23  0 37 72 85 43  0  0 100  0 35 90  3  4 
11 89 49 57 88 77 75 18 100 86 52 73 76 54 31 58 74 46 26 29 
61 25  0 71 33  0 16  0  0  0 92 16 22 100  0 84 92  0  0 86 
57  0  0 11 98 64 14 13  0  0  0  1 46  0 49 90 93 82  0 82 
75  0  6 36 47  0  0 21 49  0 25 54 26 42  0  2  0 25  0  0 
 0 51  0  0  0 93 23 19 20  0  1 32 79 40 20 89 60 48  4  0 
28 67 72 72 45  6  7 50 34 27 40  0 28  0 67 23 40 23 41 39 
71 20  0  0 78 14  0  0 47  0  0  0 64  0  0  7  0  0  0 92 
 0 78 34 43 96  0  6  0 70  0  0 49  0  0  8 91  0 91  0 82 
 0  0  9  0  0  0  0  5  0  0 93  0  0  0  0 30  0  0  5  0 
 0  0  0 22  0  0  0  0  0  0  0  0  0  0  0  0  0  0  0  0 
27  0 65  0 99  7  0  0 47  0  0  0  0  4  9  0 60  0 91 72 
 0 57  0  0  8  0 24 42  9  0 94  0 49  0 12  0  0  0 50  0 
 0 16 96  0  0  0 96  0  0  0  0  0  0  0  0  0  0 67  0  0 
53 41 48 31 53 38  0 93 29 99 28 23  0 96 69 44  0  3 33  0 
 0 98  0  0  0  0  0  0 83  0 11  0 38  0  0  0  0 77  0 94 
35  0 81  0  0 35 86 76  0 18 59  0 48 93  0  0 94 80  0  0 
 0  0  0  0  0  0  0  0  0  0 38  0 24  0  0  0  0  0  0  0 
 0  0  0  0  0  0  0 39 32 12 87  0 56  8 32 34  0  0  0 90 
94 75  0  0 47  0  0  0  0 40 42  0 77 21  0  0  0  0  7 26 
71  0 13  0 61 66 82  8 36 33 51  0 81 73 35 57 49  8 49 17 
 2 25 79 100 93 60 77 91 40 14 34 23 70  7 15 10 36 21 39 75 
80  0  0  0 75 77 93  0 90 72  0  0  0 16  0  0 92 37 74 93 
 0  0  0  0  0  0  0  0  0 22 62 65  0  0  0  0  0  0  0  0 
 0 51 30 29  0  0  0  0  0  0  0 39  0  0  0 10  0  0 60 100 
80  0 75 33 37 32  0 70 99 79  0 95 39 85  0  0  7 37 62  0 
25  0  0  0 95 38 30  0 83  0  0 16  0 16 78 21  0  5  0 92 
 0  0  0  0  0  0  0  0  0  0  0  0 55  0  0  0  0  0  0  0 
 0 12 58 18 21  0 56  0  0  0 78 42 27 95  0 30 39 88  0 87 
 5 37 44 20  0 100 21 92  0  0 64 89 86 78 81 45 10 74 55 18 
24 12 99 34 74 46  7 70 82 48 52 51 21 61  2  0 42 73  9  0 
57 16  0  0  0  0  0  0 28 76  0  0  0  0  2 13  0  0  0  0 
77 41 57 35 69 21 91 64 48 97 22  0 86 61 48 86  6 40 25 75 
 0 82  0 60  0  0  3 90 42  0 60 30 18 97  0 100 93 20 38 46 
 0  0 61  0  0 54  0  0 14 19  0  0  0  0  0 47  8  0  0  0 
42 40 78 42 35 74 53  3  7  0 54 11 37 33 43 11 58 76  0 82 
11 93 89 12 71  0  0  0  0  0  7  0  0  0 19 77 36  0  0 72 
 0 29 61  0  0 96 14 90 17 18 72 85 19  0  0  2  0  1 43  0 
92 77 46 29 32 32 52  7 57  0 96  0 28 98 72 90 87  9 94 98 
56 47 71 97  0  0 65 24 76 54 27 91 71 49 15 91  0 13 71 30 
58 15 79 97 54 75 99 18 26  0  9 22  9 81  2 29 12 80  5  0 
 0  0  0  0  0 11  0  0  0  0 87  0  0  0  0  0  0  0  0  0 
27  0 39  0 81  0 70 46  0 68 50  0 32  0 78  0  0  0  0 56 
34  0  6 19 42 27  0  0  0 11  0 63 25  0  0 100 96  0  0  0 
 0  7  6 41 55 23 34 99 87 33 22  0 95  6 58 80 92 19  0  0 
20 57  0 11  0  0 71  0  0 89 20 73 40 65  0  3  0 28 44  0 
 0  0  0 61 68  0  0  0  0  0  0  0  0  0  0  0  0  0  0  0 
 0 94  0 54 32 39  2  0  0 15  0 90  0 39 99 56 66  7 65  0 
 0  0  0  0  0  5  0  0  0 52  0  0  0 46  0 21  0  0  0  0 
13  0  0  0  0 10  0  0  0  0  0  0  0  0  0  0  0  0  0  0 
 0  0  0 14  0 75  0 51 86  0 100  0  0  0  0  4  0  0 44 79 
 0 24  0  0 91 19 73 64 28  0 39  0 42  0  0 49  0  0  0  0 
66 55 17  0  0 96  0  0 35 68 47 93 82  0 99 28  0  0 75  0 
 0  0  0  0  0  0  0  0  0  0  0  0  0  0  0  0  0  0  0 66 
56  0  0  0  0  7  0 99 65 100  0  0  0  0  0  0 62  0 22  3 
26 46 69 39 94 18  0 13 54 45 90 92 91 41  6 52 29 73 18 50 
54 27  0  0  0 64 24 19  0 12  8 42 37 10 90  0  0 22 32  0 
77 62  0  0  4  3 30 91 80 18 74 62 90  0 89 69  0 97 16 56 
71  2 74 88 65  0 46 37 27 16 57  9  6 63 17 21 20  0 95 44 
 0  0 98  0 17 27  0  0  0 34  0  0 41 22  4  0  0 21  0  0 
 0  0  0  0  0  0  0  0  0  5  0  0  0  0  0  0  0 63  0  0 
 0  0  0  0  0 24 47 17  0  0  0  0  0  0  0 23  0 54 18  0 
82  0  0 44 66 100 97 89 23 14 31 76  0  0 83  0  0  0  0  0 
 0  0  0  0  0  0  0  0  0  0  0  0  0  0  0  0  0  0 18 18 
 0  0 93 13 49  0  7  0 81 79 85 97 27 51 60 73  0  0 70 22 
 0  0  0  0  0  0  0  0  0  0  0  0  0  0  2  0  0 91  0 69 
21 54 98  0 46 92 98  0 66  0 75 34 45 10  0 28 43  0  0 81 
 0  0 65  0  0  0  0  0  0  0  0  0  0  0  0  4 68  0  0  1 
14  0  0 70  0  0  0  0 47  0  0 65  0  0 50  0  0 54  0  1 
 0 42 70  1 72 79  0 23 43 92 21 88 74 71 18 61  0  4  0  0 
100  0 92  0 46  0  0  0  0 67 28  0  7 13 57 51 26  0 16 71 
 0  0  0  0  0  0  0 45  0  0  0  0 57  0  0 55  0  0  0  0 
 0 96 51 88 63  4 68 74 49 42 34 76  6 74  2 25 81 85  4 98 
29  6 52 90  6 67 43 29  0 67 15  0 66  5  6 100  8  0 32 29 
57 60 35 87  0  0 74 54 84  0 54  0 60  0 52 14  0 20 81 64 
 0  0  0 33  0 75 32 74  0 44 28  0  0 86  0  0 95  0  0  0 
 0 30  0 31  0  0 31 10  0 21 57  0 23 35  0 63 62 53  0  0 
31  0 35  0  0  0  0  0  0  0  0  0  0  0  0  0  0  0  0  0 
 0  0 82  2  0 10  0  0 38  6 20  0  0 96  0  0 57 35  0  0 
 0  0  0  0  0  0  0  0  0  0  0 30  0  0  0  0 26 64  0  0 
 0  0  0  0 28  0 14 94  0  0  0  0  0 82  0  0  0 56  0  0 
