2 100
50 39 
21 96 
49 46 
14 78 
68 88 
31 69 
56 28 
59 41 
17 46 
49 73 
63 98 
100 100 
15 35 
17 90 
83 100 
75 12 
50 48 
17 51 
24 22 
12 73 
99 66 
81 15 
99 99 
48 64 
52 44 
15 91 
62  6 
58 53 
 2  4 
45 100 
31 44 
65 22 
86 37 
44  4 
32 79 
 3 45 
78 91 
85 98 
64 20 
37  2 
70 29 
39 97 
 8 22 
94 28 
89 99 
62 78 
94 66 
100 55 
29 98 
70  5 
 1 52 
43 10 
92 75 
89 35 
88 48 
10 18 
97 92 
41 12 
30  3 
95 25 
63 13 
82 70 
53 45 
12 10 
86 88 
56 42 
55 69 
90 84 
21 33 
16 96 
85 11 
58 39 
 9 55 
73 62 
94 47 
53 81 
 2 40 
 5 83 
52 82 
13 15 
91 79 
90 46 
68 85 
54 90 
90 76 
 7 69 
 4 60 
37 18 
79 76 
72  9 
90 30 
63 40 
75 92 
57  4 
55 75 
 1 76 
25 91 
47 17 
46 38 
19 40 
