20 20
76 31 52 98 89 54 39 58 17 69 12 69 88  1 33 41 47 92 50 90 
52 89 99 30 85 96 97 32 28  1 29 92 38 35 63 47 79 20 37 72 
100 35 83 60 86  4 34 98 48 61 64 67 17 98 68 15 49  8 94 61 
30 94  8 36 56 55 39  9 64 27 39 37 66 55 58 50 40 23 84  2 
80 77 57 73 77 98 40 14 16 56 56 63 53  5 94 11 42 82 50 47 
 3 42 84 31  6 32 36 70 81 69 47 20 64 44 18 71 48 41 74 28 
26 24 77  4 91 86 39 42 73  8 54 83 78 98 77 29  2 77 42 12 
83 92  3 10 33 33 45 14 61 55 63 91 30  7 66 10 50 78  1 92 
53  5 26 42 47 22 13 96 41 40 75  1 100 72 16 49 48  1 21 87 
46 98  1 21 37 51  1 90 63 20  5 68 11 15 26  5 84 41 49 78 
66 59 79 31 23 82 75 81 73 57 85 44 12 100 70 64 61 100 72 19 
22 37 40 92  2 79 82 85 91 80 65 96 90  1 79 86 87 95 83  4 
 5 12 89 99 39 40 70 21 56 49 60 70 75 92  3 100 84 64 74 64 
 8 80 12 56 80 64 100 70 18 43 52 87 19 20  2 86 92 54 30 80 
75 32 41 70 23 64 91 57 57 69 83 18 10 76 83 49 10 96 88 52 
12 83 21 46 71 60 31 86 75 95 77 89 50 26 95 82 48 73 44 80 
43 56 72 45 90 18  7 98 23 79 71 40 39 42 16 97 36 28 84 44 
22 36 30 95 78 45 49 17 43  6 60 55 26 64 17 52 69 15 78 20 
32 61 81 93 47 80 72 97 94 92 12 36  5 89 72 50 22 46 24 33 
25 30 60 54 23 30 64 34 88 85 77 12 73 57 26 57 34 28 92 67 
