20 100
53  9 16 77 27 28 51 99  8 25 81 71 94 67 43  7  1 14  7 35 
68 96 39 72 91 36 16 54 85  1 17 72 21 52 95 42 47 44 53 82 
63 66 93 68  4 40 51 61 78 71 79 20 60 88 95  5 10 99 24 37 
72 88  1 26  7 50 84 40 15 31 76 49 96 49 39 29 18 97 45 89 
30 32 65 93 17 93 28 46 29 29 21 32 15 42 97  2 89 76 18  1 
17 80 19  2  1 87 35 36 56 65 31 50  1 35 85 100 60 61 59 39 
90 55 80 71 20 59  4 32  3 82 98 63 92 32 69 31 30 50 11 44 
63 51 43 63 46 10 91 91 22 79 47 44 89 51 73 98 23 51 88 67 
58 24 62 94 51 25 48  2 23 61 87 84 40 16 33 23 25 99 24 36 
77 91 97 52 37 62 95 80 91 47 18 68 61 62 28 100 100  1 26 98 
68 79 22 42 44 98 95  9 78 82 79  2 42 62 65 43 97 56 82 90 
15 51 68 32 67 45 85  9 77 21 59 31 55 19 24 53 79 84  9 29 
 3 11 47  9 92 16 85 37 80 28 31 90 60 11 100 78 61  8 19 47 
23 59 55 75 60 17 30 96 89 58 79 94 57 11 63 24 40 18 93 53 
 8 46 49 78 87 51 96 54 22 77  1 93 98  2 78 55 94 17 42 35 
100 25 29 12 22 47 26 84  2 24 24 61 78 25 89 64 51 21 87 82 
40 80 94 84 76 27 78 30  3 83  6 74 78 85 33 33 16 37 56 90 
83 31 91 80 39 80 26 45 49 87 95 82 100 76 13  5 78 78 28 69 
14 16 54 23 30 46 24 45 80 13 83 100 40 47 68 39 66 41 60  1 
70 56 25 66 93 82 33 36  5 44 74 68 55 71 73  5 33 52  3  4 
32 44 90 53 49 23 93 98 35 97 45 52 20  6 43 13  1 13  9 45 
70 35 61 33 16 99  7 36 57 67 14 77 81 88 45 21 17 65  9 64 
17 49 50 90 15 58 53 34 100  5 76 48 19 50 38 73 98  9  5 31 
50 65 50  3 71 53 45 25 86 75 32 29 70 72 35 58 19 96  9 36 
48 96 36 23 70 56 27 57 74 38 23 68 58 41 96 10 14 95 96 41 
 3  8 78 54 11 80  7 43  9 32 73 40 88 25 41 99 46 67 33 29 
85 71 23 57 54 81 42 83 13  3 77 17 99 93 93 88 88 10 37 13 
57 16 45 11 73 20 12  2 13 19 64 48 53 44 24 10 31 38 91 52 
22 41 15  6 36 38 28 11 86 13 43 17 20 90 53 62 79 84  7 58 
15 39 87 46 40 88 68  8 81 10 23  1 45 59 48 16  2 75 55 19 
48 43 15 23 64 17 70 29 80 50 45 58 97 85  5 21 75 43 43 65 
57 91 61 18 28 47 22 92 42 10 34 55 23 31 24 66 93 44  4 60 
57 56  5 99 37 35 31 33 47 97 84 40 66 31 49 88 61 31 57 59 
46 63 22 10 49 22 100  1  5 58 83 48 48 18 91 22 80 47 50 12 
51 15  4 49 55 71 68 14 42 14  3 11 72 18 80 93 86 95 20  3 
100 74 91 67 96 35 42 14  1 70 79 86 78 26 26 70 29 55  4 73 
72 34  9 23 90 21 14 45 96 78 62 97  9 60 31 100 75  3  8 44 
67 43 11 59 22 51 61 61 85 82 63 32 29 38 23 54 56 44 34 58 
76 17 80 61 83 67 65 21 43 56 94 18 53 82 42 26 84 40 42 97 
13 77 14 57 67 35 64 40 30 84 21 48 49 83 79 77 59 97 36 44 
67 97 53 39 11 63 19 87 54 35 82 90 23 84 97 41 63 32  3 66 
83 14 74 88 16 74 44 39 50 63  3 59 84  8  2 79  7 21 60 78 
62 39 99 53 86 50 35  4 43  1 19 100  4 66 48 47 81 25 85 85 
80 98 89 23 43 37 18 81 53 37 77 51 67 59 26 91 81 70 20 42 
48 19 35 79  4 17  5 14 95 32  2 17 81 79 16 93 94 88 18 57 
30 92 12 88  8 31 58 71 91 58 33 29 45 15 40 100 36 90 63 60 
83 26 57 29 86  6  2  6  2 23 91 77 40 57 70 64 64  3 86 40 
15 52 46  4 13 31 67 11 39 69 66 22  2 68 39 33  4 23 81 87 
59 34 57 12 43 68 10 36  2 17 88 95 39 90 19 13 55 72 68 62 
77 38 75 73 76  9 21 94 60 17 78 91 62 35 68 57 49 100 90 99 
87 60 40 27 28 36  1 58 83  1 40 91 69 37 63 50 100 50 43 15 
43 72  3 75 32 81  1 95 20 53 26 53 98 63 14 69 91 46 27 39 
47 10 88 69  4 56 60 20 11 14 40  6 18 28 73 32 11 96 24 68 
19 35 37 79 98 80 13  5 90 87  1 28 34 89 33 67  4 64 54 19 
56 19 90 90 73 81 59 31 28 45 70 32 51 83 45 77 79 72 91 90 
31 44 47 60 82 52 50 57 49 10 36 88 91 11 14 52 79 78 49 24 
28 41 66 31 76 67  1 33 22 96 59 39  5 84 38 15 25 29 39 71 
78 71  6 80 55 22 32 10 70 34 51 21 16 40 27 62 66 75 46 71 
 8 15 77 47 36 15 94 79 94 89 18 44 53 12 32 92 88 97 12 35 
76 84 94  2 21 81 31 54 29 77 47 92 72 28  1 22 42 52  3  1 
25 17  5 89 97 67 48 91 67 59 89 19 53 44 56 46 75 67 63 60 
87 67 16 21 10 52 12  8 81  8 75 25 38 55 40 25 69 86 100 51 
79  8 93 71 41 23 81 30 42 48 77 57  1 79 95 40 50 50  6 25 
12 16 93 70 47  1 91 11 63 74 62 56  5 25 72 26 48 97 79 54 
 9 11 51 86 41 51  3 44  5 57 54 28 30 87 50 87 92 14 86 87 
19 70 90 67 33  2 98 28 19 68 97  4 35 48 39  3 76 14 93 53 
24 71 93 84 62 84 90 63 51 13 52 73 28 33 19 80 77 36 41  9 
60 87  2 15 48 29 78 47 67 80  3 97 67 32 26 17 66 38 19 64 
22 58 49 50 84 66 29 16 32 47 73 61 31 56 15 91 25 29 79 13 
42 12 53 89 28 65 92 85  5 60  9 54 25 10 77 54  3 99 59 61 
80  2 21 69 20  9 89 96  9 37 82 90 61 74 13 18 56 59 90 28 
 6 36 88 83 77 41 31 24 52 53  2 17 71 81 86 72 55 97  1 66 
85 15  3 47 19 11 45 63 31 86 33 71 32 84 66  7  7 17 43 32 
65 35 35 33 34 69  3 30 19 37 49 86 56 64 17 47 17 18 97 28 
45 94 29 60 86 87 45 70 65  4 11 83 27 82 11 72 36 20  1 35 
 6 97 34 26 93 16 54 94 71 11 79 71 10 52 11 69  1 64  7 47 
57 78 60 48 80 21 93  5 87 74 17 51 51 91 88 77 88 91  7 100 
24 74 46 19 82  8  2 32 63 55 71 63 35 88 97 24 40 86 92 56 
57 27 92 56 93 68 39 69 94 54 95 32 65 68 66 81 58 89 60 55 
53 75 95 84 33 32 23  5 99 27 22 46 58 96  6 24 47 77 76 28 
93 90 12 16  9 12 14 94 82 51 34  7 49 52  1 26 59 90 93 89 
77 21 71 72 28  5 100  2 36 32 22 87 32  2  2 97 80 19 66 67 
33 72  8 10 36  3  4 34 37 56 14 16 84 78 87 14 15 15 27 47 
71 38 29 50 85 54 33 52  9 82 36 81 46  5 46 55 13 87 92  4 
 1 10 48 28 67 38 90 82 30 50 15  2 98 46 49 47 58 33 14 71 
69 98 87 91 14 15  8 92 75 56 63 37 15 49  6 41 60 62 74 11 
13 57 96 41 27  8 63 62 10 11 22 86 19 82  1 29 28 94 37 30 
 7 23 85 19 50 73 26  2 59 47 20 100 36 92 31 36 25 59 23 22 
61 35 79 44 100 25 89 92 23 63 32 98 30 97 32 21 24 26 19 91 
50  3 91 85 82 97 67 82 17 40 41 31 86 10 44  8 30 85 43 91 
13 80 40 39 100 26 49 56 40 83 25 52 77 29 42 75  5 61 91 54 
34 95 48 25 42 47 14 25 13 55 48 90 30 13 79 21 78 66  6 20 
19  7 86 22 18 86 63 65 15 24 23 93 68 87 60 98 54 91 88 62 
12 70 48 97 72 46 18 74 20 99 71 60  6 26 49 45 55 86 54  1 
96 91 57 85 59  4 83 75 95 45  9 13 79 21 87 18 96 41 59 35 
57 46 25 14 24 78 66 73 82 80 26 53 18 80 37 46 96 74 90 63 
68 86 91 28  5 95 11 49 77 76 33 78 85  4 94 10 29 97 93  9 
21 77 42 61 96 55 15 77 79 88 84  1 99 32 13 77 26  5 58 78 
60 21 70 62 87 58 77 23 56 13 49 68 80  6 86 52 20 71 90 76 
54 52 32 87 31 17 16 78  9 97 68 99  1 72  7 41 90 49 36  9 
