10 200
 7 10 86 58 89 66  2 66 15 40 
55  3 27 61 26 34 65 98 69 77 
10 81 19 97 18  1 32 11 42 25 
16 11 38 100 21  5 49 100 59  1 
95 32 32 39 30 58  2 27 100 14 
37 50  4 70 70 70 93 19 76 29 
63 92 53 72 48 56 46 40  8 22 
63 78 92 84 65  2 69 93 65 96 
61 79 21 92 12 65 46 28 15 17 
21 15 95 78 16 37 45  4 16 19 
61 33 36  2  8  8 27 82  1 69 
70 24 27 76 58  2 99 24 30 28 
 6 59  1 84 40 22 26  5 22 11 
51 83 57 68 51 65 10 51 84 26 
20 13 39 34 100 53  7 20  6 84 
21 28 56 85 11 76  1 17 52 96 
16 38 80 33  9 62 92 74 91 94 
66 13 98 85 59  3  2 22 85 27 
 4 80 17 90 19 28 34 63  1 19 
28 98 33 68  1 98 57 51  8 57 
62 85 20 82 23 32 79 96 40 14 
52 72 58 11 79 34 90 14 89 56 
99 57 62 52 35 80 80 84 93  2 
57 64 66 66  3 51 16 74 80  7 
41 57  9 76 63  1 25  4 51  5 
87 28 23 41 15 41 27 32 26 14 
66 35 30 55 68 69 22 70 22 19 
32 88 48 70  9 48 43 25 58 45 
52 49 76 23 47 58 79 49 39 90 
51 70 22 25 20 68 90 58 54 91 
72 22 37 79 30 20 50 66 45 68 
55 96 83 44 96 44 11 79  4 29 
25 23 52 31 50 75 51 100 35 31 
73 21 31 92 71 13 39 35 46 12 
57 44 44 18 30 86 75 86 92 33 
25 94  6 72 40 52 25 14 61 19 
38 28 70 23 63 100 20 37 31 30 
43 77 72 39 63 84 78 51 69 26 
32 48 68 84 37 73 98 89 42 90 
92 20 53  7 11 79 48 48 95 93 
27 39 56 42 30 84 58 66 73  3 
40 45 100 30 12 42 19 24 59 68 
55  5  7 34 21 40 56 40 65 77 
14 30 19 54 34 75 63 44 46 34 
82 100 66 76 11 70 59  2 27 32 
 4 28 91 22 55 21 96 36 96  8 
72 18 61 76 25 58 25 72 55 89 
 8 45  4 91 69 23 95 94 29  6 
22  8 66 68 19 54 64 14 85 21 
12 24 97 62  3 83 37 22 78 23 
100 52 48 10 69 24 41 14  1 63 
72 15 46 29 100 59  8 41 58 16 
100 44 82 29 10 95 33 79 32 17 
 8 59 60 95 85 63 68  5 52 48 
93 67 88 84 17 100 11 43 83 87 
94 16 10 73  8 75 96 18 44 78 
85 89 45 35 85 18 69 15 43 42 
74 19 95 12 72 85 72 11 41 77 
88 55  8 88 19 52 38 35  1 22 
20 34 85 15 93 70 10 15 77 24 
68 80 48 86 23 11  9 78 85 27 
 1 97 11 63 41 58 19 26 17 49 
100 50 56  9 41 86 98 13 84  2 
67 26 91 66 23 93 22 61 43 74 
75 18 14 68 46 86 42 79  5 91 
30 61 60 28 23 93 90 15 80 35 
78 21 70 24 63 54 99 58 37 98 
64 16 50 33 41 97 32 96 16  9 
 9 79 74 25  6 95 42 32 93 42 
62 21 63 64 24 27 74 84 66 49 
100 41 15 46 75 95 43 56 45 54 
10 100 74 42 67  5 91 88 30 98 
62 23 18 56 60 73 97  2 60 15 
70 37 52 55 52 71 22 66 96 14 
78 56 59 85 41 81 27 65 16 99 
64 43 92 70 42  2 74 91 15 28 
17 25  8 86 31 43 19 27 64 61 
49 58 95  8 29 91 22 21 22 69 
87 21 57 26 18 16 49 14 81 27 
50 39 32 47 98  2 76 61 74 93 
46 36  5 65 58 80  1 63 98 57 
36 49 42 58  8 38 95 91 49 65 
94 79 67 78 42 28 74 90 26  6 
88 23 13 59 47 73  2 83 55 46 
57 23  2 92 21 14 76  5 61 60 
 8 49 36  9 36 43 64 59 47 79 
55 65 19 89 84 66 84 57 15 22 
 4 100 77  1 59 85 40  8 23 84 
18 27 66  5 46 97 70 51 18 23 
76 37 69 66 96 58 69 38  4 62 
 6 54 81 51 82 92 91 11 80 34 
70 55  2 88 47 66 31 12  1 18 
71 55 51 45 32 39 39  3 84 97 
46 91 10 50 98 58 96 19 77 75 
 9 32 39 47 67 39 63  8 80 63 
50 37 46 90 59 36 18 18 17 41 
75 30 12 40 89 91 32 24 86 18 
49 16 63  9 14 37 37  8 99 39 
14  8 58 24 77 71 19 27 12 40 
 5 81 92  3 50  6 25 100 77 25 
96 72 26 32  7 29 64 18 71 45 
27 12 51 20 65 96 52 80 89 15 
61 67 14 13 98 80 12 37 99 77 
44 86 36 17  3 18 31 50 40 77 
71 51 80 23 40 42 31 67 79 96 
88 17 84 46 21 87 83 32 95 52 
33 13 40 79 65 20 65 81 67 10 
45 65  4 13  3 69 46 48 18 47 
58 14 21 78 42 68 27 66 48  3 
100 87 93 55 74 18 81 62 90 20 
70 71 90 79 81 42 39 54 91 51 
35  4 25 33 32 64  5 96 71 15 
25 28 22 15 69 97  3 11 97 46 
64 54 75 69 90 42 44 59 100 97 
33 80 76 64 28 35 76 34 64  4 
61 31 39  7 81 15 69 55 39 53 
93 100 59 33 43  2 95 44 74 29 
56 42  5 96 85 45 27 86  6 81 
80 25 99 87 25 92 46 96 23 73 
 7 80 52  1 83 96 59  7 54 79 
 6 19 76  7 79 86 21  1 47 74 
50 44 38 78  4 79 47 81  1 73 
52  3 96 83 25 90  3 89 84  4 
60 88 61 38  4  9 30 64 16 60 
74 66 28 59 96 82  2 62 36 75 
66 61 30 49 66 86 52 90 53 88 
47 66 46 38 15 100 40 98 64 11 
85  2 83 65 90 95 50 21 13  1 
42 23 62 27 18 15 72 41 70  5 
89  1 81 90 53 60 77 69 90 36 
14 12  6 53 30 29 44 15 41 75 
20 99 58 79 69 95 48 65 33 48 
56 88  5 81 23 10 55 71 34 52 
81 22 27 53 74 65 71 99 16 40 
98 69 60 51 36 76 16 18  5 81 
13 45 88 69 84 46 69 73 35 15 
76 50 85 65 63 72 13 79 82 22 
47 24 19  3 46 58 63  9 35 66 
13 37 98 93 71  8  9 44 72 32 
22  1 18 50 92 43 58 58 12 58 
26 100 60 87 24 76  7 79 44 84 
38 98 71 22  6  3 56 40 84 29 
26 100 100 35 10  2 13 82 58 25 
91 39 62 77 55 53 46 64 21 48 
35 45 44 93 95 43 77 53 47 57 
97 47 83 49 69 99 51 82 87 34 
73 22 21 80 69 10 90  8  9 54 
92 36 51 89 33 18 22 12 19 27 
69 80 26  6 51 28 18 79 85 99 
74 38  4 69 30  7 99 61 56 70 
20 12 92 88 73  2 44 84 13 30 
98 10 72 56 49 45 50 19 27 52 
 3  7  8 48  4 33 97 76 43 64 
61 28 34  9 65 10 37 14  6 19 
57 20 72 83 66 20 79 60 87 15 
26 10 63 49 51 45 23 50 53  9 
99 32 83 47 72 57 33 13 59 71 
59 99 38 70 62 95 56 15 16 47 
86 79  2 23 54 68 37 29 33 75 
93 44 35  4 18  3 99 89 59 66 
54 24 33 47 11 84 53 56 82 74 
64  5 21 82 62 47 29 26 24 11 
12 25 36 61 52 50 82 54 57 17 
51 36  9 36 13 64 12  6 51 15 
93 72 41 38 51 52 45 87 19 41 
48 77  1 76 31 62 83 23 82 90 
 4 38 58 13 62 62 91  8 28 37 
39 31 37  9 95  2 19 35 10 33 
 2 82  3  2  4 57 58 84 53 17 
84 33 49 65 82 88 59 18 81 13 
54 82 36 64 72 34 81 45 88 60 
63 39 16 74 31 10 66 21 53 46 
84 25 34 30 59 41 100 31 79  1 
 8 61 92 13 27 93 71  2 11 41 
18 38 10 10  8 29 27 51 58 61 
84 16 54 28 61 46 18 46 48 67 
70 65 22 65  3 93 16 14 78 40 
83 94 10 58 67 42 63 40 54 37 
33 30 58 95  8 24 50 89 87 85 
31 52 58 51  3 18 91 27 16 69 
28 65 35 37 18 36 56 82 83 66 
69  2  3 66 93 93  2 26 13 28 
61  6 19 46 26  6 62 52 38 31 
97 73 65 70 27 100 45 98 89 73 
83 57 18 99  7 80 91 39 61 22 
43 19 36 93 98 16 88 82 16 46 
85 22 89 82 20 83 62 13 30 41 
52 67 61 27 97 40 70 84 45 48 
22 20 52 66 76 88 85 95 33 98 
77 98 22 13 28 63 99 86 76 62 
45 47 33 54 61  3 91 98 20 81 
91 100  2 23 82 59  9 21 52 10 
90  9 70 100 96 59 100 59 40  2 
18 61 44 77 85 67 35 33 29 85 
59 90 13 74 40 32 62 78 53 75 
44  1 35 82 75 83 61 30 63 66 
19  3 52 47 88 19 10 14 88 30 
96 51 45 91 19 66 91 59 15 32 
25 69 29 97 93 19 15 82 81 42 
43 50 57  8 29 100 19 40 61 11 
