10 100
58 30 87  3 100 19 73 86 55 43 
91 85 21 34 20 56 57 95 33 35 
50 28 91 87 77 33 93 68 60 62 
76 36 73 71  1 93 99 25 64 49 
72 32 17 53 54  9 81 70 44 44 
26 90 18 56 88 68 61 36 19 100 
 1 57 54 73 18 95 19 23 100 68 
61 77 19 25 72 82 77 53 61 57 
37 51 22 45 18 89 20 81 45 25 
83 27 50 57 23 48 11  2 85 85 
81 66 18 41 86 52 15  2 47 66 
26 13 17 21 22 84 83  7 40 34 
12 75 65 87 69 48 90 47 58 68 
92 94 100  3 81 44 76 35  1 12 
31 44 98 68  3 37 64  1 35 38 
80 85 27 96 77 95 30 70 57 83 
10 72  4 23 38 19 69 72 60 64 
69 43 47 81 36 35 32  6 16 35 
97 31 54 25 54 85 20 87 41 50 
 9 87 32 75 60 62 71 55 48 49 
48 82 12  8 41 38 60 27 95 41 
 9 28 36 43 60 38 83 92 47 98 
67 69 46 95 93 24 12 18 63 19 
20 10 49  4 72 44 30 53 18 79 
80 14 67 73 83 70 66 29 57 50 
71 65 35  5 46 65 38 24 31 30 
93  2 39 78 82  5  5 28 11 92 
 9  3 51 29 62 71  7 98 96 91 
82 29 84 16 74 50 34 87 88 26 
26 67 86 100 14  1 88 64 46 54 
16 88 10 41 61 98  6 91 93 16 
96 71 52 69 73 12 86 11 92 47 
 1 26 16 22 50 92  9  9 57 71 
71 79 79 43 31 80 29 62 52 24 
16 30 16 12 95 55 36 92 83 99 
80 14 21 98 84 46 84 20 42 76 
 3 83 52 42 12 25 77 84 67 85 
92 36 72 61 31 64 25 20 59 44 
25 59 56 64 99 16 46 98 48 77 
57 26 74 82 19 55  7 68 52 16 
29 63 92 72 76 23 11 36 44 68 
69 37  7 32 15 46  2 25 97 45 
43 95 71 98 47 75 69 49 46 94 
79 59 77 87 69  8  9 52 22 44 
100 83 99 73 60 92 11 29 52 57 
55 43 89 87 26 34 96 35 26 72 
59 70 33  6 22 22 76 30  3 100 
61 17 21 34 23 97 32 37 12 91 
95 98 54 14 32 42 98 64 16 70 
42 57 61  1 47 44  1 32 85  4 
74 66 51 66 17 63 99  9 33 42 
46  7 36 45 42 70  3 10 96 62 
22 40  7 65 37 35 19 54 40 24 
52 61 100 96 89 24 38 60 11 77 
68 55 78 73 94  7 45 80 78 98 
 1 36 49 31 79 84 94 12 81 34 
13 10 33 48 68 70 66 47 72  7 
31 35 92 43  9 66 70 86 12 49 
86 96 60 34 94 18  8 57 36 14 
79 43 55 44  1 48 76 26 40 86 
49 79 70 60 76 34 22 89  8 18 
63  4 81 75 95 100 91 24 51 91 
87 78 12 39 59  2 95 50 36 85 
77 39 70 17 19 56 80 79 90 28 
53 56 28 41 18 50 87 66 72 35 
13 50 26 43 48 51 88 12 34 36 
26 76 57 51 84 42 65 71 97 30 
90 26 37 68  1 82 66 78 80 86 
 7  7 96 20 76 16 51 41 62 17 
26 72 81 66 26 76 71  2 68 78 
74 69 19 32 23 99 66 57 50 57 
20 91 67 58 77 15 47 96 69 33 
36  4  8 66 97 54 12 100 78 28 
100 50 51 62  6 34 74 22  8 63 
57 80 18 50 26 26 93 28 15 83 
44  4 19 29 81 79 93 86 59 85 
59 84 19 57 17 88 42 38 42 42 
62 96 91 72 40 93 79 55 68 79 
85 63 18 42 14 44 85 92 74  2 
17 93 51  9 87 17 36 22 21 38 
42 38 16 65 10 11 42 73 62 45 
39 52 73 40 58 65 100 72 98 24 
61 88 48 70 100  9  4 13 31 89 
83  5 59 28 88 76 26 35 52 47 
57 53 43 73 75 13 23 35 89 32 
52 50 86 28 63 62  8 58 19 40 
90 24 43 61 51 66 34 56 52  3 
40 91 64 87 49 54 94 23 73 43 
25 97  5 95 49 28 87 41 21 91 
53 62 83 11 69 24 18  1 34 57 
72  5 100 60 52 69 78  5 16 23 
87 64 84 25 38 83 25 80 35 36 
12 98  9 46 65 24 82 76 13  7 
66 94  9 36 46 47 21 32 32 67 
51 38  1 70 34 100 85 59 82 84 
37 78 24  8 41  2  3 60 96 52 
99 91 97 11 24 53 55 15 68 35 
58 58 98 60 98 21 31  2 31 92 
50 84 25 30 30 39 59 16 25 23 
77  3  8 90 30 62 65 60 96 95 
