20 200
 8 23  2 25 13 96 84 54 72 77 54 18 86 50 27 35 34 29 23 12 
21 47 21 17 37 78 15 99  1 96 10 89 91 47  2 90 81 87  1  6 
18 93 20 57  1 12 90 83  6 80 45 42 86 39  1 23 36 75 87  5 
49 64 88 91 53 60 82 99  5 35 44 15 11 28 15 51 57 86 92 55 
61 80  5  2 11 58 58 77 10 27 11 23  4 67 32 73 79 81 83 25 
33 40 38 16 79 65 70 82 89  7 52 78 59 95 70 56 78 77 41 26 
 4 10 54 66  5 41 86 20 69 100 31 52 10 38 95  3 88 98 83  6 
12 51  9 43 65 66 48 94 13 63 73 18 63  7 82 33 47 90 93 69 
 2 73 72 32 95 47 48 10  6 54 36 53 31 41 63  1 57 75 36 61 
84 66 92 23 41 76 66 65 77 82 11 54 99 25 99  1 78 84 29 98 
32  7 98 69  7 71 85 35 41 63 52 86 59 39 66 82 28 14  5 27 
92  8 42 98 42 81 61 96 56 37 59 14 84 35  4 42 46 55 11 58 
24 39 18 86 91 22 52 75 24 74 67 27  8 82 16 88 28 32 22 78 
91 30  4 34 63  6 12 67  9 52  6 30 70 43  9 75 32 60 61 72 
47  4 74 39 63 18 32 51 35 62 55 93 43 61 60 81 86 56 12 82 
29 13 31 66 40  8 19 18 50 71 17 63 36 19 33  3 79 82 34 20 
85 23 80 23 86  4  9 55 38 25 19 60 28  6  1 80 13 20 100 21 
78 45 83 43 37 89 32 87  4 35 52 31 76 38 39 97 88 67 53 44 
78 43 61 52 20 48 89  6 72 89 92 66 38 52 91 36 52 44  8 52 
91 20 92 42  3 34  8 25 69 82 74 53 73 63 32 95 63 93 31 76 
23 83 26 19 59 16 13 98 42 75  8 89 13 70 46 74 88 49 78 66 
62 61 34 81 71 85 37 29 80 37 68 43 88 73 33 99  6 24 48 70 
58 76 65 66 79 85 80 72 35 38 13 21 65 73 86 28 59 45 46 43 
85 26 24  4 68  5 66 52 98 53 74  5  8 51 26 72  2 23 77  8 
 6 63 93 81 88 22 42 98  2 20 69 86  9 94 19 53  5 35 13 92 
45 91 30 97  4 30 91 17 28 22 28  9 96 79 62 77 62 30 23 94 
90 50 77 75 90 92 98 65 15 22 67 67 40 25 79 66 10 58 37 14 
16 14 90 78  4 70 38 55 35 97 11 43 76 79 33 62 45 69 24 22 
99 10 46  8 25 18 89  3  3  3 13 50 12 42 86 66 20 97 80 57 
82 15 40 40 75 24 67  4 22 49 98 98 61 28 23 92 50 51  1 100 
25 100 71 21 78 28 81 64 61 82 41 32  8 57 63 100  7 35 77 16 
69 57 62 47 21 20  4 87 55 91 64 28 21 95 19 58 86 48 38 48 
80 24 84 65 60 20 75 94 20 57 88 34 51 36 82 43 31 82 44 91 
 2 77 90 36 49 47 58 32 41  2 63 61 33  3 100 75 99 71 61 60 
91 68 58 56 59 53 54 23 35 10 50 78 55  8 98  7 30 71 72 33 
83 51 75 52 12 42 58 10 12 14 92 61 30 49 31 23 76 86 14 75 
 9 13 68 35 74 77  2 43 46 37 12 100 99 37 58 46 78 100 46 87 
65  6 34 68  7 57 69 94 30 42 48 72 88 89 40 75 69 32 38 10 
20 40 64 91 95 52 89 58 13  7 63 61 38  2 48 33 56 72 62 35 
38  6 58 59 16 69 43 29 10 51 14 83 83 45 24 61  9 65 88  6 
66 82 49 37 79 74 100 28 44 82 33 60 68 74 25 35 31 62 65 29 
34 47 37 68 54 49 44 62 13  4 53 55 66 23 73 39 92 39  3 21 
 6 94  8 78 35 83 68 20 51 12  8 38 28 35 20 79 17 65 69 32 
72 28 87 42 41 60 30 45 46  1  3  4 71 55 51 64 64 95 100 96 
35 27 21 30 37 70 91 40 90 97 84 95 58  1 38 20 69 37 55  1 
80 73 81 51 53  5 100 19 87 55 30 91 97 35 59  4 25 94 61 23 
20 97 29 80 97 43  9 57 66 43 46 84 25 41 58 89 61 88 87 65 
16 83 76 17 52 23 29 11 27 46 68 49 38 73 78 61 37 39 61 11 
51 43  2 100 49 64 67 14 20 59 17  1 85 61 14 57 75 94 51 86 
28 49 11  8 55 36 75 16 72 21 41  8 84 16 64 42 50 82 93 84 
36  4 99 52 27 74  8 60 80 14 100 63 83 14 94 70 94 58 85 63 
84  8 92 87 91 50 95 84 24 44 43  2 90 95 53 29 35 43 100 94 
98 15 32 62 100  6 100 86 23 56 87 73 58 47  1  1 44 15 34 64 
30  9 71 59 77 77 27 62 42  2 91 93 10 82 82 55 82 91 98 55 
24  3 65 53 48  9 49 86 46 52 67 87 42 60 20 61 89 51 82 73 
 4 83 53  3 67 56 61 15 55 53 72 34 31 30 64 42 21  1 97 85 
21 97 28 35  3 50 56 76 40 22 17 57 68 66 80 36 48 33  2 92 
 8 53 37 89 89  6 85  6 85 68 24 63 74 34 24 59 64  9  8  4 
58 14 74 11 90 80 53 32 74 27 71 48 46  8 21 61  9 32 75 47 
56 45  1 95  5 12  2 35 28  5 80 17 53 24 93 81 81 97 27 77 
93 66 100  1 34 71 24 14 17 47 34 32 16 84 28 28 89 50 12 12 
 2 42 86 18 72 51 42 58 52 97 73 42 85 27 97 42 42  2 68 98 
 5 28 52 38 66 61 49 58 59 67 64 58 58 62  7 18 87  8 39 43 
87 55 83 96 68 25  3 43 86  9 87 80 99 64 97  6 87 61 52  1 
36 42 52 63  3 74 41 55 51 67 49 30 19  2 16 54 55 37 56 23 
39 57  6 93 61 81 86 50 60 28 53  3 49  8 34  1 83 27 14 33 
63 31 73 64 62 77 25 40 53 18 20 87  7 65  8 66 97 14 88 76 
33 71 69 87 21  4 49 63 96 19 83 64 51  6 38 46  5 100 65  6 
59 18 62  9 22 86 69 72 58 19 51 32 22 67 11 36 84 84 52 84 
90 59 99 34 28 71 85 52 74 15 40 48  1  2 22 62 50  2 32 16 
41 96 40 49 59 84  2 15 26 100  6 86 80 31 32 89 100 17  8 38 
22 77 14 100 44 79 78 52 47 41 96 68 11 68 100 80 79 22 78 58 
93 48 97 28 13  4 32 51 26 36 12 15 35 18 52  1 31 16 27 17 
78 30 31 66  7 78 86 90 28 45 38 94 28 71 97 42 88 40 58 76 
17  1 21 19 94 19 84 14 72 56  7 23 38 38 76 90 37 38 78 16 
39 21 73 33 11 28 63 21 68 57 28 49 75 27 33 60 69 29 15  8 
44 65 17 41 77 79 37  8 74  9 39 36 82 95 66 95 15  3 79 22 
43 26 15 77 29 100 90 37 27 78 89 10 59 56 25 66 38 87  1 92 
46  4 74 19 66 50 67 16 62 25 82 34 46 88 65 57 85 42 41 41 
43 96 12 86 66 17 47 31 42 95 49 16 16 65 78 37 37 86 31 88 
 1 79 12  6 29 79 97 98 56 53 64 43 96 34 43 39  8 45 56 50 
95 90 81 91 79 90 72 86  9 65 29 69 55 50 100 23 21 39 39 17 
90 12 63 76 16 31 18 50 50 40 15 36 80 21 88 41 89 69 66  6 
21 16 61 70 13 62 78 77 84 29 81 42 25 78 35 66 59 82 15 59 
36 87 87 33 64 71 40 88 81 43 97 87 36  4  7 99 80 98 49 40 
59 71  6 85  3 37 99 37 17 77 76 21 45 26 99 38 34 88 83 22 
70 63 62 51 10 62 39 73 18 26  2 20 84 21 41 79 75 46 17  1 
79 19 16 29 22 19 12 68 18 81 53 45 51 16 28  7 74 70 38 17 
89 17 96 38 87 69 18 45 25 80 80 25 17 42 69  6 39 66  5 67 
 7  1 31 12 100  3 58 33 99 97 23 23 44 75 30 27 85 33 96 60 
 8 38 42 13 80 99 57 89 33 23 71 57 48 15 46 97 40 79 76 31 
61 39 71 69 39 83 38 66 96 90  3  8  1 50 45 23 27 57 79 72 
51  6 70 94 65 32 18 69 29 41 98 32 48 41 51 57 60 18 71  3 
 9 93 89 67 53 70 69  8 60 38 26  4 88 35 64 31 70 73 11 83 
15 71 20 99 86 84 28 40  7 42 77 12 55 68 63 41 58 39 78 95 
29 64 62 81 28 31 22 88 43 96 88 92 55 95 80 86 10  6 24 99 
73 19 77 32 32 70 94 97 77 88 89 94  7 95 40 80 20 60 10 36 
62 24 49 45 91 80  8 18 15 62 100  4 96 93 69 71 69 100 89 18 
24 84 50 94 91 42 91 69 95  3 76 86 50 88 72 59 15 77 38 62 
26 45 19 96  8 86 67 32 16 88 26 72 72 67 72 96  4 14 26 55 
16 20 65 25 59 49 19  7 24 34 50 56 10 67 46 99 88 51 16 88 
40 99 90  2  1 66 64 69 32 61  1 65 58 40 97 78 80 65 27 65 
31 87 59 52 74  1 20 69  7  6 23 26 36  2 62 37 44  7 75 63 
79  9 63 97 21 35 21 71 81  5 20 77 86 68 24 93 29 95 97 45 
27 34 35 65 64 100 11 62 94 69 72 33 32 56 59 36 29 61 98  7 
73 84  9 80 44 37 67 22 60 49 78 54 24 64 20 100 57 29 41 55 
36 99 30 52 45 99 81 10 32  6 60 14 33 83 64 51 83  6 90 67 
74 68 33 71  7 25 75 33 45 87 60 68 13  1  6 88 30 40 42  1 
78 58 38 83 71 63 25  8  2  2 81 56 75 39 12 64 31 24 22 59 
10 13 59 23 22 34 35  7 29 85  8 82  3 94  7 51 86  6 10 67 
87 33 99 19 47 58 27 44 89 96 61 49 51 28 76 59 77  7 33 92 
69 13 85 90 37 37 61 93 54  5 64 97 81 30 54 72 18 94 90 33 
12 12 67 70 59 42 84 23 98 11 31 89 12 82  7 73 34 50 92 86 
47 25 48 35 92 91 49 94  8 33 86 15 13 57 99 75 50  1 42 33 
100 63 44 38 40 13 57  4 91 71  8 89 28 45 57 91 20 37 44 99 
50 98 58 72 97 55 22 26 39 68 43 84 21 20 26 45 62 15 15 12 
98 13 60 61 32 40 34 22 73 53 83 23 26 51 93 53 51 87 77 70 
62 73 100 34  9 80 19 46 71 68 94 81 42 13 34 32 29 29 85 48 
41 90 26 63  6 30 80 19 91 18 67 74  3 70 50 91 38 75  2 78 
47 54 22 73 89 50 91 25 100 76  1 76 50 72 19 17 78 94 92 13 
82 28 72 15 85 67 65 59 60 81 97 15 70 71 50 88  1 91 47 57 
88 35 48 36 82 93 98 57 67 52  8 45 91 24 13 23 25 87 55 18 
54 80 79 28 48 18 87 18 93 70 64 63 71 93 21 97 55  6 40 71 
55 74 56 74 95 73 14 39 94 95 93 24 28  7 80 95 36 48 46  4 
29 91 98 96  2 70 84 24 55 97 25 44 20 39 35 100 82 36 80 62 
74 28 72 43 17 97 91 40 75 63 58 84 25 81 37 13 35 40 36 62 
43 39 97 91 32 28 55 76 89 14 27 64 69  9 93 25 37 19 24 50 
 5 31 76 30 75 69 27 62 71 62 82 74 43 73 67 79 20 12 78 99 
 4 73 52 80 98 26 54 93 23 40 51  7 20 57 76 83 70 99 75 76 
23  7 81 73 65 58 18  5 75 54  4 39 18 77 67 81  7 64 74 33 
28 21 85 80 68 58 95 76 96 44 97 84 95 48 89 13 40 85 91 79 
78 85  4 40 77 47 16 47 55 57 64 88 56 10 15 67 89  5 99 38 
86  5 18 33 37 91 29  7 58 23 91 34  2 43 63 88  1  8 13 71 
70 86 21  1 52 46 76 93 95 98 59  2 22  7  4 59 32 32 41 38 
77 57 56 68 51 12 14  2 15 25 65 52 65 100 59 38 79 15 21 98 
12 96  6 26 22 72 10 15 46 66 74 18 72 49  9 44 88 90 75 25 
68 60 36 46  8 22 53 37 39 79 23 56 98 94 49 85  1 40 44 98 
59 92 32  7  2 77  6 46 51 90 57 99 14 22 44 15  9 32 42 52 
18 67 77 53 35 45 100 88 90 34 61 54 26 96 44 37 38 49 25 69 
96 72 86 70 67 88 55 30 58 61 55 21 91 20 23 31 96 42 90 65 
54  9 58 16 92 89 23 87 48 60  9 81 48 35 70 73 46 37 44 45 
91  4 59 77  9 24  8 11 32 64 29 50 55 25 76 94 32 53 70 26 
51 100 67  6 26 72 17 45 81 58 87 85  4 44 49 22 92 36 74 48 
50  8 81 67 12 28 53 39 27 63 69 13 22 54 99 76 29 79 52 43 
34  6 65 61 19 43  1 69 63 58 80 67 53 67 22 89 13 14 20 56 
81 65 45 22 95 57  7 52 83 82 85 72 100 41 96 35 100 83 10 69 
95 85 10 48 78 93  5 37 86 40 24 29 92 72 22 86 56  6 27 36 
15 82 12 91 21 97 10 26 21 76 94 34 86 17 14 52 79 71 16 27 
13  1 16 77 100 63 53 65 99 64  9 11 16  5 66  6 79 62 46 96 
10  9 65 49  9 69 76  6 47 22 38 97 99 83  9 94 72 60 57 91 
13 95 97 31 77 81 71  6 72 34 55  6 98 56 78 37 54 56 47 93 
49 11 27  1 16 29 94 80 69 30 17 85  4 58 26 70 89 14 58 76 
31 96 47 87 46 38 45 42 88 12 11  1 31 58 59 24 75 67 31 93 
19 87 95 80 79 33 56 76 38 77 19 81 96 24  1 50  7 99 15  3 
91 97 98 23 90 42 56 26 34 27  3 25 84 69 50 40 76 62 34 81 
22 28 26 35 69 91 19 75 65 82 20 36 62 59 33 57 72 34 21 89 
42 81 62  4 39 17 50 42 56 52 58 94 86 15 65 11 47 19 77 92 
68 44 42 18 95 24 51 23  6 55 95  2  8  2 48  6 71 71 41 44 
100 54 76 51 56 88 68 30 51 44 40 68 89  2 20 64 44 48 78 75 
87 31 73 65 95 97  1 30 48 84 94 15 27 18 21 47 64  1 65  9 
99 52  8 19 23  2 53 61 94 77 19  9 89 29 75 53 31 18  5 85 
88 47 100 68 100 11 78 96 94  7  7 49 37 42 48 28 78 48 11 20 
75 62 80 97 52 33 13 51 25 71 80 71 67 97 71 60 98 59 29 57 
77  1 68 47 75 99 26 86 56 58 81 94 54  3 93 69 14 48 66 21 
72 87 91 76 13 82 73 79 60 39 96 23 99 15 55 52 49  7 86 30 
69 11 17  3 70 16 58 44  7  5 50 71 45 45 65 17 82 63 71 37 
50 34 34 18 20 72 36 40 57 92 47 38  5 41 56 11 21 87 48 42 
12 43 75 89 94 72 53  5 97 54 45 62 73 49  9 24 38 39 72 85 
 8 68 89 11 95 59 72 62 43 92 67 93 56 81 58 73 48 68 88 15 
48 72 14 83 100 96 82 34  8 51 12 56 59 16 61 28 82 27 95 53 
12  4 86 63 31 42 81 28 17 32 62 82 10 82  2 45 52 70  2 41 
62  2  9 82 35 39 46 69 14 67 11 66 22 48 80 74 55 83 81 51 
62 53 58 53 67 88 95 88 32 99 70 99 66 72 53 28 92  3 28 37 
34 85 60 17 44 75 97 92 49 76 94 50 10 50 41 17 58 11 39 43 
70 71 44  3 38 93 54 44 18 56 28 44 100 18 25 13 49 64 59 42 
24 21 25 65 79 75 35 96 28 20 53 40 13 70 100 79 21 30 17 37 
38 27 94 40 59 14 53 76 59 72 13  6 43 43 78  3 86 62 99 80 
77 34 100 45 36 59  6 72 17 78 14 15  2 67 28  4 35 51 47 43 
72 48 50 91 22 56  4 73 39 54 11 50 11 74 58 31 90 34 93 63 
33 26 53 28 91 46 65 68 84 30 43 51 31 21 89 67 79 77 55 41 
31 42 28 12 58 69 53 65 52 94 20 15 33 28 78 92  1 99 49 89 
 6 59  9 46 64 68 91 96 64 28 10  6 11 54 63 11 49 88 44 86 
41 50 10  9  9 39 32 22  9 88 51 37 44 43 14 85 13 69 80 37 
18  1 77 79 79 22 39 28 74 12 49 55 20 75 96 83 69 66 23 21 
69 44 72 32 34 79 89  6 100 32 17  7 25 65  8 65 60 95 75 45 
18 79 79 96 85 69 12 23 67 77 11  2 83 76  5 50 76 96 48 76 
69 74 53  8  7 69 47 19  3 96 76 86 57 50 19 50 11 63 90 88 
94 67  7 68  2 52 82 84 88 65 58 71 26 67 85 10 41 41 37 24 
56 47  7 74 35 51 19 18 91 19 78  7 19 32 100 47 83  1 49 80 
77 80 67 41 84 76 76  6  1 25 13  4 48 83 18 12 33 60 47 58 
95 12 31 51 83 56 28 62 96 11 72 41 78 32 75 31 26 12 72 52 
20 15 15 96 48 14 92 74 37 13  9 76 95 32 11 12 32 44  6 94 
60 51 73 39 17 67 59 26 44 57 29 100 25  8  5 33 86 29 33 44 
 6  9 60 45 32 35 73 15 33 94 18 53 71 12 88 37 36  8 88 97 
57 54 80 71 21 36  8 96 58 26  6 89 74 41 29 52 17 68 51  7 
91 87 11 38 35 90 63 78 61 51 54  3  2  6 40 92 39 95 23 67 
87 18  3 97 78 93 63 50 16 70 42 18 36 31 74  2 57  7 28 12 
40 83  5 57 37 10 95 10 84 48  1  7 86 65 33 24 79  5  7  7 
61 96 21 44 73 54 53 40 33 96 80 27 12 89 100 58 15 66 70 83 
30 78 94 65 88 97 51 78 16 86  8  2 84 20  3 67 27 93 92 85 
