20 20
29 26 70 69 24 90 61 85 40 20 58 38 61 77  6  1 89 47 23 51 
94 20 64  5 89 65 10 44 72  6 31 66 100 76 23 87 60 43 63 74 
63 23 82  9 48 85 26 44 85 23 100 16 68 86  7 87 11 86 62 24 
17 11 50 55 70 90 87  1 44 27 19 80 70 100 65 31 79 30 54 66 
57 50 17 47 20 73 85 36 52 72 41 55 32 68 66 35 74 55 43 88 
58 13  2 81 97 25  6 12 81 16 39 87 63 17 96  2 94 84 48 12 
 1 11 10 43 56 59 93 91 95 16 90 77 95 45 19 43 41 29 36 98 
86  1 41 13 64 89  4 89 12 76 99 55 52 47 77 60  4 96 14 45 
24 93 57 36 13 32 41 57 62 28 91  1 66  4 66 85 26 88 83 42 
80  3 97 69 100 38 57 27 29 52 75 94 93 55 48 22 81 34 18 15 
 4 100 12 31 57 88 74 83 14 52  2 16 42 75 69 16 82 54 59 25 
100 61 45 71 62 30 40 96 100 99 97 59 52 80 62  2 22 41  5 61 
32 50 12 43 31 87 65 24 32 71 31 77 79  5 12 91 82 87 14  1 
88 40 76 58 42 34 38 48 88 97 53 91 41 56  6 38 71 63 26 57 
57 48 75 93 20 37 67 60 95 20 61  7 82 45 29 67 89  1 64 33 
 4 91 89 97 99 33 26 90 53 35 19 82 75  5 36 52 10 87 81 89 
92 58  7 81 42 78 60 24 35 86 96 51 19 29  1  8 22 31 65 21 
58 89 61 62 97 27 57 20 95 55 97 22 32 39 81 55  6 94 46  3 
58 68 52 60 81 71 67 96 97 16 51 80 23 98 30  3 37  6 66 21 
50 98 72 78 28 51 34 64 11 100 91 93 56 43  8 84 63 46 92  4 
