10 50
 4 30 85 81 98 11 77 56 33 30 
21 25  5 48 22 30 19 60 57 97 
97 39 24 58 73 78  1 89  6 26 
25 26 75 81 92 98  6 86 50 60 
36 100 38 27 83 77 70 73 23 49 
55 85 12 37 49 100 25 22 66 52 
66 20 48 38  8  6  5 83 31 87 
19 90 87  6 93 50 63 75 35 28 
86  8 99 14 48 78 95  1 35 38 
88 41 26 61 10 52 86 89 17 67 
 8 68 28 67 68 14 100 84 49 86 
65 69  4 45 67 20 65 78 11 37 
33 58 80 65 87  4 80 32  4 97 
15 95 11 46 19 59 31 83 66 67 
 2 57 83 92 23 87 42 76 46  1 
47 49 54 42 43 100 92 28 40 85 
47 41  9 90 27 58 93 45 48 78 
15 36 83 25 14  8 51 30 86 34 
80 40 84 64 14 43 67 48 86 90 
98 33 46 54 80 83 91 79 32 29 
83 73 52 81 28 50 64 33 51 44 
70 84 26 69 31 40 77 75 85 20 
29 72 55 65  1  2 90 22 85 21 
76 71 51 62 39 70 79 87 33 83 
77 69 73 18 27 94 54  9 54 86 
63 36  1 92 29 80 100 29 44 51 
 2  6 53 32 69 27 86 87 53 51 
30 94  3 18 19 78 91  4 23 32 
41 34 42 52 85 17 54 72 72  5 
 1 98  9 49 66 67 77 94  4 21 
50  4 42 79  1 95 17 71 38 18 
28 27 97 95 36 99 92 39 29 22 
 2 12 22 13 19 77 47 20  1 29 
46 94 68 71 83 11 27  6 29 76 
63 62 98  4 34 39 79 89 95 73 
93 52 26  3 74 58 60 19 94 94 
 7  2 51 60 70 35 53 15 92 91 
74 82 72 16 85 75 82 98 92 36 
72 72 55 93 32 35 47 73 55 98 
30 88  8 94 20 29 30 98 56 45 
14 45 78  9 15 29 55 69 75 78 
73 75 64 54  4 56 83 90 76 97 
96 77 87 42 95 15 12 62 81 74 
26 75 98 30 90 47 59 21 20 74 
99 30 17 99 68  6 29 88 31  9 
69 54 44 17 95 80 83 51  5 93 
35 62 29 14 23 32 87 81 76 27 
94 25 68 34 37 11 78 54  2 92 
 1 52 55 78 21 39 77 68 66 45 
67 40 17 81 15 89 28 53 23 85 
