5 100
94 92 38 41 20 
74 53 28  3 69 
18 68 54 57 74 
93 18 79 53 11 
91 97 88 52 15 
18  9 86 17 78 
11 26 14 94 20 
 3 71 16 83 93 
13 81 47 53 15 
73  4 23 62 36 
48 41 60 53 45 
20 80  2 46 55 
36 30 100 77 49 
98 71 100 33 40 
47 41 51 61  5 
44 71 47 89 36 
80 38 36 14 57 
90 79 55 88  9 
87 70 33 15  1 
32 95 25 42 81 
25 34 19  4 59 
49 60 55 52 86 
97 72 41 27 13 
41 34 27 52 31 
62 52 15 37 69 
 1 14 54 76 23 
67 94 63 11 59 
78 63 84 18 83 
96  3 26 75 23 
67 96 14 80 97 
15 21 52 30 61 
76 80 92 90 74 
99 20 11 33 35 
80 83 57 47 21 
71  3 90 22 19 
99 35 17 77 83 
23 66 75 55  5 
40 62 52 13 61 
14  1 44 86 70 
25 93 52 91 43 
44 42 59  9 14 
71 63  8 58  8 
20 98 43 65 48 
63 86 30 64 17 
19 58 60 95 56 
15 35 49 90 34 
76 19 10  5 12 
54 74 22 26 72 
20 67 46 39 96 
89  1 92 95 88 
76 79 85 38 73 
28 83 11 12 93 
35 12 68  9 11 
59 56 17 100 36 
 7 53 44 77 51 
13 28 54 64 11 
59 32 95 100 91 
 7 68 74 33 65 
23 100 99 50 84 
33  8 29 77 33 
45  1 67 78 38 
67 83 94 75 23 
71 50 57 19 91 
28 67 59 77 38 
74 57 92 86 86 
43 13 28 13  7 
21 85 62 86 16 
29 18 80 63 92 
54  8 62 59 47 
94 81 39 11 80 
49 77 77 56 95 
 1 85 42 95 47 
14 99 70 33 42 
12 98 96 75 51 
97 16 56 65 22 
44 27 98 84  8 
24 78 46 40 87 
30 50 55 34 59 
92 30 16 88 28 
66 67 34 23 76 
13 29 52 61 41 
73 76 66 29 54 
14 42 10  7 31 
65 98 86 63 60 
100 21 19 21 35 
100 56 22 63 80 
80 58 75 18 39 
18 38 57 37 21 
72 40 57 74 18 
39 87 27 52 42 
80 79 17  3 82 
11 38 54 27 16 
89 88 62 86 28 
30 31 77 12 96 
83 93 93 48 90 
14 41 65 81 65 
30 15 30 51 50 
 3 12 23 55 35 
74 51 43 47 85 
31  7 99 81 12 
