20 50
26 100 37 76 39 88 95 68 11 41 71 68  8 69 34 70 33 42 68 46 
 9 29 76 64  6 26 23 16 62 48 91 38 81 97 31 14 68 63 12 57 
47 18 20 21 22 75 26 25 18 16 12 51 54 88 53 29 41 23 23 71 
80 15 52 95 99 38 83 51  1 83 47 84 94 35 38 92 48 63 75 36 
75 37 98 78 48 32 71 22 58 11 19 73  7 44 27 53 47 58 82 77 
16 85 43 99 52 26 66 39 59 65 26 53 98 84 74 81 52 60  7 27 
81 90 58 43 89 20 19 68 99 77 89  1 51 73 32  1  5 57 61 45 
45 76 96 17 42 23 63 18  1 48 38 85 31  6 37 98 91 100 39 78 
51 14 94 88 31 38 33 57 34 29 25 62 39 48  3 41 38 48 20 90 
40 47 73 91 25 88 58 32 20 33 11 61 33 19 25 31 20 15  4 63 
44 10 83 67 98 31 57 21 30 48 86 18  5 76 29 70 54 70 69 82 
87 84 22 64 95 88 89 64  1  7 57 31 12 99 17 15 82 78 21  6 
10 31 38 58 21 67 39 36 53 11 44 51 45 33 39 55 15 37 65 32 
28 35 49 97 19 96 28 33 83 52 62  8 36 21 22  2 74 96 56 86 
46 59  6 69 96 36 23 19 44  2 75  6  6 60 47 70 89 61 16 35 
61 70 77 90 24 16 41 11  8 43 39 26 79 39  8 69 32 84  5 73 
49 47 70 95  9 32 13 73 35 20 56 30 29 24 99 54 20 39 64 53 
82 35 24 33 64 63 46 35 71 46 11 32 56  8 15 80  8 68 74 67 
43 17 10  8 14 14 100 74 21 73 86 47  8 91  9 16 16  3 70 96 
46 42 21 20 51 13 93 79 47 33 92 64 94 55 21 27 30 86 46 98 
25 29 55 86 67 14 90 95 88 65 46 18 55 27 50 57 18 37 48 22 
56 96 90 52 45 11 50 51 25 73 66 68 80 26 22 49  9 57 88 81 
84 95 66 91 50 92 91 37 67 72 70 100 84 62 96 63  9 99 67 55 
35 40 53 67 10 91 21 37 11 59 72 55 40 99  9  6 30 65 67 46 
76 15 76 75  7  2 60 56 16 45 25 17 84 76 49 65 57 80 55 90 
10 46 80 11 32 48 44 53 73 40 78 80 76 12 97 78 96  1 20 92 
50 64 38 17 94 78 95 96 15 78 78 25 46 36 66 52 74 45 58 61 
 1  7 51 76 40 55  9 71 43 72 50 71 32 11 41 85 60 83 71 39 
19 82 44 78 17 88 46 83 94 37 43 77 11 24 34 91 42 75 80  3 
81 100 44 31 22 84 37 72 74 35 28 31 32 53 25 87 25 92 19 78 
51 98 63 43 44 10 42 98 18 30 63 74  1 38 30 23 70 65 59 72 
63 100  2 43 43 22 35 34 38 89 63 28 96 42 19 56 45 58 18 65 
95 100 63 99 70 26 47 10 97 30 20 35 67 27 48 18 64 27 10 39 
63 16 49 50 100 56 97 90 49 99 23 28 77 31 50 89 65 68 27  8 
61 31  9 79 13 47 91  3 86 27 10 81 30 82 53 15 28 23 52 63 
65 93  3  2 57 35  5 18 53 61  1 53 50 15 15 41 42 97 81  4 
87 83 40 21 52 67 45 37  8 20 96 16 65 63 90 100 59 73 14 63 
92  1 77 11 86 12  3 29 47  4  3 70 13 56 42 81 72 79 66 23 
 1 26 31 23 15  5 87 49 12 16 54 53 70 58 57 89 70 82 84 76 
59 37 74 52 89 15  1 44 53 78 61  2 30  6 24 25 12 100 63 25 
48 32 76 25 51 34 27 77 52 44 11 96 29 49 14 98 51 76 11 60 
 8 66 82 35 88 36 81 79 34 35 70  3 97 57  6 93  3 14 16 64 
78 67 59 92 29 40 91 75 91 37 79 93 87 64 55 11 55 75 16 87 
22 78 25 83 47 35 32  7 61  8 83 70 89  1 12 64 29 73 75  2 
20 94 34 87 38 93 81 13 52  2  6 28 27 22 95 54  5 17 80 95 
79 15 29 20 84 68 65 63 81 100 67 13 11 30  6 52 33 29 91 52 
46 11 40 57 76  3 25 93 47 16 42 50 19 97 78 57 69 38  4 31 
29 13 68 40 99 99 55  1 53 78 12 99 38 72 91 84 63 100 37 35 
50 30 93 80 74 98  6 49 17 100 89 18 90 14 11 77 100 19 19 94 
43 73 65 90 56 87 24 59 11 16 89 66 89 25 43 21 81 93  7 88 
