2 100
64  2 
95  6 
83 97 
93 26 
 3 83 
37 98 
 9 26 
90 50 
56 92 
68 41 
62 39 
12 85 
32 34 
83 63 
76 17 
91 43 
42 45 
11 25 
31 13 
12 21 
70 89 
78 71 
76 100 
79 63 
35 64 
47 51 
25 30 
63 55 
23 64 
86 71 
77 68 
60 74 
45 50 
61 87 
74 79 
41 52 
61 71 
57 94 
49 10 
22 69 
83 18 
92 85 
32 52 
55 28 
90  5 
 7 41 
19 16 
71  7 
70 35 
33 85 
10 33 
76 63 
11  2 
 5 10 
28  5 
86 85 
20 40 
58 48 
30 69 
95 33 
20 18 
50 10 
55 76 
69  7 
 4  7 
63 24 
43 53 
88 60 
99 64 
 2 52 
86 95 
97 10 
 8 15 
83 62 
43  4 
 3 19 
 4 60 
88 53 
80  8 
24 78 
76  2 
43 76 
100 76 
39 72 
75  6 
33 63 
35 59 
 6 63 
35 85 
88 54 
88 15 
55 64 
42 97 
81  9 
44 29 
46 55 
18 81 
 3  9 
87 76 
55 25 
