2 100
33  2 
84 31 
79 91 
76 63 
28 78 
61 98 
64 81 
26 56 
55 22 
63 84 
78 81 
99 65 
43 27 
74 29 
58 13 
84  5 
90 56 
67 85 
85 63 
75 20 
89  9 
53 97 
52  4 
 1 46 
56 47 
35 87 
19 39 
11 69 
38 43 
14 69 
14 59 
41 43 
53 24 
54 56 
72  6 
86 81 
40 95 
 3 22 
84 23 
34 44 
45  7 
12  8 
78 66 
 8 81 
50 69 
13 92 
66 100 
52 53 
53 33 
22  2 
 8 12 
19 50 
86 22 
78  5 
54 21 
77 10 
67 71 
56  6 
45 17 
15 94 
58 25 
73 49 
67  7 
22 71 
88  5 
 9 43 
85 24 
12 97 
57 75 
47 23 
69 74 
46 58 
18 16 
44 52 
96 22 
100 86 
61 92 
100 22 
93 96 
30 45 
17 36 
24 86 
88 69 
33 38 
83 71 
10 41 
79 48 
83 72 
 9 50 
81 20 
18 66 
93 10 
84 52 
100 46 
10 55 
65 82 
41 98 
27 96 
40 67 
 6 60 
