5 100
 4 99  2 30 90 
19 33 70 34 22 
67 47 61 99 40 
96 38 75 67 13 
 7 37 93 22 21 
 8 45 10 71 89 
85 36 83 26 100 
80 76 51 38 42 
84 68 64 11 28 
20 95 69 32 61 
71 18 37 23 99 
17 57 21 59 90 
15 19  3 72 14 
 7 100 42 54 64 
28 30 99 31 67 
15 42 94  5 12 
29 82 70 96 11 
81 77 97 54 19 
10 97 67 47 30 
52 38 85 36  8 
77 99 52 52 62 
67 26 58  3 22 
41 39 53  7 37 
97 69  4 97 87 
 6 19 77 14 33 
96 15 20 70  1 
84  3 100 70 86 
100 16 42 85 28 
64  6 78 66 13 
53 39 74 11 18 
88 99 74 24  6 
83 87 27 29 33 
37 93 11 76 21 
21  2 43 59 36 
23 33 53 57 78 
56 49 68 45 16 
44 99 35 37 16 
31 61 36 10 83 
20  6 97 94 77 
19 94 37 15 54 
90 51 85 85 91 
74  6 24 56  6 
13 85 85 72 90 
 6 14 51 65 96 
27 61 87 87 65 
55 29 19 53 16 
10 29 46 93  3 
33 20 15 50 100 
86 31 30 15 41 
 4 12 81  3 76 
81 12 20 14 90 
20 42 27 37 22 
54 19 83 54 73 
97 45 56 70 60 
63  8 27 59 74 
24 43 66 41 50 
48 26 54 97 25 
16 78 94 53 33 
38 96 13 20 96 
45 67 31 22  1 
72 99 38 57 89 
96 11 78  5 92 
11  5 47 91 91 
96 97 32 88 96 
63 54 97 45 45 
31 34 39 32 92 
24 92 67 55 89 
13 85 29 25 10 
 6  7 12 16 79 
43 61 52 75 59 
53 68 52 89 55 
38 74 87 20 45 
67 76 61 16 69 
24 55 76 25 45 
89 25 76 27 57 
61  7 21  7 93 
58 24 83 42 78 
52 54 97 30  1 
14 77 86 91 83 
49 91 93 12 42 
60 57 16 85 70 
10 25 83 62 11 
53 21 86 50 87 
94 86  7 57  3 
26 93 52 27 35 
73 78 16 92 19 
70 86 97 11 89 
10 75  5 80 91 
 7 28 80 14 13 
92 26  8 70 58 
17 23 86 30 67 
42  4 88 79 13 
60 92 42 100 38 
 1 64 37 25 74 
95 57 10 69 95 
72 44 69 89 91 
32 44 98 34 98 
53 25 69  4 66 
 3 44  9 34 81 
24 90 70 29 18 
