2 200
30 27 
49 40 
 4 22 
40  1 
16 62 
 7 31 
28 59 
63 36 
66 30 
47 91 
39 89 
20 16 
73 47 
50 13 
100 99 
60 97 
92 59 
51  8 
46 13 
46 75 
40  4 
72 83 
45 14 
 9 48 
 7 69 
81  7 
71 89 
24 11 
76  6 
 7  8 
20 100 
57 51 
80  7 
68 83 
98 43 
33 50 
61 41 
17 18 
99 82 
56 20 
62 90 
 2 82 
24 84 
64 20 
47 64 
65 89 
 6 29 
88 55 
72 72 
39 90 
41 78 
55 67 
70 76 
57 89 
44 11 
32  3 
97 90 
 4 69 
79 59 
95  5 
14  3 
31 48 
27 57 
33 30 
20 15 
29 18 
90 63 
50 80 
 4 15 
76 26 
12  6 
91 45 
99 41 
62 25 
40 40 
94 39 
28  4 
84 87 
41  1 
27 81 
85 77 
31 12 
97 93 
34 77 
43 71 
44 17 
 5  6 
68 32 
48  3 
47 58 
74 61 
39 100 
40 23 
78 57 
75 87 
 5 53 
64 18 
22 42 
18 59 
82 99 
80 21 
16 21 
18 92 
 5 84 
99 93 
75 21 
56 79 
55 93 
47 74 
18 56 
84 61 
47 59 
82 50 
36 19 
37 66 
38 90 
36 31 
51 79 
87 24 
93 30 
15 20 
87 99 
98 33 
86 92 
50 23 
86 56 
97 55 
95  1 
78 81 
25 98 
39 70 
47 72 
79  7 
27 99 
75 38 
58 47 
61 22 
61 92 
16 93 
51 44 
 1 98 
78 96 
57 92 
76 52 
17 38 
89 30 
 8 34 
57 60 
81 93 
28 25 
31 33 
28 67 
79 55 
23 45 
46 94 
 4 42 
55 79 
34 56 
 4 53 
58 72 
93 75 
89 82 
 8 99 
13 34 
98 49 
73 67 
67 41 
56 11 
71 92 
35 73 
99 97 
71 28 
57 18 
 2 35 
89 47 
10 37 
 5 76 
51 89 
 2 46 
72 55 
38 50 
59 24 
75 93 
99 60 
58  4 
88 88 
 7 42 
30 92 
94 68 
98 96 
17 77 
30 91 
65 58 
33 10 
71 78 
64 80 
89 28 
52 88 
58 33 
79 45 
