2 100
100 34 
100 82 
13  2 
16 83 
 1 81 
69 72 
41 37 
48 17 
44 59 
70 12 
34 51 
84 22 
16 91 
62 35 
27 87 
85 32 
93 20 
72 79 
90 19 
34 40 
84 14 
78 21 
13 18 
49 68 
21 52 
49 32 
59 50 
35 10 
89 19 
80 97 
71  8 
40 95 
30  5 
25  8 
53 89 
33 81 
21 48 
13 59 
40 62 
69  2 
43 61 
26 47 
12 50 
37  8 
92 50 
81 46 
32 30 
87 55 
100  2 
28 30 
13 28 
93 25 
95 25 
36 83 
20 57 
 1 54 
96 17 
59 62 
24 56 
90 67 
47  7 
10  4 
39 40 
21 35 
79 100 
14 47 
96 71 
55 32 
47 26 
17 95 
100 77 
33 80 
54 33 
68 22 
82 67 
76 32 
86  7 
 8 47 
94  2 
33 34 
51 40 
19 64 
 1 73 
76 47 
41 31 
58 47 
36 89 
46 89 
44 78 
78  6 
79  6 
15 71 
79 11 
50 12 
43 28 
52 13 
 2  8 
46 71 
70 97 
86 84 
