2 100
50 14 
61 10 
86 96 
99  2 
87 41 
47 95 
51 17 
24 18 
 4 66 
44 68 
63 87 
88 37 
99 92 
38 25 
10 13 
41 23 
58 13 
73 59 
37 88 
82 28 
17 81 
 6 19 
95 96 
 4 16 
21 44 
 2 38 
98 60 
12 38 
79 38 
68 93 
60 51 
85 89 
82 32 
81 94 
 1 37 
62 35 
77 80 
95 72 
62 66 
22 41 
82 36 
56 68 
62 91 
75 31 
30 74 
85 84 
91 70 
77 44 
79 10 
17 45 
15 22 
61 97 
19 99 
43 42 
32 96 
 5 81 
70 26 
77 23 
61 97 
26 97 
73 79 
97 10 
54 85 
76 95 
45 97 
41 57 
94  3 
 8 93 
65 69 
64 68 
 8 77 
80 37 
100 46 
87 95 
68 57 
58 18 
88 83 
75  1 
31 18 
16 28 
82 51 
14 63 
94 94 
97 76 
23 93 
26 19 
38 63 
77 82 
22 72 
68 52 
99 45 
50 51 
58 16 
68 54 
63 67 
34 86 
38 65 
100  7 
74  6 
21 75 
