20 100
50 64  5 44  8 46 42 32 78 29 71 21 32 74 37 71 34 15 10 51 
 3 17 20 21 77 14 51  3 59 70  9 30 81 40 77 46 19 50  3 50 
57 46 72 77 28 39 62  6 20 25 34 89 66 32 14 57 57 78  4 84 
13 34 20 67 35 16  2 26 81 18 98 73 100 71 66  9 41 62 32 52 
60 92  1 80 76 63 22 71 34 74 31 62  1 17  7 79 87 57 93 90 
20  2 95 39 63 23 41 95 44 98 12 67 75 62 51 98 36 14 67 47 
91 96 69 62  6 69 19 22 31 41 42 22  4 31  2 52 27 57 85  6 
82 20 91 70 46 23 61 21 55 18 68  7 52 66 64 69 24 88 100 23 
92 97 73 26 54 69 97 95 70 41 34 82 24 80 59 91 87 60 89 49 
32 32 84 27 46 68 98 95 29 31 75 31 86 74  5 58 92 57 51 41 
20 18 24 49 39 34 44 88 23 53 35 34 45 87 61 76 13 47 78 84 
91 59 28 64  1 20 47 14 57 57 17 63 87 11 20 80 25 15 80 68 
16 32 31 64 68 29 73 97 77 48 76 35 89 53 14 62  4  7 30 97 
31 92 36  6 37 34 16 72 48 10 29 10 57 64  4 48  9 54 76 89 
77 78 54 91 67 67 16 87 79 18 38 95 66 82 79 89 29 26 62  7 
30 79 28 36 99 88 53  1 90 50 49  1 80 49 25 22 12 45  1  4 
23 44 55 48 93 37 100 27 70 11 23 15  7 97 37 84 100 87 95  8 
91 75 82 58 87 23 66 71 100 59 82 68 85 57 25 78 30 24  1 60 
 2 46 63  8 10 46 69 48 82 25 34 73 25 15 84 89 49 38 35 55 
23 62 41 17 40 73 14 76 74  1 98 70 49 83 89 72 60 97 58 11 
82 89 63 97 92 15 95  8  6 14 24 97 87 12 56  1 42 49 93 76 
61  5 97 86 80 98 71 68  7 78 85 100 69 89 25 38 95 73 13 78 
44 59 31 87 12 92 90 55 95 86 16  9 42 14 89 12 24 48 85 63 
44 85 55 52  5  5 24 79 55 72 91 19 49 96 73 16 40 31  8 100 
60 97 83 59 40 92 42 96 58 43 78 95 82 52 87 29 100 63 81  5 
55  4 14 11 82 10 80 73 46 67 14  4 28 43 53 58 14 19 32 23 
35 54 46 13 18 36 100 45 72 47 73 18 35  1 52 50 52  7 74 52 
 4 51 86 57 94 72 72 52 80 11 54 92 27 58 39 78 35 15 51 31 
65 19 45 36  6 23 13 52 49 35 68 29 89 84 37 33 57 47 97 16 
79  4 39 38 44 58 48 98 63 40 37 56 64 57  8  3  2 69 39 42 
80 28 13 58 19 50 62  6 79 83 27 91 40 37 40 40 99 43 57 80 
49 91 25 71 41 51 35 54 78 24 74 65 18 60 89 85 79 27 23  1 
11 72 73 53 10 59 73  3 32 70 65 92 35 79  7 91  3  1 57 52 
31 82 52 16 38 42 48 37 48 47 89  8 82 32 65 84  5 67 78 91 
40 36 78 76 99 88 15 45 62 20 35 94 38 83 37 64 62 89 31 80 
59 58 79  2 78  8 25 86 63 36 30 12 78 82 74  1 31 44 27 36 
23 80 34 18 67 54 21 88 84 30 13 97 60 32 69 44 84 21 56 30 
27  7 71 87 88 47 57 46 98 61 39 75 71 84 44 10 52 42 62 74 
51  5 98 83 42  2  6 56 39 22 69 21 19 12 78 91 27 93 68 40 
80 56 90 97 53 39 10 49 93 13 23 78 100  1 56 59  8 67 21 10 
70 92 13 40 29 31 20 86 17 67 23 36 40 80 13 98 10 94 12 18 
32 97 40 57 25 65 55 20 31 63 32 52 90 54  2 66 79 11 65 92 
41 49 13 51 96 72 93 33 58 28 41 67 59 57 76 41 73  9 25 93 
94  1  6 23 55 51 54 75 47  3 43 25 17 93 87 56 14 89 86  5 
19 40 47 27 86 58 36 50 55 68 66  4 47 60 38 48 78 34 70 22 
 5 68 42 54  1 67 12 41 72 23 80  3 13 21 72 58 25 49 11  1 
61 24 67 77 89 84 16 53 66 48 13 28 24 38 83 94 70  2 54 89 
 8 40 22 41 19 24 98 73 23 47 22 30 20 54  1 36 23 47 98 31 
60 17 31 17 93 74 92 33 76  2 93 100 86 85 43 82 37 11 76 99 
 6 96 71 76 31 78 98 65  8 41 49 76 100 12 71 44 13 46 16 54 
74 87 86 37 66 84 95 45 29 81 54 12 10 33 91 83 41 91 59 71 
16 67 67 38 81 37 38 95 62 76 10 36 62 98  8 40 69 76 88  6 
46  8 80 13 95 13 78 35  5 96 89 64 96 70 39 78 86 91 91 65 
58 26 59 65 25  8 29 12 93  4 87 37 33  5 39 11 31 83 68 27 
64 66 24  7 35  6 85 62 65 38 78 42 61 86 74 13 61 24 22 11 
43 70 75 25 38 51 23 68 33 33 74 23 13 50 80 51 23  7 99 73 
52 74  3 73 31  3 30 80  9 77 82 44 98  8 87  8 94 63 68 47 
76 85 75 86 86 94 30 93 86 57 68 35 100 52 87 35 25 88 52  3 
82 93 61 66 42 65 23 17 42 16 22 48 74 42  2 19 22  7  7 97 
64 62 35 48 66 22 44 92 49 74 94 88 67  9 55 54 52 35 10 75 
96 83 75 65 94 46 12 78 62 85 42 80 14 79 15 15 69 59 44 40 
10 95 99 15 42 93 25 36 87 56 93 37 12 86 41  6 30 94 20 41 
71 47 82 42 65 78 28 69 44 28 46 76 10 19 22 58 91 82 12 32 
70 26 37 63 79  3 73 96 13 60 27 58 57 29 81 26 68 44 25 22 
96 36 22 76 94 29 57 99  2 55 92 50 93 74 86 77 63 28 13 42 
67 36 19 34 25 61 72 20 54 56 88 97 71  6 37 80 74 14  8 10 
82 45 51 19 12 51 43 99  3 44 69 88 16 16 21 32 38 53  2 93 
11 32 70 26 23 34 68 43 79 69 11 32 96 71 85 87 99 28 63 10 
91 91 30 31 60 75 94 38 50 18 64 11 34 86 96 80 93 92  6 99 
47 55  5 18 95 90 43 77 71 27  7 44  7 42 68 24 50  4 37  4 
22 58 79 55  4 17 44 18 90 86 68 62 25 86 27 27 17 24  2 84 
15 41 84 79 38 48 65  1 50 81 57 32 48 23  6 35 15 59 14 82 
69 55 64 87 41 63 71 84 68 64 75  6 77 31 22 99 94 73  6  3 
45 33 88 74 55  8 54 67 17 44 34 60 86 11 77  1 91 59 57 46 
18 86  2 44 54 82 87 78  2  5 93 38 45 64 52 45  6 80 88 82 
63 49 76 83 84 90 97 92 92 70 55 62 48 48 26 83  2 74 24 23 
28 34 76 64 34  6 21 16 37 84 93 58 87 67 23 61 44 61  5 57 
18 37 52 66 81 69 85 71 90 16  2 21 52 57 74 56 13 28 69 70 
30 46 66 19 32 62 27 86 37 10 25 95 33 52  2 99 39 30 14 22 
28 69 99 92 58 14 80 92 89 57 36 61 30 70  5 32  8 44 12 40 
36 79 41 61 27 20 52  3 95 23 14 43 80 74 80 97 77 88 80 73 
74 19 37 83 100  3 53 36 81 74 61  1 36 33 72 81 25 37 60 38 
57 97 90 22 25 65 18 96 90 80 79 69 54 47 86 40 86 37 55 41 
45 39 60 50  1 54 43 17  1 91 47 32 71 87 54  5 88 67 18 37 
61 41 54 45 60 20 76 89 51 30 33 69 99 78 26 67 84 12 13 25 
33 71 33  6 14 73 33 60 29  6 75 72 27 11 26 79 47 96 24 77 
64 17 98 42 50 87 23  4 59 94 28 98 95 86  7 95 14 84 28 92 
55 90 18 70 70  7  8 33 52 60 66 17 79 25 44 17 15 34 45 77 
 9 83 42 38 47 47 89 93 73 82 100 26 72 94 50  6  3 88 21 16 
11 74  5 54 100 60 97 59 75 56 77 61 77 50 63 36 87 27 93 12 
84 16 29 66 23 26 83 89 43 83 17 34 41 73 23 79 65 42 58 21 
63 22 55 22 39 62 32 11 95 75 18  5 84 63 10 70  1 58 96 67 
55 34 95 39 97 76 64 37 69 55 42 23 58 40 23 46 81 30 44 37 
66 75 93 86 47 50  4 32 65 18 38 37 15 25 73 44 44 46 50 27 
51 65 97 71 94 91 91 22 87 87  2 53 48 59 60 32 47  2 30 42 
97 61 59  9 62 50 57 51 14 75 67  3 71 73 22  1 74 88 10 33 
74 17 59 21 44 21 56 80 65 87 65 69 31 41 11 57 87 83 96 74 
84  3 96 10 98 11 69  1 61 31 97  6 65 28 25 35 37 43 97 12 
85  6 94 16 47 52 37 25 52 20 75 57 46 53 48 43 30 13  6 99 
73 53 83  4 37 36  4 59 70 92 67 36 70 40 85 30 66 54 67 99 
