20 100
 3 44 76 76 12 89  4 76  8 15 46  3 52 17 67 96 78 36 43 38 
 1 49 98 30 14 83 82 19 85 95  3 50  2 50 75 55 40 11 16 85 
58 39 54 22 75 86 90  8 60  6 58 47 22 69 19 45 10 84 93 25 
76 89 62 11  2 58 67 92 15 38 26 25 30 100 29 39 83 20 18 100 
 3 30 83 37 81 10 67  2 34 69 27 49 77 85 88 75 85 45 60 39 
12 27 69  4 30 58 84 85 96 57 65 76 99 55 47 23 62 58 84 23 
68 24 54  1 72 87 25  8 20 30 40 85  2 52 94 36 30 44 36  3 
89 38 35 23 17 34 52 34 76 82 19 92 69  8 24 74 96 95 45 96 
14 60 86 21 91  9 65 20  8 66 24 19 69 74 76 87 13 78 96  1 
45 71 14  5 60  6  3 29 46 50 72 97 71 26 36 78 92 39 91  1 
 4 76 76 42 75 100 65 67 24 82 62 10 64 57 81 10 27 17 90 55 
95 14 76 35 90 36 64 51 29 58  9 19 31 16 85 32 61 32 97 69 
88 65 25  7 31 26 63  3 60 12 13 77 42 13 96 47 12 92 32 13 
35 90 52  7 74 39 64 50 11 74 45 47 59 49 57 62 85 12 47 59 
96 13 54 73 72 77  3 60 96 28 14 84 47 45 57 75 11 61 64 50 
90 70 80 60 42 91 60 95 24 57  2 94 40 16 98 46 85 61 53 71 
57  8  9 77 75 12 51 19 63 58 68 23 18  1  8 19 35 51 60 30 
 1 64 87 18 32 91 99 94 86 50 66 74 48  7 84 25 89 57 90  9 
22 83 95 99 75 77 82 72 81 11 68 25 84 86  3 92 12 82 31 98 
61 90 98 26 63  1 20 91 40 54 74 18 11 91 59  8 44 100 14 50 
57 25 56 93 69 26 70 52 93  9 74  5 12 71 94 83 92 21 22 36 
54 73 65 77 11 74 54 81 22 58 33 29 86 40 36 80 48  4 73 58 
23 45 38 11 71 53 12 36 16 97 96 79 77 13 72 16 26 20 15 49 
38 51 92 13 60 91 40 17 16 96 32 58 59 65 14 95 13  2  6 86 
96 80 97 57  9 53 70 80 59 51 27 72 88 93 51  1 22 31 17 91 
85 79 61 100 75 68 54  5 28 98 23 100  9 98 64 31 41  9 11  8 
13  3 92 31 91 15 35 29 82 10 93 35 87 47 23 95 30 51 61 62 
45 93 73 28 11 100 45 90 45 93 16 10 19 89 17 97 61 23 62 31 
72 10 44 31  3 59 17 62 91 97 75 78 57 90 22 89 43 22 74 86 
62 69 40  9 44 63 13 74 71 18 81 26 43 66 51 14 14 31 98 55 
62 98 10 79  1 72 20 32 78 67 99 83 45 84 32 71 83 77 79 28 
89 22 81 96 46 90 88 27 87  8 61 94 64 50 21 72 34  4  4 74 
11 29 40 53 53 80 16 17 28 85 53 95 44 72 22 19 59 33 64 53 
41  9 41 25 14  3 69 21 25 41 73 78 44 42 66 50 83 64 71 93 
40 61 33 70 21 90 75 79 100 85 98  6 51 70 76 60 24 79 62 38 
15 93 13 98 46 90 47 13 23 25 45 34 21 49 96 44 34 82  3 18 
35 20 11 18 13 89 64 94 37 96 35 52 64 41 64 63 36 30 72 56 
93 25 20 33 32 19 31 23 45 88 52 67 46  2 37 54 97 20 25 14 
52 26 93 64 69 54 47 87  6 40 50 60 67 48 67 56 34 53 50 46 
87 10 13 26 35 61 30 63 94 88 76 54  7 82 89 87 66 73 35 26 
81 72  3 89  7 25 51 45 28 80 23 75 35 42 67 13 70 77 41 54 
47 69 52 24  6 87 40 20 81 40 43 91 93 43 30 94 52  1 41 17 
92 30 94  1 35 81 43 62 63 24 77 76 19  2 93 78 82 55 71 46 
83 61 19  7 97 18 64 44 75 79 41 83 11 57 46 31 47 46 25 37 
 3 23 37  1 44 57 44  7 69 40 42 40 67 38 94 88 33 57 39 34 
60 67 40 83 76 97 23 90 38 22 84 95 11 28 70 23  5 22 87 23 
60 31 46 33 25 16 34 44 50 92 46  1 59 35 61 47 37 41 12 26 
71 15 64 71 42 64 10 90 15 66 40 59 35 23 62 46 90 50 36 26 
25 85 29 46 37 56 50 12 18 29 21 16 83 18 98 86 84 44 36 90 
 7 14 48 40 93 48 81 51 50 12 37 98  1  6 55 85 48 94 20 63 
11 27  4 78 97 68 29 72 63 79 34 19  7 85 54 87 68 60 54 56 
17 75 46 66 75 51 67 10 26 12  8  1 87 74 44 44 83 73 79 70 
 8 16 54 74 98 48 94 15 36 38 44  2 67 57 85 29 17 83 93 98 
86 65 87 82 10 66 70  4 87 74 52 55 54 64 54 55 52 89 54 21 
72  7 90 93 21 46 24 100 47 40 45 35 84 52 11 52 71 91 27 94 
22 23 45 54 35  5 99 89 52 39 59  5 51 70 100 40 43 28 70 34 
56 40 69 77 25 88 62  2  8 46 74 69 10 55 100 81  8 81 25 44 
34 34  4 10 58 40 91 83 65 40 25  3 80 84 37 65  9  4 50 85 
96 83 19 94 64 77 14  6 30 22 70 46 23 46 100 30  9 36 51 86 
79  2 74 65 78  3 65 24 49 55 60 67 79 94 89 73 59 93 69 89 
89 58 71 18 70 42 71 63 29 49 84  4 51 46  3 63 11 76 20 63 
91 30 74 50 88 15 17 54 49 93 12 91 20 13 66 84 20 90 85 52 
97  5 23 92 62 77 70 72 80 95 65  9 43 62  9 100 81 99  3 96 
10 79 50 57 41 49 56 43 86  5  2 32 38 54 13 92 70 55 58 17 
56 22 84  2 69 25 42 18 82 22 34 80  6 65 94 75 59 11 36 18 
71 88 67 27  6 49 12 88 75 66 100 28 10 67 74 19 15 53 44 12 
25 61 59 80  3 81  5 46  3  9 32  5 11 91 22 99 16 21 44 48 
62 83 25 26 30 54  7 48 13 88 17 25 20  6 66 22 80 41 73  2 
10 52 10 81 69 99 26 35 86 67 92 85 37 56 27 32 34  3 28 32 
21  3 30 91 23 47 16 74 91 82  8 64 28  9 13 99 83 65 64 12 
69 34 52 22 18 10  7 15 72 37  6 78 76 35  6 88 99  7 54 80 
49 38 99 23 32 21 76 10 86 91 88 75 16 13 94  4 44 70 66 39 
74 80  4 63 20 99 92  7 89  4 71 79 91 70 19 73 40 72 100 84 
74 56 11 49 46 15 22 72  7 69 96 92 91 12 52 60 66 85 41 76 
41  5 47 26 14  9 25 74 22 20 20 51 59 48 34 46 94 63 55 50 
51 45 99 97  2 14 62 35 59 30  6 21 42 59 18 67 13 26 58  7 
85 68 23 21 46 48 90 94  7 45 26 42 75 47 72 12 84 61 97 28 
36 13 86 49 72 44 47 55 38 59 17 98 43 77 25 81 21 68 50 78 
66 58 81 27 100 40 49 96 42 76 83 51 43 80 46 86  2 34 73 84 
66  1 55 91 89 85  3 41 20 62 28 80 12 65 89 28 68  1 33 78 
 2 15 34 86 18 58 10 80 69  9 62 36 61 47 23 10 85 87 75 25 
73 70 58 62 68 52 40 43  9 63 61 47 54 44 31 75 11 53 40 31 
52 72 92 15 48 44 24  3 26 84 38 27 79 20 94 37 31 14 20 48 
21  5  7 30 29 70 25 10  6 20 76 66 100 64 21 93 92 85 14 16 
97 47 100 16 100 37 73 63 77 78 68 38 89 30 30 80 55 62 30 22 
45 42 26 69 45 69 68 53 61 21 88 62  6 94 59 60 77 100 100 52 
93  7 81 62 62 74 20 61 13  6 17 36  7  2 62 55 34 96 67 28 
90 54 33  2 59 92 66 54 28 41 38 40 24 62 87 30 46 21 76 24 
98 55 50 86 65 20  8 19 63 67 25 87 80 93 39 89 42 59 70 14 
50 68 26 53 67 99 60 68 16  6 72 77 41 23 23 70 85 12 14  7 
 9 86 40 67 67 95 21 45 11 67 65 76 54 57 95 39 75 73 26 95 
10 78 31 73 11 24 32 43 44 23 58 87 80 96 50 21 67 32 43 82 
15 100 48 22  1 48 53 57 10 59 78 42 54  2  4 19 44  5  3 41 
37 54 15  6 27 74 27  4 22 35 24 10 15 16 58 95  2 79  7 41 
18 79 70 20 91 14 12 77 14  6 89 82 93 59 44 62 56 13  8  1 
10 62 69 84 19 73 36 11 52 48 34 55 87 90 92 11 42 64 56 50 
19 73 70 42 97 10 55 64 39 36 53 60 19 31 26 38 23  4 77 40 
45 95 33 44 22 15  8 70 81 82 24 33 51 92 48 40 76 19 57 50 
53 70 23 13 17 83 46 83 85  7 32 59  1 20 11 95 46 64 50 87 
57 39 57 18 96 18 74 99 86 18 30  3 73 51 95 45 65 92  8 32 
