10 20
12 83 40 40 47  5 75 27 43 74 
80 93 40 65 23 11 53 60 37 68 
10 78 98 49 74 42 61 23 32 98 
25 59 61 30 39 96 79 88 57 31 
 2 71 92 71  6  7 40 32 97 45 
51 53 64 37 60 33 37 18 85 31 
30 30 98 31 17  3 42 49 28 62 
22 71 78 40 35 79  2 31 49 58 
49 66 98 51 69  9 20 55 60 100 
47 50 40 54 53 98  7 57 70 87 
32 87  5 77 46 38 92 14 35 18 
97 15 39 67 26 47  8 43 89 80 
35 86 24 30 59 73 47 33 78 19 
43  2 50 44 84 72 84 16 62 30 
30 85 68 60 28 34  7 37 64 85 
96 62 60 13  5 50 55 25 93 26 
41 66 70 15 89 85 15 35 45 13 
20 96  1 30 72 77 44 68 52 73 
43 88 88 35 96 34 76 11 62 19 
 9 11  8 18 81 62 64 59 93 63 
