10 50
44 38 14 93 85 35 23 51 56 69 
 4 96 97  4 69 98 39 70 45 88 
33  2 54 89 26 97  7 39 77 78 
89  7 87 28 84  3 14 13  6 100 
22 66  8 48  2 63 14 36 94 10 
 8 17 78 56 56 45 41 96 34 96 
33 21 51 24 66 40 25 75 90 88 
61 26  9 27 12 93 13 33 65 97 
85 44 97 26 36 56 30  6 44 42 
78 51 70 41 62  9 23 92 64 97 
82 28 13  6 14 53 73 89 28 64 
 1 83 16 67 12 65 18 75 12 51 
27 35  8  9 18 93  7 10 10  4 
15  3 48 63 20 24 36 95 62 94 
65 34  2 80 19 21 67 20 57 99 
99 96 15 86 90 50 28 69 59 95 
40 58 98 90 49 10 60 35 81 67 
54 70  4  7 96 47 30 71 70 91 
61 15 89 97 15 11 97 10 88 45 
67 48 45  8 23 62 93 65 34 19 
24 39 28 70 63 90 70  7 54 98 
69 82 43 71 94 63 18 51 25 32 
10 79 94 47  7 85  7 100 73 79 
98 23 31 93 78 41 74 59 16 88 
79  1 43 99 71 58 62 33 84 28 
 9 80 59 43 87 85  6 47 53 20 
90 55 51 91  5  9 37 72 31 61 
66 10 82 90 68  3 75 29 78  8 
15 78 31 18 58 76 52 75 74 15 
95  5 19  7 21 39 81 60 32 71 
77 16 60 53 76  6 13  9 86 40 
48 98 30 33 67 47 92 73 47 50 
57  6 96 37 100 93 40 74 15 54 
16 93 10 71 58 14 76 79 72 99 
32 74 35 38 92 40 68 92 89 92 
85 41 84 49 25 35 79 22 67 60 
34 13 41  6 61 59 39 14  5 53 
 6  4 54 92 70 41 61 56 83  8 
30 50 23 99 94 58 21 11 37 86 
38 79 96 56 46 85 33 95 96 66 
31 98 76 99 83 96 26 72 84 49 
80 29 84  3 69 79 80  2 90 73 
22 95 33  7 73 62 32 73 71  2 
12 16 87 95 36 31 70 98 11 53 
64 35 24 26 95 62 22 47 100 72 
97 15 43 40 34 17 57 58 54 72 
98 51 60 66  4 99 35 96 37 44 
29 60  4 84  7 31 85 96 81 90 
78 43 26 12 69 99 20 97 32 68 
51 96 46 70 37 59 50 66 33 18 
