5 100
 6  9  3 71 71 
90 71 64 65  2 
61 79 91 55 80 
38 43 75 90  6 
98 16 19 22 67 
66 70 98 94 20 
67 31 18 63 23 
56 71 89 22 41 
18 53 27 95 56 
84 87 14 100 33 
90 62 13 27 13 
84 73 42  5 14 
53 88 92  5 50 
35 72 97 71 56 
 5 57 57 35 53 
66 25 73 75 53 
31 66 38 48 63 
39 48 72 66 78 
 2 11 74  1 36 
38  5 82 25 81 
29 61 50 82 51 
57 81 94 62 55 
49 51 34 65 55 
80 25 67 58 61 
93 40 92 23 47 
16 66 26 88 80 
44 32 53 91 48 
71 83 48 39 27 
39 11 11 51 91 
50 74 71 69 41 
18 28 81 84 58 
85 78 39 37 13 
54 67 68 39 99 
64 39 74 22 79 
30 25 75 62 90 
89 37 54  9  9 
 7 83 98 36 76 
67 37 11 68 16 
 7  9 27 32 29 
40  7 26 89 77 
72 50 54 30 99 
72 62 34 10 87 
86 49 62 21 78 
76 63 85 93 23 
25 56 66 10 86 
54 89 16 84 38 
14  9 83 58 83 
23  8 43 24 12 
16 57 34 50 85 
78 28 68 48 38 
55 77 100 10 59 
25 19 69 93 42 
49  8 32 60 47 
100 88 53 93 94 
21 47 37 21 23 
31 79 52 13 13 
13  7 58 18 91 
14 97 97 81 10 
15  8 94 33 36 
 8  2 82 51 38 
17 85 18 72 85 
19 16 87  8 41 
68 50 72 47  5 
22 80 75 68 71 
10 14 15 61 80 
82  5 14 38 94 
91 38 44 14 46 
60 52 99 16 71 
73 83 19 11 49 
57 61 10 56 61 
87 82 85 88 79 
26 27 53 35 51 
11 66  1 44 57 
 7 64 25 33 10 
45 54 72 91 88 
86 87 42 100 77 
33 89 66 76 85 
 5 15 42 71 28 
27 32 22 62  5 
55 39 81 76 93 
90 97 75 33 41 
 8 46 70 51 88 
98 19 70 68 29 
30 11 64 44 13 
 9 26 25 52 73 
92 56 42 95 53 
97 45 93  2 16 
28 19 87 11 47 
28 28 65 82 41 
43 47 48  4  1 
40 20 96 89 46 
70 25 99 42 30 
27  7 80 81 91 
15 72 13 39 85 
53 39 68 53 37 
59 20 25 94  1 
30 94 91 91  8 
98 28 96 40 43 
51 22 89 69 27 
13 43 55 45 11 
