10 20
 9 74  5 11 16 49 37 63 83 76 
81 78 37 69  2 19 35 13  6 20 
18 53 91 63  6  5 55 59 76 23 
36 20 68 43 32 25 71 88 82 69 
15 35 79  5 13 19 48 76 87 98 
53 95 73 63 49 22 56 80 49 51 
48 41 13 74 38  2 85 20 99 20 
17 99 64 69 19 29 69 61 53  7 
14 85 10 66 44 43 85 28 28 63 
81 77 37 21 64 13 71 90 71 25 
67 84 54 26 52 34 79 36 74 34 
37 63 51 20 90  7 87 77 56 98 
71 69  2 97 73 18 28  9 15 31 
90 64 22 10 93 50 25 53 71 97 
53 89 44 12 44 41 68 99 76 82 
53 73  1 87 64 82 52  5 39 83 
 3 38 15 15 12 58 37 55 31 16 
92 58 26 24 45 82 73 30 21  6 
36 76 15 64 60 32 100 36 63 97 
94 35 68 76 92 49 43 75 13  8 
