20 20
99 61 27 98 63 48 17 88 19 79 69 57 95 91 30 53 42 13  8 92 
 4  4 61 47 47 93 70 29 36 25 34 23 89 38 25 75 98 73 88 37 
68 42 95 55  8 93 13 70 40 94 26 98 44 36 50 13 58 79 27 64 
31 28 69 81 65 18 83 51 15 45 83 17 66 100 71 50 83  4  4 26 
55 91 60  6 12 100 92 55 83 30 17  3 96  7 39 49 63 11 31 96 
62 80 89 59 100 10 56 97 93 25 47 11 45 20 33 33 72 38 58 34 
 5 33 26 96 57 69  6  8 79 52 18  9 36  4 11 87 97 51 49  7 
20 67 46 38 81 10 93 95 96 14 87 23 51 30  9 59 11 76 68 59 
86 79 65 79 22 45 72 31 41 11 53 26 24 71 97  7 96 12 88 74 
 9 45  9 36 100  8 24 87 80 21 27 82 53 16 23 26 77 14 13 15 
23  9 55 35 86 45 32  8 30 79 88 62 39 35 86 82 96  2 63 84 
37 60 11 52 52 63 22 60 79 98 45 93 96 50 82 55  5 84 73 61 
98 64 71 26 17  7 88 63 44 36 41 45 98 67 91 26 26 26 84  6 
40 40  9 78 78 14 29 20 59 35 55 40 84 70 41 40 64 25 43 75 
96 41 20 64 35  1 87 28 91 99 78 19 63 86 20 32 97 80 93 68 
92 55 56 13  4 40  6 96 79 69 60 63  5 32 19 17 42 47 60 12 
61 15 67 54 16 89  1 19 74 84 79 50  7 97 90 75 32 98 74 78 
49 99 13 68 53 20 27 11 99 31 94 64 94  3 80 72 66 73 62 63 
71 13 97 63 35 47 92  7 86 86 22 57 95 67 46 15 54 37 75 44 
16 67 92 68  4 54 50 97 91 50 15 87 10  3 71 81 68 14 78  6 
