10 20
45 89  5 29 58 48 73 27 13 74 
72 72 49 87 88 34 17 28 46 96 
 6 70 44 10 51 10 26 99 41 79 
59 83 33 28 14 97 33 85 93 24 
 2 79 36 74  7 79 91 10 50 70 
62 34 11 75 16 36  3 35  2 10 
48  4 30  5 24 91 84 64 11 35 
43 92 53 37 92 75  3 23 33 70 
61 25 67 23 37 69 88  8 49 72 
73 25 63 89 17 97 85 38 72 44 
65 46 88 97 71 32 25 65 91  6 
76 51 18 21 79 83 99 25 14 81 
33 91 94 67 19 86 36  7 76 86 
40 65 50 100 36 11 83  7 22  6 
 6  4 19 87 69 67 81 67  9 57 
 9 16  3 78 94 43  8 37 86 71 
63 84 40 31 73 84 86 90 73 52 
42 75 55 33 85 10 38 53 37 29 
80 32  3 72 13  9 54 96 76 22 
48  7 67  3  5  4 56 56 14 78 
