20 100
47 10 100 28 52 27  8 77 16 14 93 80 77 26 10 98 34  5 62 16 
99 67 100 85 67 36 77 37 22 62  9 16 43 42 88 55  3 45 94 43 
33 53 28 51 28 54 35 96 97 41 58 67 52 35  7  5 71 11 51 60 
65 65 10 81  8 79 95 62 56 41 38  5 54 60 58 13 82 45 56  6 
18 77 85  7  3 84 63 50  5 31 34 94  9 73 35  1 22 53 10  4 
55 65 32  7 77 17 63 100 66 42 49 22 68 82 19 17  4 11 74 25 
11 56 68 64 91 56 78 94  5 12 21 32 49 63 76  1 59 88 26 65 
50 40 17  3  8 38 94 24 93 51 18  8 69 17  4 79 89 58  9 79 
46 53 42  3 61 29 74 78 22 12 97 20 77 91 81 17 12  8 33 13 
 5  1 71 84 32 78 29 55 55 70  6  1 95 54 46 13 87 71 96 62 
62  9 72 29 77 71 22 80 32 26  4 33 63 81  5 35 21 51 30 53 
97 10 71 23 59 39 59 35 70 50 58 53 26 73 18 81  1 84 30 98 
40 34 75 98 77 22 85 20 37 33  7 95 85 41 62 43 32 17  2  6 
 3 86 77 34 32 64 20 28 35 16 21 81 42 33 71 20 91 26 100 29 
50 61 36 62 25 34 47 75 27 61  9 45 32 21 82 68 46 87 17 93 
65 34 20 79 43 85 97 94 67 59 57 100 23 51 22 43  5 94 54 92 
65  5 97 90 60 22 46  7 72 25 60  3 63  2 40 63 95 13  8  8 
42 70 82  7 61 25 86 90 67 99 27 47 67 23 44 34 100 39 75 50 
46 97 62 93 31 34 22 30 33  5 14 41 73 43 68 91  4 55 13 76 
 6 58 85 30  8 44 72 79 61 71 36 83 80 74 35 45 75 12 54 50 
13  6  7 78 90 57 32 88 61 33 47 13 95 91  8 60 40 67 47 18 
21 27 71 43 37  9  7 15 87 34 46 80 45 94 69 60 66 60 52 85 
98 19  6 36 28 56 95 14 40 47 25 41 95 45 94 99  7 41 43 70 
60  5 23 71 72  3 77 56 39 26 37 75 99 61 76 36 21  4 55 95 
87 35 76 47 41 55 51 97 78 31 63  2 22 39 12 61 69 99 44 100 
15 64 46 92 49  1 84 59 85 11 60 73 82 91 64 27 28 17 97 92 
17 27 66 47 49 31  5 74 69 53 48 77 65 70 60 42 86 86 79 53 
44 12 46 63 70 34 23 29 42 91 62 17 12 37 93 81 85  8  6 53 
45 40 66  1 96 17 91 99  3 91 16 76 60 51 26 31 80 15 11 58 
38 60 80 91 99 57 49  1  8 81 14 100 19  6 79  4 69 12 61 100 
 8 70 81 22 48 25 36  9 24 48 85 56 98 18 92 15 96 40 24 73 
31  2 52 54 39 31 93 20 83 61 12 72 60 42 67 11 75 72 48 13 
66 93 42 16 58 54 60 80 46 37  2 42 30 32 48 66 67 61 14 83 
58 71 69 86 92  2 29 21 45 28  6 51 86 44 62 71 86 86 54 47 
63 21 86 33 64 53 29 54  4  2 97 79 24 72 50 70 16  7 83 63 
95 84 83 76 12 58  9 23 60 60  4 73 68 70 70 72 57 94 88 79 
11 52 18 66 58 20 12 85 12 70  4 67 72 35 53 76  2 91  2 86 
 3 59 19 93 64 25  1 48 45 91 42  3 15 26 56 12 18 35 60 46 
12 51 96 19 74  6 87 27 19 20 59 49 100 93 94 68 93 31 15 73 
71 88 71 74 25 93 74 37 39 55 57 25 63 60 71 31 60 81 77 83 
87 31 56  8 15  4 76 31 12 96 80 92 66 49 65  6 37 23  1 24 
93 89 51  8 27 22 33 88 55 18 95  1  3  2 96 86 20 24 21 95 
32 24 49 89 63  9 72  2 71 15 84 28 77 67 37 53 78 66 37 36 
58 39 11 51 21  1 59 63 97 14 64 16 52 80 54 29 46 35 49 76 
100 48 62 50 82 22 42 28 68 11 41 30  2 97 63 94 90 70 76 71 
42 21 95 47 69 40 66 12 79 48 60 59 61 32 86 36  7 22  6 80 
 7 86 30 71 14 48 20 24 24 65  7 40 32 72 92 58 16 65 80 77 
53 85 87 28 83 80 54 79 83 11 61 67 58 45 58 92 45 95 25 19 
24 55 90 41 32 19 45 51  5 71 46  9 35  2 72  3 19  3 11 41 
20 49 34 96 17 64 37  5 65 57 50  8 74 37 82 93 52 85 21 21 
42 45 24 31  9 25  3  6 68 36 90 44 64 75 82 23 97 13 45 42 
10 100 54  3  9  5 58  3 34 35 88 42 19 43 17 83 45 96 43 31 
71 92 88 47 76 24 28 40 32 55 20 76 36 86 34 66 41 45 54 41 
72 13 55 16  4 12 84 19 70 81 30 37 97 66 96 38 87 59 40 34 
 3 10 18 66  2 31 52 73 55 78 18 69 76 78 56 41 63 57 18 47 
49 15 75 18 72 74 12 35 69 41  7 24 41 82  5 60 87 92 38 12 
83 74 12 48 95 73 87 27 36 12 15 93 64 36 63  5 12 93  3 24 
93 67 19 77 77  4 11 14 92 78 77 66 28 66 51 54  1 41 37 91 
 3 44 92 43 77 37 51 78 26 85 53 23 96 69 80 54 75 28 57 54 
54 79 100 23 57 92 96 94 46 50 83 47 55 89 42 79  2 52 91 80 
 6 32 28 13  7 57 76 80 83 99 33 40 91 67 52  3 31 73 39  5 
50 59 97 16 68 21 25  9 73 53 40 42 87 35 86 22 30 88 73  5 
22 53 57 91 32 31 31 16  2 83 33  7 31 96 27 75  1 71 88 40 
46 50  6 85 36 93 41 87 35 19 88 52 88 46 65 66 45 34 54 53 
18 99 67 27 98 68 63 85 93 79 34 90 35 23 51 13 26 50 66 38 
71  4  8  4 46 23 14 28 42 39 74 57 79  6 13 59 48 17 18 37 
12  7 78 70 20 36 23  3 45 53 28 76 66  2 69  8 87 69 12 34 
73 46 47 98 81 34 17 45 55 46 30 92 67 43 49 27 87 94 24 20 
55 23 24 78 10 53 40 48 80 50 32 26  5 38 38 42 75  7 31 82 
 2 65 96 61  9 87 52 70 63 10 34  2 77 20 62 10 17 38 47 81 
81 55 72 97 34 84 39 15 18  4 65  4 63 32 66 59  1 84 89 32 
96 88 10 86 93 31 18 50 98 39 79 28 90 53 46 97 27 76  3 99 
14 60 97 73 56 77 74 66  8 58 82  7 66 79 12 24 52  7 20 25 
46 36 26 92 87 56 48 57 19 58 11 17 47 87 71 100 97 49 65  9 
 6  6 19 83  6 64 52 38 22 19 87 51 55 27  8 84  9 44 17  8 
23 59 94 26 50 58 82 70 28 37 45 70 48 23 71 67 99 85 69 53 
82 19 73  4 35 73 27 73 38 48  7 92 74 100 20 35 91 98 13 26 
84  6 65 81 100 61 25  4 25 88 70 88 45 91 45 73 11 59 84 24 
48 23 80 53  3 54 33  6 66 13 41 79 56 19 44 58 29 70 94 41 
18 65 56 92 76 65 26 77 99 55 66 39  1 92 93 40 12 44 95 30 
47 61 47 13 13 18 28 74 24  1 71 54 80 84 59 18 51 68 54 58 
84 23 11 60 22 86 21 90  5 72  2 100 74 30 44 83 70 70 23 38 
 1 27  6 51  5 75  6 84 44 99 35 41 20 62 86 24  5 47 81 21 
19 77  2 38 11 24 77 81  4 82 75 81 17 73 24 62 80 44 46  2 
62 16 94 50 55 89 58 11 29 93 75 73  4 56 57 81  4 90 28 79 
61 79 59 22 59  1  6 54 57 96 88 65 13 97 20 64 92 52 15  7 
32 54 95  4 57 31 14 70 62  6 35 54 77 17 21 38 82 93 35 54 
41 25  9 77 64 40 82 81 54 53 53 70 19 71 59 35 69 57 58 84 
93 59 66 47 79 53 68 92 63  8 94  1 51 16 64 46 27 97 32 73 
36 57 48 37 13 55 48 12 48  2 16 12 87 15 49 52 50 74  4 81 
75 95 17 79 88 57 99 26 57 49 55 21 65  2 22 86 39 15 83 53 
66 42 17  3 87 11 27 81  4 28 75  5 25 85 88 93 43 92 14 99 
66 18 83 17 96  9 35 96 69 87 75 85 19 88 76 50 48  3  5  3 
84 58 53 27 71 41 52 40 84 87 71 97 58 16 81 92 15 70 24 10 
42 62 77 49  6 37 53 11 46 90 65 39 89 64 33 42 30 84  1 43 
91 58 17 87 25 23 53 35 40 38 100 58 83 90 80 10 82 98 33 99 
68 38 61 84 17 98 60 45  2 45 30 32 100  3 74 37 70 33 62 39 
22 87 28 91 61 91  2 34  2 80 90 83 10 96 11 29 93 88 69 18 
 4 29 59 15 59 36 26 16 11 67 24 27 13 75 37 49  7 78 47 36 
41 64  6 10  7 35 19 60 69 14  2  2 67 60  7 43 59 54 29 36 
