10 200
82  6 38  9 89 25 30 62 77 28 
 3 70 50 48 55 26  8 56 26 36 
 5 96 87 83 27 97 15 73 39 90 
73 50 89 28 43 63 53 91 96 75 
 6 42 60 24 34 91 79 43 36 49 
98 12 51 38 11 71 60 86 34 14 
55 57 26 42 62 98 76  2 48 11 
78 27  2  3 72 88  5 67 97 99 
23 69  7 30 14  8 29 28 57 29 
87 58 77 42 91  6 97 64 70  5 
67  3 99 45 27 35 38 73 43 16 
49 31  9  3 66 31 55 53 21 66 
14 72 80 13 94 83 46 96  7 14 
85 97 40 24 88  2  5 37 82 15 
61 36 33 58 74 58 22 19 28 100 
22  5 88 57  7 53 61 64 74 71 
76 75  8 99 63 42 87 16 91 85 
84 92 39 63 76 84 54  7 79 49 
82 17 86 88 63  2  7 49 43 62 
57  4 63 14 98 42 55 77 77 27 
14  2 10 12 100 34 23  8 70 90 
11 67 13 48 58 15 100 64 60 34 
47 95 82 96 80  3 58 50  1 53 
87 84  3 45 30 47  4 76 24 100 
76 78 24 24 88 55 65 26 22 26 
30 41 84 44 57 35 87 36 62 43 
49 33  3 77 60 39 10 61 68 41 
 5 33 64 70 32 70 47  9 91 53 
32 54 52 99 38 17 17 54 25 52 
70 100 31 10 26 68 34 91 84 21 
 9 10 24  8 87 55 84 15 76 19 
34 88 71 11 88 71 91 72 58 95 
54 81 85 13 77  4  1 14 43 49 
98 92 26 21  8 77 14 51 100 85 
85 84 92 65 83 41 46 24 98 79 
66 12 74 39 30 85 83 74 50  7 
65 92 95 96 25 57 89 54 11 36 
47  7 13 65  4 56 52 89 50 64 
26  4 69 70 53 33 28 80 52 93 
32 53 41 97 96  7 30 45 56 23 
54 47 95 30 58 88 55 40 68 39 
37 67 91 25 84 90 47 66 85 14 
96 78  4 95 63 30 34 76 94  4 
85 59 35 45 75 12 16 35 41 22 
96 29 55  4 82 76 96 23 64 82 
78 83 89  2 54 98 54 33 51 28 
12 41 38 24 86 13 19 99 32 37 
97 69 74 50 76 76 12 34  3  8 
75 85 100 47 25 75 14 73 13 85 
11 71 24 11 72 46 48 21 74 47 
78 80 22 10  5 100 59 15 12 17 
91 42 65 28 30 46  5 63 81 57 
69 63 100 79 50 82 81 99 91 24 
85 68 65 57 40 40 95 92  2 60 
89 23 32 53 23  2 88 11 17 76 
 1 65 62 35 72 92 20 34 77  7 
69 79  3 96 41 77  1 68  2 99 
18 28 59 41 46 53 62  9 16  4 
66 15 48 41 79 36 56 75 33 72 
53 53 17 43 95 83 53 13 97 21 
18 29 34 87 45 49 12 10 18 51 
86 20 78 69 50 21 11 100 90 87 
76 34 28 28 76 57 60 95 22  3 
25 76 18 97 51 62 13 24 84 45 
59 92 59 15 31 92  8 97 87 39 
58 59 21 16 49 96 72  6 24 62 
62 92 66 70 71 34 28 19 29 61 
43 11 65  8 46 92 33 89  4 15 
13 10 89 40 98 41 97 88 45 95 
77 89 90 54 33 36 12 75 44 95 
26 39 62 52 26 80 31 30 42 49 
80 14 77 65 15 50 65 10 85 95 
13 57 87 88 97 16 41 90 54 55 
26 46 51 11 57 30 42 37 30 52 
27 94 64 65 85 52 29 88 15  3 
58 75  8 62 50 98  7 84 38 14 
54 22 39 10 47  8 49 51 80 39 
68 29 44 25 78 11 57 97  7 24 
 8 49 54 83 96 76  9 62 77 67 
70 53 32 49 65 79  8 72 95 40 
42 49 30  9 24 11 21 67  8 40 
57 45 100 79 92 71 31 68 82 60 
94 21 42  4 88 95 49 91 11 60 
15 57 34 78 63 84 56 56 34 30 
86 42 86 50 64 74 50 29 94 57 
12 44 63 88 16 37 99 54 46 74 
91 84 78  5 93 70 51 48  2  8 
35 30 30 45 99 72 94 81 24 53 
13 32 86 45 97 83 95 80 51 38 
34 96 42 43 76 44  7 28 20  6 
45  8 42 26 28 94 58 52 87 22 
31 25 96 83 84 55 75 22 31 74 
56 98 78 41 52  3 47 85 29 54 
44 14 63  9 55 69 58 81 40 65 
68 74 76 34 98  9 41  9 73 93 
71  3 98 47  6 60 46 38 64 78 
42 71 42 78 96  4 91 85 75 73 
16 80 85 54  2 35 92 58 37 61 
70 82 95 70 11 74 29 51 54 94 
65 92 44  9 13 32 34 94 59 26 
63 27 83  5  4 92 47 51  3  1 
44 29 94 61 37 38 98 42 14 71 
57 60 94 26 93 39 54 48 88 15 
38 64 92 97 52 30 74 40 18 25 
54 44 53 13 31 92 61 33 50 35 
72 96 44 10 50 98 30 78 71  6 
18 55 11 95  2 51 65 97 58 53 
70  6 72 65 61 85 39 91 21 58 
40 41  2 58 49 55 21 79 16 13 
34 100 10 33 26 28 58 31 22 86 
92 97 10 53 16 92 39 12 35 63 
32 59 13  3 32  4 15 51 11 46 
23 80 53 81 98 63 99 38 77 37 
68  1 51 69  1 71 16 75 94 33 
 2 54 44 19 71 10 80 10 69 22 
82 99 61 82 95 66 11 90 55 19 
49 64 69 80 33 56  5 93 42 83 
45 21 54 30 86 63 67 77 97 63 
66 34 85 86 59 23 40 56 17 74 
25 53 72 53  3 35 39 39 18 61 
55 60 10 63 84 24 28 11 64  1 
37 19 47 17 95  1 85 87 14 56 
22 13 69 72 27 75 32 97 91 31 
69 95 14 39 74 93 16 63 21 54 
70 38  9 76 15 74 32 49  4 46 
20 54  6  3 65 75 11 28 81 68 
34 16 45 14 23  6 27 25 49 49 
 4 58 33 51 89 82 21  5 13 79 
 5 43  7 25 33  8 76 40 97 63 
27 24 12 76 87 79 42 16 87 51 
96 70 100 58 94 26 90 82  9 13 
97 47 28  1 23 59 93 62 64 17 
 6 76 59  8 10 97 74 85 22 90 
75 27 69 66 52 29 27 59 76 42 
55 73 74 28 90 70 52 90 37 48 
37 38 79 94  6 30 11 72  5 88 
72  6 24  9 85 74 78 66 51 31 
73 72  1 60 65 98  6 47 85 38 
82 60 21 88 45 41 43 36 23  1 
34 55 95 28 20 96 83 100 15 35 
16 24 50 91 34 100 30 30 40 96 
34 98 98 73 20 46 26 48 76 42 
 2 57  4  7  4 75 37 93 34 29 
45 16 90 89 63 87 30 72  1 90 
88 24 77 22 90 75 23 86 61 78 
73 27 88 10  5 44 95 94 31 67 
43 10 77 75 39 100 77 24 74 63 
78 96 39 61 90 13 15 68 34 95 
99 90 53 30 14 59 46 64 90 91 
17 95 48 100 38 90 93 52 25 23 
30 30 62 13 12 50 57 55 88 45 
80 46 29 51 28 20 14 62  7 48 
25  5 71 55  4 15 90 30 64 78 
71 31 72  9 56 25  2 16  5 51 
21  5 21 52 78 51 40 36 84 31 
19 25 33 36 90 13  2 97 41 93 
 3 44  5 70 59 28 41 51 37 67 
57  2 18 46 55 89 62  7 94 18 
85 81  5 39 76 34 36 92 95 80 
 7 25 84  8 75 84 25 90 44 32 
90 36 57 34 83 29 66 11 25  5 
 6 98 92 35 76 37 40 39 85 81 
20 77 75 17 99 49 54 78 67 41 
65 68 95 10 99 19 26 23 52 85 
92 33 16 33  8 40 61 90 70 40 
10 21 97 70 37 33 56 84 77 64 
44 13 93 13 92 10 93 50 48 45 
36 76 37 36  8  5 24 64 33 76 
44 37 29 20 69 84 25 92 47 92 
33 22 23 97 49 18 35 24 78 54 
79 24 71 100 86 75 78 26 55 43 
77 49 77 12 78 80 39 63 26 21 
33 20 26 36 24 97 45 65 38 91 
25 70 82 85 32 76  9  6 66 48 
45  3 45 58  2 39 57 20 83 97 
87 87 28 84 42 93 39 65 23 37 
38 88 45 34 54 54 20  5 41 53 
 1  7 38 78 100 10 61 64  5 34 
89 100 49 28 89 17  5  1 53 28 
32 16 79 40 93 94 60 92 10 45 
40 79 74 93 100 54 33 20 80 23 
88 27 48  3  8 24  5  3 65 73 
30 65 80 69 28 62 62 96 83 55 
93 65 77 20 94 66  1  2 26  3 
 5 19 51 78 71  7  2 81 65 30 
39 98  4 65 64 30 91 78  9 52 
 7 86 89 23 49 26 63 17 91 87 
34 44 64 40 74 58 11  3 64 96 
16 29 46  1 47 24 99 79 36 46 
36 54 11  8 65  3 15 51 38 32 
100  4  6 36 18 84 57 90 96 71 
76 41 20 98 81 17 29 51  1 91 
44 17 54 59 32 19 54 91 53 25 
69 72 14 90 48 63 96 79 78 46 
15 10  6 18 26 58 24 94 68 99 
93 43 35 53 51 70 29  1 17 62 
46 76 90 25  2 12 95 73 57 81 
19 29  7 29 81 19 25 76 47 22 
63 93 69 47 57 32  8 63 23 70 
62 80 44 97 97 23 25 18 16 96 
