5 50
25 18 74  8 42 
29 18 34 78 61 
56 39  5 20  2 
56 87 43 95 28 
24  7 49 64 98 
 7 96 26 47 90 
83 65 67 44 37 
 9 99 95  2 70 
55 59 62 17 60 
41 59 95 85 80 
97 67 60 28 92 
29 18 51 24 87 
66 98 67 29 16 
17 88 79 64 10 
76 18 53 27 93 
57 46 25 91  2 
24 51 38  1 90 
77 55  5 56 52 
56 73 51 71 64 
79 72 78 48 22 
 3 71 89 86 42 
96 54 32 81 56 
 2 13 15 72 70 
67 42 43 47 56 
54 95 67 24 31 
58 65 61 97 46 
29 24 48 81 72 
21 35  9 91 31 
36 31 100 36 51 
69 64 57 46 16 
 2 100 18 45 85 
35 26 13 91  6 
76 74 55  9 34 
35 62 92 15 25 
57 40 25 10 49 
96 47 54 73 11 
98 73 47 68 82 
14 80 64 96  4 
46 93 88 79  1 
86 58 17 28 43 
65 15 21 36 59 
38 84 12 44 54 
33 91 62 27 53 
38 45  5 26  1 
26 31 45 31 87 
27 83 26  7 69 
64 68 64 80 63 
 2 66 25 87 38 
20 48 63 80 15 
 4 55 73 76 31 
