2 200
83 55 
17 49 
52 98 
36 68 
96 34 
67 38 
55 14 
19 45 
12 82 
78 52 
21 71 
83 73 
 9 54 
48 53 
93 61 
11 42 
37 12 
30 51 
29 16 
90 50 
99 68 
82 23 
96 74 
38 54 
 3 38 
 6 51 
78 79 
 2 75 
83 93 
95 85 
33 31 
38 18 
54 10 
95 48 
82 16 
73 70 
51 13 
73 16 
52 49 
10 11 
29 95 
64 87 
 5 78 
48 18 
50 53 
55 99 
78 14 
100 35 
45 87 
33 56 
70 23 
85  3 
89 23 
26 11 
37 71 
72 20 
52 31 
76 30 
 3 90 
71 67 
22 29 
21 96 
99 51 
23 61 
90 41 
 5 13 
54  9 
91 86 
16 26 
65 84 
24  2 
74 98 
74 34 
 6 33 
74 22 
11 75 
100  8 
74 92 
51 44 
26 29 
13 28 
17 20 
34 38 
100 11 
67 10 
41 74 
61 81 
49 77 
39 86 
 8 47 
71 36 
34 66 
 1 93 
88 49 
94 86 
28 32 
33 50 
37 18 
81 68 
25 70 
44 13 
12 41 
 1 50 
59 97 
51 53 
66 30 
48 100 
 8 29 
85 89 
47 80 
 2 18 
74 82 
34 75 
10 85 
44 38 
 5 76 
42 52 
49 24 
54 44 
40 53 
42 75 
68  2 
 4 25 
49 78 
94 84 
25 55 
13 47 
47 21 
31 26 
41 69 
68 86 
51 97 
88 43 
36 22 
 9 14 
32 95 
74 71 
91 98 
93 13 
88 28 
45 11 
59 29 
15 89 
77 30 
83 60 
94 83 
72 47 
88  5 
90 34 
92 61 
53  7 
10 27 
76  3 
39  1 
87 49 
88 43 
46 55 
66 40 
46 57 
49 22 
23 67 
65 89 
95 17 
88 51 
86 30 
45 66 
64 43 
19  1 
78 49 
70 85 
73  4 
56 35 
26 43 
60  7 
73 25 
22 90 
47  3 
84 80 
57 34 
59 94 
99 60 
51 99 
53 53 
22 25 
95 46 
41 72 
32 57 
 5 20 
 4 37 
28 54 
40  3 
27 70 
30 61 
64 39 
54 75 
35 70 
32 38 
61 31 
48 78 
30 82 
