5 200
37 43 67 68 45 
25 99 30 61 54 
16 12 86 38 25 
72 48 66 82 65 
 6 85 46 11 20 
 8 34 59 57 15 
36 35  6 82 96 
12 39 39 28  8 
78 23 17 97  6 
77 43 68 49 78 
44 26 89 40 42 
15 99 83 57 64 
51 45 62 11 68 
74 58 84  3 78 
 4 12 92 12 71 
52 23 24 77 27 
 4 12  7  8 22 
48 39 56 33 55 
39 55 16  3 18 
39 95 57 21 31 
91 93  1  3 55 
30 87 54 49 27 
10 86 94 24 36 
61 69 30 51 36 
71 58 11 76 66 
27 68 66 41 46 
20 51 41 88 26 
69 62 51 18 47 
 5 79 45 60 70 
52 96 42 13 80 
62 68 15  6 11 
 7 54 44 74 24 
81 17 48 68 78 
34 74 33 19 75 
87 17 59 90  9 
41 60 69 34 90 
64  4 21 93 23 
69 37 96 21 57 
71 90 18 74 33 
18  3 98 97 42 
97 15 98 51 73 
65 67 84 32 92 
49 58 82 49 47 
29 27 67 15 66 
36 79 33  5 51 
74 46 73 21 67 
98 88 81 47 40 
56 97 92 19 18 
27 60 36 31 63 
54 84 80 19 24 
90 82 62 80 72 
99 95 55 99 79 
43 47 57  8 19 
45 39 44 90 92 
50 96 57 84 14 
95 58 20 88 44 
56 77 29 31 56 
60  8 41 49 98 
95 77 18 89 80 
 5  1 53 41 82 
100 92 57 50  1 
66 70 29 31 70 
10 30 82 29 60 
51 61 12  9 12 
85 58 87 75 46 
45 94  5 84 21 
 8 73 38 56 55 
46  9 36 70 75 
19 86 100 91 83 
 1 25 26 86 91 
 7 54 63 32 17 
59 42 83 69 55 
25 40 58 20  4 
40 52 90  7 46 
42 58 28 10 71 
50 90 78 60 77 
65 13 34 95  8 
75 50 18 50  3 
89 39 99 75 50 
34 53 17 56 57 
34 33  9 47 22 
44 76 60 22 51 
40 96 10 31 63 
85 18 46 83  5 
48 41 87 83 38 
84 49 49 70 20 
40 83  1 39 83 
82 61 13  5 48 
75 63 72 33 14 
82 55 78 92 44 
75 46 97 37 48 
50 50 89 36 50 
32 19 65 22 38 
35 18 95 93 48 
63 13 22 70 86 
77 19 24 58  9 
16 35 77 100 54 
 7 68 56 10 89 
85  4 56 72 99 
89 74 16 12  2 
80 64 53 95 70 
19 49 79 54 86 
92 68 69 11 24 
32 84  1 99 42 
40 77 12 34 95 
10 56 43 38 14 
86 72 38 35 54 
57 70 11 16 98 
83 19 63 35 61 
 1 80 18 48 13 
 1 72 88 85 16 
55 89 23  2 81 
 2 52 50 48 22 
14 26 14 17 90 
54  8 76 83 92 
11 82 30 69 32 
72 21 35 26 26 
66 63 33 68 47 
77 50  4 37 18 
47 16 10 22 97 
37 16 16 22 75 
13 10 72 56 85 
72 69  7  1 41 
18 89  1 23 49 
85 42 56 16 65 
18 46 38 28 44 
30 15 58 84 71 
62 53 57 69 97 
53 31 76 38 30 
84 15 16 25 77 
100 27 28 60 97 
96 51 54  5  5 
22 64 15 87 40 
19 23 17 96 94 
69 20 24 18  5 
60 89 81 12 19 
79 77 44 11 59 
23 21 21 91 25 
25 96 73 38 90 
40  5  8 31 59 
 9 86 56 85 33 
13 53 21 13 23 
92 26 87 73 52 
 5 17 18  3 40 
48 29 81 73  6 
28 96 24 66 52 
30  3  4  2 84 
51 53 67  2 38 
63  4 13 28 73 
81 100 81 61  7 
99 38 59 97 24 
42 11 58 17 19 
16 91 91 18  1 
87 79 93 43 94 
 9 34 88 24 98 
93 53  9 22 100 
45 94 51 11 94 
81 68  2 47 57 
93  9 43 19 49 
69  6 13 15 25 
48 94 52 90  2 
53 84 56 32 25 
 2 61 11 71  4 
54 40 67 32 85 
 6 59 82 34 93 
88  2 73 66 17 
92 44 28 34 93 
76 34 43 19 95 
29 26 23 75 86 
54  9 91 99 59 
12  5 17 40 19 
99 26 22 84 24 
22 78 27  9  9 
 5 76 11 14  5 
75 47 37 38 56 
54 85  5 75 47 
31 19 47 19 22 
26 57 98 20 20 
46 56 99 57  9 
56 57 29 18 65 
11 19 56 79 34 
80 11 64 20 84 
14 40 63 91  6 
44 75 41 19 88 
82 80 19  8 30 
86 67 64 36 14 
95 33 31 89 85 
75 65 100 85 32 
30  7 39 32 87 
59 44  7 94 28 
54 38 30 70 37 
86 90 76  7  7 
100 49 36 22 19 
92 68 33 62 48 
26 82 50 43 97 
33 38 81 24  4 
26 25 52  3 46 
 1 28 47 77 22 
66 54 30 100 74 
54 43 87  5 92 
