5 100
25 14 55 74 78 
92 80  6 18 81 
66 81 88 47 23 
68 12 32 100 26 
72 57 94  4 82 
51 25 62 35  8 
90 60  2 34 32 
 9 50 79 82 10 
88 69 30 97 15 
55 12 19 53 62 
58 43 93 47 85 
56 33  4  2 34 
76  6 54  8 69 
22 24 37 49 22 
79 77 33 47 76 
51 14 68 19 55 
17 100 80 50 84 
38 30  3 28 43 
54 96 46 49 22 
82  5 84 84 63 
 6 31 58 49 30 
78 19 84 19 97 
97 99 46 72 67 
33 79 55 97 24 
24 36 74 88 82 
66 39 59 78 90 
57 37 57 52  5 
71 66 52 11 12 
79 78 29 30 25 
35 48 96 100 47 
32 42 58 28 13 
22 38 78 65  5 
95 73 10 49 59 
59 47 52 58 68 
74  6 51 68 20 
60 97 61 57 11 
79  2 36 55 20 
67 53 59 62 49 
76 81 64 72 11 
99 13 11  3 71 
29 32 62 50 62 
52 64 46 28 44 
12 74 26 19 44 
60 89  9 47 74 
19  5 15  4 60 
 8 31  8 91  1 
64 19 46 84 42 
22 31 24 28 45 
40 32 57 67 14 
40 45 12 60 96 
36 60 26 89 59 
32 15 59 66 18 
22 96 31 35 43 
57 26 58 16  9 
57 52 100 38 100 
47 68 92 24 97 
17 46 52 89 26 
 7 42 58 83 93 
93 98 53 46 56 
77  4  3 82 81 
68 44 26 17 51 
48 47 54  2 72 
25 80 31 92 13 
34 76 84 11 69 
53 92 28 46 73 
71 72 97  8 53 
66 80 85  3 69 
92 57 18 38 17 
18 55 51 33 96 
69 97 78 99 87 
19 75 93 77 25 
97 47 68 13 16 
39  4 26 84 20 
 5 46 92 52 84 
17 87 91 51 12 
49 23 20 67 63 
65 36 48 46 71 
70 43 75 46 90 
92 47 14 74  3 
30 75 24 42 82 
43 28 99 72 41 
78 80 28 90 46 
44 11 70 50 84 
64 51 88 22  9 
99 17 39 99 67 
36 34 77 80 97 
87 33 43 18 46 
 2 42 94 12 45 
13 28  7 70 80 
46 82 94  7 33 
68 100 83 23 10 
45 78 13 82 92 
79 28 62 62 61 
53 62 31 76  1 
92 89 70 89 36 
28  7 43 10 33 
14 69 21 59 58 
28 11 55  9 71 
79 13 75 10  5 
26 99 65 56 86 
