2 200
95 89 
89  3 
64 72 
82 48 
59  2 
65 15 
 8 92 
85 87 
51  4 
51 98 
16  1 
64 48 
95 52 
45 62 
84 91 
 4 21 
67 20 
42 23 
11 71 
80 15 
 7 97 
12 54 
87 72 
84 49 
 5 26 
17 33 
11 97 
48 32 
94  8 
73 73 
33 44 
88 66 
13  9 
 6 41 
69 74 
96 14 
 2 88 
22 38 
34 61 
16 53 
 7 51 
43 29 
70 45 
41 19 
56 81 
43 16 
23 88 
57 72 
44 31 
59 26 
26 63 
46 13 
85 44 
57 84 
73 46 
42 80 
92 27 
30 75 
76 63 
 5 67 
66  9 
75 96 
83 40 
30  3 
84 49 
 2 58 
59 32 
76 58 
61 51 
78 40 
62  8 
76 30 
91 63 
74 38 
38 95 
93 66 
39 90 
83 56 
12 81 
74 62 
22 62 
46 19 
44 98 
 1 12 
92 85 
100 23 
67 64 
75 42 
60 13 
41 68 
23 64 
73 90 
24 28 
56 62 
28 59 
92 60 
33 18 
17 44 
16 63 
78 72 
46 73 
27 37 
27 62 
23 80 
64 72 
90 40 
94 63 
31 58 
39 89 
41 63 
 7 72 
96 27 
26  9 
19 49 
31 41 
75 84 
34 83 
75 56 
48 77 
74 97 
94 67 
49 86 
10 55 
60 32 
72 75 
57 32 
87 70 
19 53 
51 69 
 8  4 
 8 86 
40 20 
 5 68 
54 68 
92 51 
73 70 
15 24 
59 30 
47 96 
23 12 
97  7 
 8  3 
82 74 
 5 77 
 2 45 
39 51 
23 66 
29 50 
66 32 
 5 55 
65 91 
97 54 
62 22 
 7 15 
63 69 
 7 76 
19 77 
20 33 
27 87 
99  9 
85  2 
62 86 
27 18 
57 70 
65 27 
29 49 
 7 69 
 2 95 
93 56 
90 90 
32 91 
65 46 
 7 61 
87 15 
74 63 
57 92 
41 47 
64 11 
48 44 
97 46 
 5 91 
80 53 
59 29 
43 48 
22 45 
35 40 
100  5 
57  9 
59 78 
67 69 
11 36 
11 31 
18 78 
87 60 
77 75 
62  1 
90 88 
24 84 
96 100 
90 71 
