20 20
61 68 29 37 45 31 44 90 94  4 94 62  4  2 92  1 95 77 96 72 
82  9 80 91 27 26 35 90 15 83 62 37 46 68 13 20 50 82 52 20 
35 67 25 27 97 100  4 74 46 12 59 69 100 99 76 37 59 97 66 28 
93  9 98 86 20 77 87 41 45 88 14 13 24 41 62 19  5 21 38  9 
61 93  4 29 31  2 43 59 35 70 81 58 59 81 59 25 85 48 79 41 
62 29 24  6 38 21 37 40 64 10 57 99 41 80 13 47 21 20 21 47 
52 85 16 25 99 25 24 25 44  2 92 83 75 38 85 33 24 58 41 25 
54 53 82 23 88 73 27 16  2 81  1 78  9 43 34  2 20 56 20 73 
87 86 20 55 60 92  9 30 88 77  3  1 18 11 69 73  1 65 54  7 
14 56 76 36 59 11 32 48 49 81  8 29  7 59 32 54 21 94 95 61 
93 81 55 38 79 21  9 49 99 88 62 40 98 30 68 19 65 35 46 53 
49 71 52 99 10 77 19 14 99 26 80  1 63 29 69 31  2 51 90  5 
21 23 83 83 62 73 31 68 16 20 43 42  4 33 79 40 98 74 80 36 
11 80 20 43 37 91 65 70 68 44 89 64 73 59 30 16 13 73 92 21 
 8 62  1 41 78 22 83 67 33 76 82 75 78 93 95 51 64 79 90 91 
36 66 65 68 22  5 12 81 17 41 16 85  9 65 44 41 72  9 33  2 
55 69 12 87 79 73 16 49 41 43 91 76 26 97 83 42 26 97 12 76 
75 89 64 71 44 91 19 89 33 19 74 59 59 67 17 80 94 81 34 24 
50 78 40 69 81 36 54 74  1 37 14 45 41 91 43 94 71 51 37 100 
24 18 78 37 12 71 74 13 94  8 34 65 29 49 68 54  2 67 31 51 
