5 200
15 23  3 69  4 
75 71  6 51 15 
73 43 27  5 24 
31 28 18 93 73 
95 92 20 70 11 
98 88 44 34 67 
95 89 63 98 86 
85  5 15  3 25 
 8 53 93 89 87 
66 36 66 63 30 
40 57 31 48 86 
94 40 96 78 90 
42 38 66 19 41 
97 86 36 53 45 
 5 84 88  7  3 
 1  2 47  7 53 
47 57 45 78  1 
85 42  8 91 37 
15 91 32 38 53 
88 68 67 30 95 
16 91 26 64 51 
79 17 61  1 80 
46 21 96 16 95 
86 67 87 84 21 
79 28 97 15  7 
90 73 19 56 99 
32 46 72 16 94 
22 15 52  2 40 
72 97 54 48 13 
86 77  3 47 52 
78 57  3 28 49 
71 12 54 90 86 
42 89 61 93 56 
34 56 36 90 59 
15 70  7  2 86 
43 58  4 31 62 
79 20 70 91 95 
83 34  6 51 62 
10 66  9 40 77 
35 52 60  7 77 
41 60 57  5 66 
58 85  8 95 67 
53 47 54 13 91 
23 28 41 73  7 
44  8 12 69 52 
49 62 42 71 63 
40 36 11 34 47 
15 46 12  8 10 
77 67 25 10 47 
10 71 32 17 62 
36 78 39 96 94 
61 27 12  8 86 
75 16 28 82 35 
88  4 48 52 98 
25 27 18 28  9 
72 72 59 63 49 
78 15 58 97 75 
 1 12 45 68 15 
62 81 90 59 75 
 7 63 33 16 72 
44  6 69 78 21 
83  4 91 71 44 
86 40 16 27 22 
17 25 11 25 97 
15 84  7 32 89 
78 73 70 37 22 
44 94 77  8 86 
 4 36 88 49 96 
14 33  8 27 62 
90 77 36 54 48 
89 71 63 96 25 
87  4 76 40 63 
53 63 79 37 77 
23 73 25 40 61 
49 47 46  9 84 
68 66  3 68 93 
99 60 50 52  6 
55 14 47 44 72 
76 54 75 18 99 
74 26 42 40 40 
 6 32  6 28 23 
21 12  2 23 30 
63 97  8 26 13 
95 72 16 68 55 
90 48 84 79 61 
95 99 17 98 11 
96 10 49 92  6 
36 38 24 44  9 
26 40 20 84 32 
92  1 39 61 83 
 1 52 67 100 77 
94 64 84 89  7 
67 100 40 43 31 
 1 82 23 21 29 
73 78 73 41 93 
27 93  1 81 48 
 9 83 47 12 36 
 6 17 67 59 65 
91  8 54 57 63 
19 13 96 69 40 
55 34 66 77 93 
 5 65 45  2 17 
67 10 52 54 97 
75 38  5 14 31 
71 34 88 81 44 
63 79 11  4 96 
90 97 89 28 47 
15 61 81 31 88 
31 67 52 35 94 
24  9 17 13 42 
87 92 17 51  4 
61 93 46 21 44 
22  9 12 40 60 
56 93 61 71 26 
47 44 32 17  4 
89 36 35 82 90 
43 81 50 54 14 
 1 87 46 87 83 
 6 78 85 90 54 
41 28 79 78 29 
41 72 61 29 41 
 4 10 82 66 66 
77 47 39 37 11 
89 97 18 55 86 
75 30 22 16 94 
41 100 22 23 26 
95 59 80  6 18 
11 62 81  2 70 
22 53 87 13  2 
43 37 88 81 75 
78 62 40  1 85 
18 30 84 39 48 
49 31 100 41 93 
78  8 20 80 88 
 6  3 79 49 85 
63 38 29 16 36 
37 59 68 88 12 
90 64  4 80 68 
60  8 29 33 58 
54 69 90 31 74 
89 52 76 67  7 
75 85 100  6 53 
15 56 69 52 48 
21 47 75 53 87 
79 58 12 61 84 
75 92 26 93 47 
56 22 43 54 92 
89 75 27 68 31 
41 100  6 16 38 
75 75 98 54 90 
55 84 36 47 30 
82 93 65 16 53 
40 73  7 38 63 
69 54 49 28 59 
43 79 16 99  7 
84  1 51 66 68 
12 16 31 18 19 
82 86 30 87 16 
 8 73 48 59 85 
27 17 61  4 11 
96 25 82 98  4 
46 26  9 28 25 
85 14 70 72 21 
65 51 37 82 28 
12 84  3 84 18 
60 30 95 44 98 
95 18 87 31  3 
84 28 47 82 68 
58 32  3 100 57 
40 19 28 62 32 
44 52 56 33 83 
47 81 28 11 12 
16 68 32 28 45 
 3 16 49 72 86 
33  8 24 61 96 
 1 22 70 80 84 
100 75  1 41 40 
38 42 33  4 28 
51 74 76 72  8 
26 82 82 50  5 
65 13 72 94  7 
72 53 86 49 64 
97 57 74 20 56 
84 37  1 72 71 
69 38 60 53 76 
89 16 20 83 42 
62 67 14 24 62 
98 47 77 43 58 
81 34 12 34 46 
97 96 63 87 87 
51 55 32 86 17 
61 34 69 39 79 
54 16 95 63 24 
56 88 68 94  6 
46 39  5 38 60 
33 65 70 63 18 
18 42 16 10  8 
80 31 49 95 93 
46 30 87 57 37 
59 16  6 57 32 
