20 50
31 20 25 70 29 94 50 34 48 14 76 87 25 80 67 54 100 52 80 99 
36 62 12 57 45 60 69  8 15  7 100 71 48 27  2 53 93 26 50  6 
29 37 42 13 53 45 68 55 79 50 75 41 66 69 65 32 89 63 89 60 
46 41 52 40 69 34 59 32  1 93 87 45 31 43 88 81 20 91 70  2 
32 34 73 98 82 55 83 21 93 24 16 45 100 33 44 27  2 50 75 43 
37  4  5 56 67 27 30 66 28 16 29 43 71  6 64 96 69 53 74 51 
33 33 100 45 79 28 37 25 53 38 18 86 27 61  2 76 88 36 25 69 
42 75 65 40 59 12 67 37 98 44 31 60  9 91  4  6 45 47 39 52 
16 88  9 55 42 72 91 50 73 53 72 25 83 86 41 83 68 18 21 82 
11 31 80 33 73 68 53 91 90 24 56 71 25 71  2 78 22 68 56 73 
85 84 68 76 87 68 87 10 99 75 15 22 44 81 47 19 100 96 78 98 
19 17 38 77 71 88 68 91 61 33 39 12 90 14 12 41 37 97 37 20 
60 85 15 10  8  6 99 81 57 94 65 70 64 98  6  7 14 23 78 18 
79 40 45 36 11 87 49 15 41 74  7  1 50 47 87 96 31 96 39 99 
46 88 77 36 61 89 23 87 91 74 66 10  3 62 65 37 95  2 29 68 
14 36 15  6 61 76 77 84 34 16 87 27 58 60 59 13 36 24 75 54 
52 74 85 67 33  7 86 75 25 27 63 99 74 63 93 98 94 46 89 16 
26 89 24 54 97 33 79 14 31 43 45 62 84 22 82 72  1 36 96 82 
85 48 37 44 99 65 16 53 41  1 98 66 16 25 28 15 10 77 95 47 
90 95 36 33 80 99 60 39 38 19 18 34 32 26 51 31 91 21 79 96 
 3 27  7  3 56 25  4 58 65 99 93 72 46 32 58 43 35 73 43 87 
98 45 36 38 69 57 58 93 27 35 38 55 63 57 32  9 94 97 41 77 
95 91 50 51 46 69 81 62 94 43 63 80  8  5 91 97 12 67  2 35 
100 86 30 100 32 14 55  8 77 74 29 83 54 48 39 50 72 58 83  9 
88 15 64 26 91 88 61 10 83 78 32 17 21 100 93 62 36 59 37 17 
49 37 62 86 56  6 25 24 26 83  7 36 86 12 83 66 30 55 29 79 
 6 30 93 44 70 17 93 30 35 63  9 82 45 24 21 59 92 76 13 18 
55 92 39 35 29 57 37 73 99 99 37 29  8 31 60 18  9 85 22 34 
61 37 33 59 20 44 94 69 48 62 52 56 42 99 76 99 79 66 42 52 
78 61 92 28 41 69 80 72 42 38 85 57 22 47 65 48 49 54 77 94 
86 91 80  7 28  6 76 56 45  7 50 97 24 37 35 49 84 70  3 42 
18  2 38  3 98  1 99 83 84 53 99 13 73 66 35 95 82 73  4  5 
53 49  2 23  5 21 73 32 91 61 90 27  4 50 41 37  1 95 29 68 
48 42 13 97 25 19 16 90 55 48 93 43 71 33 27 92 83 97 30 60 
 3 47 62 13 66 45 53 29 20 96 68 62 28 50 73 18 23 99 57 13 
95 93 40 91 71  9 63 16 95 31 45 26 30 39 90 27 64  7 66 89 
71 43 64 85 19  4 43 38 13 34 44 77 37 36 57 35 53 96 59  9 
17 16 75  1 85 62 79 71 87 39 58 45  2 39 95 13 37 75 11 93 
31  7  3 57 80 66 24 37 50 50 56 22 18 63 64 48 51 51 31 78 
69 10 34 41 85 44 74 70 45 43 35  9 32  6 45 67  4 21 94 100 
51 49  7  2 92 37 30 58 28 88 80 57  2 65 63 86 43 13 40  9 
53 63 65 51 93  2 51 13 75 47 49 23 31 42 51 88 87 75  6 66 
41 36 44  2 29  9 90 65  9  7  6  3 40 80 60 94 21 82 22 86 
57 54 46 61 81 74 39 91 84 42 68 17 26  3 44 62 100 42 99 68 
75  6 28 77 68 22 70 89 100 19 50 90 95 54 18 100 24 86 86 39 
39 47 58 55 98 44 14 38 97  9 23 82 51 23 92  1 17 94 82 51 
53 81 25 21 80 14 52 41 29 52 78 44 83 77 40 43 34 60 86 33 
95 21 12 90 26 37 33 65 43 73 38 31 81 55 22  6 45 38 91 31 
90 80 71 99 62 53 91 33 45 78 80 70 84 14 25 86  5 80  1 74 
43 95 86 65  3 31 57 80 44 10 51  2 38 81 14 20 43  7 25 14 
