10 20
26 84 43 58 37 17 85 19 45 88 
 9 11 18 82 67 69 13 85 96 57 
61 47 45 16 62 45 88 83 94 32 
93 36 93 91  3 95 62 23 31 19 
90 80 83 55 20 100 60 90 75 34 
90 77  1 80 39 83 29 27 94 77 
51 30 49 67 84 99 44 10 81 87 
71 56 11 56 34 65 54 90 14 80 
87 31 26 77 14 36 78 74 37 58 
77 41 65 87 76 94 60 36 43 60 
73 19 92  5 38 48 80 15 69 59 
 4 48 90 41 58 68 37 15 84 43 
11 46 81 71 19 54 29  8 45 55 
100  6 85 26 20 17 39 94 25  8 
53 88 100 63 30 69 78 88 40 99 
97 56 24 11 76 91 65 25 69 45 
64 16 19 83 51 50 85 16 66 47 
69 50 87 38 70 76 27 10  2 39 
60  9 43 30 65 62 26 74 100  8 
26 94 81 97 40 41 81 86 40 28 
