10 20
36 90 80 95 58 47 98 83 58 14 
62 16 50 40 10 68 50 32 44 25 
97 63 31 74 12 90 99 66 72  2 
 8 91 47 64 62 19 17  4  2 56 
49 58 67 26 76 22 83 54 50 50 
25 70 34  1 39 32  9 13 64 56 
61 25 49 75  2 85 81 59 10 49 
71 47 55 70 34 76 19 80 74 89 
 7 22 90 20 80 76 33 36 46 22 
55 56 74 56 84 76 71 75  1  6 
56 63 95 63 32 37 84 29  6 48 
44 82 13 56 20 63 74 61 94 80 
72 61  1  7 12 56 73 16 22 13 
 4 52 40 12 72 65 55 94 14 95 
95 47 50 95 52 10 68 69 70  9 
68 27  8 40 39 83 39 50 31 59 
12 98 29 43 19 86 92 99 35 96 
97 31 31 77 28 89 33 23 78 71 
39 56 45 12 51  8 63 34 79 83 
15 64 54 35  2 34 74 67 25 79 
