10 100
 1 21 76 98  5 57  7 92 70 12 
36 83 10 73 38 95 82 51 37 68 
90  2 50 69 43 68 86 10 32 68 
81 28 35 65 62 55 81 14 79 92 
17 51 67 87 16 28 75 95 69 18 
94 48 44 94 40 40 49  8 67 85 
25 41 71 62 23 44 41 56 80 22 
90 52 70 28 88 69 72 40 30 48 
80 87 77 98 46 32 42 21 73 42 
32 98 92 39 64 74 19 44 28 23 
80  2 49  7 67 89 10 56 53 26 
88 75 78 88 63 40 53 30 56 89 
50 82  2 84 53 65 94 99 19 18 
93 44 17  4 67 37 69 57 39 25 
66 86 81 61 45 20 58 84 75 99 
92 88 38 58 54 68 58 54 55  9 
82 58 72 84 74 55 58 69 25 93 
76 15 99  1  7  3 42 32 57 97 
85 14 69 47 90 46 57 40 25  7 
61 65 55 90 46 71 49 42 55 47 
57  4 75 18 83  4 40 85 89 69 
25 93 96 56 77 62 13  4 15 21 
43 95 55 40 25 26 19 37 62 74 
85 17 59 11 53 94 14 49 31 97 
43 50 77 83 93 40 89 16 69 59 
59 72 55 89 37  7 34 77 99  6 
41 65  5 10 51 56 63 42 94 20 
37 54 48 17 28 86  1 37 65 52 
36 22 79 38 55  9 79 12 56  4 
100  2 77 12 33 79 93 44 49 98 
59 84 22  4 87 93 10 44 71 21 
94  4 23 38 87 71 30 43 10 87 
93 50 61 20 76 83 40 24 16 95 
20 90 76 95 83 12 30 27 82 86 
90 56 46 100 23 48 15 58 11 72 
26 79  7 48 53 89 84 27 21 62 
 8 92 27 17  8 88 28 37 99 46 
 5 100 84 81 20 33 74 73 67 21 
16 27 83 76  3 80 31 83  7 16 
10 62 87 28 10 10 32 24 44 35 
74 95 34  2 28 45 41 91 44 57 
64 85  9 57 46 85 70 50  8 40 
29 90 65 30 87 42 24 82 66 46 
35 57 37 98  2 71 61 37 23 38 
60 58 25 60 20 43 14 44 90 82 
19 67 51 17 33 51 69  3 28  2 
 2 36  1 95 64 40 94 92 45 80 
78 17 82 35 67 40 92 100 74 57 
81 29 40 46 76 28 50 49  9 21 
97 52 11 65 51 40 35  1 81 51 
98 96 82  4 80 16 15 14 67 30 
 2 81 45 49 97 91 80 83  1 99 
88  8 72 98  7 36 50 52 94  5 
18 15  2 72  9 86 52 69  9 51 
35 41 63 66 98 23  1 62 14 36 
28 36 40 65 60 86  4 77 42 43 
29 66 54 35 66 48 13  2 11 40 
39  1  2 45 93 72  1 95 63 24 
 7 53 15 94 73 68 66 70 17 40 
 9 89  1 21 18 81 69 30 70  8 
82  7  7 46 47 92 54 28 76  2 
27 22 98 16 49 23 25 48 54 62 
37 23 89 84 66 66 51 68 46 75 
 8 96 77 54 100 54 24 48 95 47 
47 96 97 96 75 59 17 53 88  2 
78 50  2 88 15 81 50 39 95 10 
26 23 58 97 23  5 41 55 17 29 
75 69 18 19 99 50  4 32 70 36 
21 37 66 59 52 79 73 13 81 86 
80 85 11 25 55 14 95 62 11 22 
57 24 43  8 30 32 56 36 87 100 
10 32 98  8 16 64 12 59 56 69 
48 95 66 25 83  3  2 16 90  7 
59  6 12  5 28 79 86 75 22 12 
88 79  1 26  7 72  6 45 76 64 
76 30 20 27 13 56 44 26 50 70 
56 46 82 32 56 61 42 66 22 57 
73 11 85 22 14 45 14  2 65 14 
 4 79 10 44 60 58 38 42 11 74 
 4 60 16 50 48 16 65 53 77 12 
24 82 66 25 62 23 80 93 50 76 
43 39 86 54 79 17 98 43 61 26 
34 46 20 27 95 90 87  2 19 57 
55 46 86 72 58 63 76  5 53 33 
58 53 39 78 58  2 85 97 39 61 
28 50 91 65 20 85 47 84 95  6 
93 63 61 75 78 35 30 89 65 16 
58 44 100 55 72 65 19 55 25 15 
 9 31 84 65 88 35 57 14 90 37 
50  4 14 15 47 36 89  8 94 59 
14 33 79 86 46  1 65 87 18 30 
22 58 43  8  6 57 41 20 97 15 
22 36 21 59 27 96 18 28  2 35 
18 94 56 14 70 16 18 84 55 39 
85 69 82 30 22 75 10 62 68 58 
39 79 92 24 27  5 55 76 46 43 
42 61 65 89 79 76 16 28 48 40 
23 62 63 67 98 36 51 36 96 42 
 4 56 53  2 61 95 48 22 63 80 
13 56 20 21 36 78 94 39 49 80 
