10 20
89 87 19 28 67 53 58 17 40 33 
66 85 94 59 26 21 68 26  3 94 
18 15 40 73 21 84 99 85 77 55 
 9 91 95 69 27 21 80 21 24 26 
22 34 80 31 10 100 62 57 37 72 
73 49 62 88 38 84 35 44 94 72 
64 67 45 46 85 38 47 97 85  7 
31  2 46  8 86 32 76 41 34 77 
71  7 64 94 28 75  8 32 81 82 
50  7 74  7 25 68 68 90 99 15 
46 26 33 46 43 13 68 81 29 24 
 1 80 57 50 11 15 78 83 80 49 
 9 30 72 81 58 22 99 97 47 55 
 1 94 73 28 88  7 43 39 76 35 
98 14  8 77 67 68 74  4  3 94 
45 47 95 55 96  3 57 97 13 99 
84 34 55 38 50 73 33 69 34 44 
 3 74  6 44 73 15 79 80 59  4 
24 51 16  9 32 94 26 77 77 79 
76 28 84 52 45 89 80 60 69 87 
