20 100
69 74 66 35 65 79 19 84 20  5 71 20 39 59 32 49 59 10 96 97 
80 61  5 69 76 10 79  1 30  3 60 82  9  1 62 44 33 54 27 38 
43 72 81 89 19 74 52 30 72 90 88 83 36 36  3 56 62 73 88  9 
78 100 43 68 70 70 72 76 53 14 31  8 92 80 71 59  4 27 46 61 
44  6 45 16 10 74 65 26 24 26 64 55 20 65 81 22 87 66 42 18 
66 22 62 71 80 72 81 86 88 24 98 90  4 70  3 87 38 77 30 84 
13 48 71 99 28 42 57 33 94 88 76  7  9 22 60 99 66 69 89 99 
16 51 41  2 47  9 11  1 42 55 52 39 58 56 56 45 85 59 24 71 
97 29 40 64 81 35 12 76 15 98 58 16 96 15  4 85 69 84 27 94 
100 79 70 93 24  6 35 19  8 92 48 93  7 78 44 18 81 40 55 53 
67 82 36 36 89 97 95 60 80 74 75 27 55 28 92  6 32 71 98 32 
12 77 61 37 83 20 73 80 94 98 18 92 100 57 44 27  6 88 96 66 
56 68 47 37 95 86 56 29 31 50 23  4 10 56  9 39 68 82 19 56 
41 39 84 14 53 16 60 36  6 88 14 47 49 91 55 92 93  1 75 67 
76 13 47 25 14 17 53 95 83 43  7 78 39 94 76 73 23 65 73 70 
28 71 19 99 95 57 16 39 85 68 22  1 49 69 83 34 97 78  5 97 
87 56 82 96 91  8 33 22 41 96 66 17 41 65 57 28 69 47 49 32 
14 61  7 81 13 89 89 45 44 42 58 83 96 26 15 54 58 22 48  5 
30 78 26 48 89 47 39 77 97 51 25 94 77 95 57 76 90 81 45 81 
57 98 84 19 87 10 72 57 81 30 92 64 33 72 46 87 77 22 60 95 
52 92 68 85 54 20 11 58 95 93 47 42 93 67 61 77 75 98 74 61 
85 29 68 35 77 43 99 16 88 52 27 53  5 35 57 17  8 25 29 80 
44 26 42 61 56  5 56  1 95 14 41 70 24  1  4 36 95 52 40 62 
23 29 21 92 87 58 70 47 23 42 81 93 57 41 93 66 45 71 87 71 
38 63 49 50 26  7  5 66  4 56 69 51 74 66 86 52 17 47 51 17 
66 17 24  1  5 78 18 55 89 10 78 33 18 17 89 65 34 45 84  6 
 8 56 28 19 51 90 46 39 43 28 95 78 59 27 74 15 63  6  4 30 
12 35  6 53 42  1 20 22 78 37  1 14 72 99 33  4 94 49 15 16 
 5 55 32 62 14 95 56 20 17 85 82 58 10 58 93 22 11 73 30 73 
99 60 93  4 75  7 94 17 71 61 83 40 67 64 93 74 96 59 90 88 
88  5 51 28 63 45  5 58 54 22 21 44 52 85 49 11 86 87 84 19 
61 56 29 78 97 70  8 67 98 20 73 18 72 29 85 60 59 60 34 77 
36 28 37 56 96 35 96 41 55 90 25 60 61 37 68  9 23 29 68 41 
45 32 52 73 63 47 64 68 76 73 32 96 20 96 98 12 59 41 72 98 
91 70 17 43  7 59 16 18 24 52  9 28 69 81 34 72 81 26 39 79 
78 68 48 69 79  1 94 81 95 19  5 33  2 35 33 28 39 15 88  7 
 3 64  1 57 11 98 68 91 92 58 18 50  7 18 63  1 28 74 98 80 
23 96 93  2 83 40 65  5 13 82 61 24  7  4 60 99 64 79 14 56 
 5 32 25 20  9 80 52 25 11 68 24 43 77 54 17 82 92 79 53  7 
53 99 73 10 20 64 46 88 32 25 74 11 41 79 23 67 92 44 47 72 
37 95 60 94 100 84 83 100 59 76 99 56 23 43 17 99 46 69 61 44 
85 30 54 87 84 20 10 45 29 95 13 73 75 81  3 53  7 90 84 71 
18 32 60 30  4 49 89 49 19 65 67 68 40 15 82  7 71  7 75  4 
54 17 91 50  1 79 60 100 43 100 20 31 48 33 56 77 85 87  4 59 
45  1 61 66 61 76 27 62 44 51 71 91 11 100 30 33 73 46 12 52 
26 66  8 62 90 73  6 39 56 79 88 96 83 17 24 73 83 66 12 45 
54 74 14 19 32 92 42 97 11 20 84 44  4 92 17 38 22  8  6 48 
95 11 72 96 93 74 76  5 21 23 48 63 78 47 10 49 53 31 45 57 
43 78 52 77 21 95 96 59 59 27 18 69 67 16 16 12 100 18 77 30 
64 28 80  1  3 91  6 35 19  1 28 77 41 58 39 50  6 66 78  7 
73 68 64 77 32 48 30 13 59 80 53 23 85 25 24 22 52  9 51 76 
84 31 35 89 53 37 14  9 48 85 91 92 53 19 96 54  7 48 29 15 
81 37 97 50  4 62 39 18 65 76 29 63 61 19 33 20 87 48  2 79 
72 61 67 77 69 36 18 39 51 31 24 23 19 42 26 83 26  7 66 46 
 9 76 33 59 99 51 73 30 75 28 34 26 34 25 26 62 88 50  6 59 
87 22 69 99 18 58 18 49 97 100 18 82 40 11 45 59 77 59 19 71 
38 64 95 89 74 32 94 63 87 84 95 48 92 81 96 21 32 16 71 77 
11 67 61 62  9 53 30 66 100 48  3 42 30 93 93 33 22 45 38 40 
14 52 95 94 36 19 75 74 93 18 89 74 29  6 36 84 52 19 55 100 
41 17 41  7 78  1 76 81 98 32 28  9  4 83 53 11 96 54 25 95 
44  7 45 96 44 83 43 63 60 98 27 60 69 90  6 48 93 87 72  7 
74 17 36  8 52 64 86 50 58 96 55 38 48  8 56 85  7 51 31 14 
40 100 93 55 96 25 60 100 41 66 10 82 56 24 51 64 71 80 55 56 
77  6 17 98 36 35 30 59 16 89 93 94 44 63 84 100 41 100  4 20 
51 28 31 96 79 10 78 20 14 68 56 31 75 79 49 98 86 52 59 80 
45 13 13 33 46 92 24 37  4 26 55 56 75 78 97 61 57 81 90  1 
79 60 12  2  6 10 14 57 57 85 90 97 15 83  6 23 93 84 88 25 
68  6 33 12 44 88 98 82 87 17 84  9 54 48 92 63 62 27 18 90 
48 73 85 100 67 47 44 25 60 78 81 87 97  5 39 71  5 100 68 78 
66  6 34 84 14 24 86 98 88 10 51 72 28  5 77 61 43 86 68 88 
66 58 21 97 94 59 49 62 31 65 56 66 79 84 19  3 52 70 85 51 
15 76 26 25 46 65 47 83 11  8 100 51 16 61 62 84 79 90 36 90 
31 22 46 86 15 31 56 77 66 23 10 69 65 16 29 81 52 71 87 95 
94 42 45 52 73 67 22 71 27 51  6 79 20 82 86 83 72 29 52 64 
100 43 55  8 96 86 15 46 88 96 62 81 48 50 95 66 42 33 92 69 
49 48 69  7 51 66  8  5 33 56 54 54 51 93  3 61  4 89 44 48 
61 16  2 29 63 96 98 64 56 75 61 21 83 31 55 67 55  8 48 57 
12 36 67 40 66 58 38 46 17 29 21 68 99  4 49 29 88 33 70 14 
37 72 73 24 34 84 65 29 48 98 62  1 73 41 28  2 58 55 29 38 
76 49 61 13 57 17  7 88 75  2 60 87 68 63 22 45 53 58 31  7 
83 14 68 79 24 41 53 21 47 68 46  8 39 44 70 54 96 73 55 78 
15 45 40 97 80 96 81 76 42 65 27 93 75 50 22  4 85 47 56 15 
21 20 53 82 50 71  6 56 32  2 84 49 38 68 77 24 99 100 42  6 
49 16 33 82 61 29 50 46 36 59 82 55 35 77 56 44 84 93 88  1 
35  7 16 98 61 68 20 13 35 62 12 54 31 85 58 11 84 88 80 85 
50 94 84 34 100 79 34 79 40 94 86  2 97 71 72 82 36 57 48 58 
36  5 23 60 90 24 95 43 27 84 42 43 26  2 29 21 80 39 94 13 
35 87 88 65  1 71 54 24  9 19 80 59 68 12 40 59 27 37 94 83 
36 60 40  4 58 37 46 67 70 68 62 72  6 44 57 17 57 83  1 62 
17 14  6 75 43 83 59 98 49 31 86  6 33 43 88 84 40 52 100 29 
28 46 97 83 54 64 21 98 73 87 90 42 84 98 42 22 26  7  2 34 
 1 97 95 19 82 62 57 56  7 17 23 44 87 27 30 22 71  3 22 79 
74 98 99 98 85 10 46 60 95 77 37 42 70 23 32 73 45 88 23 16 
21 24  7 76 53 62  8 99 13 70 27 97  8 89 32 100 58  8 28 90 
89  4 87 64 86 33 72 60 98  6 93 53 29 30 70 77 90 38 17 12 
98 89 49 67 43  5 23 40 90 17 85 32 88 64 100 61 48 93 26 30 
61  4  6 92 73 42 16 13  5 77 57 14 33 55 40 16 60 65 77  2 
12 51  2 28 45 93 23 50 20 27 40 12 28 40 20 89 39 48 91 19 
71  6 76 72 78  8  6 25 47 23 84 49 64 42  8  7 60 91 38 92 
27 57 65 45 99 38 24 42 47 44 94 23 49  4 12 78 15  3 91 72 
