10 100
81 62 96 50 15 19 87 55 75 54 
32 28 49 22 99 99 80 26 63  2 
36 18 41 54 100 14 36 18 57 25 
69  5 51 70 65 81 85 83 13 48 
 2 35 35 53 41 96 17 69 92 79 
47 48 63 37 50 28 59 40 79 69 
79 33 39 51 42 20 79 67 46 100 
18 88 43 63 65 52 66 64 62 42 
36 61 63 28 31 97 21 42 83 44 
63 68 94 61 88 86 75 37 75 60 
47 93 73 13 33  4 18 44 28 18 
13 15 67  9 70 51 26 46 100 83 
93 35  2 15 71 73 57 97 29 40 
86 31 66 83 20 26 73 83 26 75 
79 38 83 80 52 42 34 59  3 79 
94 38 81 12 40 76 77 58  7 47 
29 48  1 29 82 65 64 50  7 49 
95 93 39 100 52 48 27 46 33 53 
83  5 44 88 45 42 84 34 68 74 
74 22 20 80 98 80 18 50  4 39 
62 58 12 84 88 34  5 30 13 27 
80 82  7 25 23 54 14 39 93 28 
81 15  1 94 27 59 87 53  7 67 
76 98 18 74 72  9 11 10 42 46 
52 89 82 66 20 25 86 82 49 14 
 7 15 84 87 72 40 100 84 85 48 
67 38 25 61  2 44  7 56 86 78 
29 16 21 41  1 92 47 25 78  4 
19 66 97 57 69 97 42 23 75 23 
20 77 52 59 69 28 49 82 94 35 
 1 58 62 14 99 23 62 90 38 23 
63 45 81 44 11 22 55 98 56 76 
43 93 15 18 73 64 73 61 77 84 
100 22 77 86 50 33 64 52  9 51 
25 34 24 29 37 29 100 91 29 56 
18 63 51 81 10 41 58 69 19 100 
20 79 59 79 69 36 60 12 14 28 
25 53 15 43 64 62 38  6 25 47 
61 94 91 39 75 12 32 34 51 12 
87 89 76  2 20 92 45 97 32 56 
40 49 68 84 80 27 74 89 96 14 
17 33 57 50 81 18 62 57 69 52 
12 35 48 17 13 18 85 21 29  3 
98 96 12 76 16 63 42 40 78 50 
20  4 52 23 21 83  6 78 85 80 
98 50 99  2 69 88 44 67 24 48 
79 30 41 12 84 97 52 46 75 30 
79 78 89 87 36 100 62 34 33 15 
30 54 58  7  6 31 44 36 42 15 
52 29 36 66 69 55 94 34 68 66 
54  8 90 33 34 48 63 49 39 23 
16 30 67 85 41  7 71 59 10 22 
72 68  6 77 18 23  4 55  1 38 
70 91 92 47 99 39 58 63 95 33 
65 93 97 90 12 90 38 81 60 92 
12 74 79 11  1 25  3 20 31 78 
65 63 24 12 22 61 42 64 10 69 
70 79 74  7  2 72  5 21 66 20 
30 66 63 54 40 20 44 60 32 85 
 3  3 100  7  9 81 91 29 49 100 
21  8 20  7 95  6 46 28 69 100 
21 67 37 65  1 42 60 50 79 94 
83 13 43 11 21 43 42 83 43 93 
56 12 57 74 38 28 63 28 24  6 
95 70 78 22 94 18 35 54  1 13 
56 75  6 42 18 57 93 21 47 38 
50 72 50 61 54 57 17 24  5 58 
66 88 62 52 18 30 37  4 78 91 
18 92 37  6 35 97  6 80 24 83 
 7 64 72 99 54 63 49 81 19 26 
71  5 70 90 60 35 40 71 12 50 
80 24 17 54 34 90 23 49 46 23 
48 57  5 84 43 17 89  1 100 93 
35  2 41 98 34 60 49 44 10 18 
11 29 13 93 17 10  1 34 69 26 
67 12 50 79 32 46 91 98 75 81 
96 11 52 66 75 70 45 80 71 42 
72 83 17 90 16 55 55 21 64 24 
98 48 70 22 94 56 51  6 11 28 
17 12 67 31 57 39 97 17 32 22 
 9 83 96 50 65 14  9 75 32 42 
34 99 100 25 68 53 35  3 72 19 
47 33 25 91 49 17 68 41 15 64 
87 74 20 29 72 76 99 99 52 96 
56  2 16 20 40 17 94 25 40 78 
44 68 51 98 81  8 71 52 21 94 
64 64 50 81 13 54 76 79 100 58 
58 33 22 16 71 30 23 99 59 45 
74 41 64 14 34 97 64 23 41  3 
47 13 20 10 54 62  4  8 100 43 
69 87 23 71 20 33  2 46 87 20 
16 42 12 71 36 86 72 21 37 68 
28 40  9 68 11 69 40 51 96 65 
73 64 50 10 75 70  7 29 77 32 
75 90 56 97 40 53 22 35 38 91 
23 22 61 46  7 47 75 54 64 15 
50 99 91 66 88 22 65 55 22 100 
74 42 60 42 30 18 21  8 73 60 
53 48 17  3 55 31 88 72 31 88 
12 54  4  3 33 59 82 39 79 97 
