20 20
 9 39 68 91 92 58 11 98 31 32  6 64  7 76 59 89 12 60 65 57 
57 34 59 94 54 13 92 28 73 23  9 44 65 82  7 22 14 55 13 57 
45 68 80 86 77 65 100 76 31 89 74 52 77 17 92 38 39 99 92 68 
15 86 10 33 82 56 21 43 78 38 57 91 66 91 69 30 60 25  8 37 
83 14 74 57 28 96 87 100  7  7 29 49 97 16 20 72 31 28 71 89 
80 19 20 23 17 55 24 47 17 79 17  5 28 22 13 30 73  9 54 100 
77 65 38 30 68 35 43 33 96 36 59 29 46 60 96 48 37 83 83 97 
53 63 24 84 56 50 33 94 43  9 80 26 42 24 72 59 16 26 24  8 
88 31 97 57 20 94 53 84 71 16 25 60 52 22 39 50 92  9 87 59 
63 40 12 27 14 36 45 68  8 93 69 93 93 51 47 54 61 46 83 34 
39 82 38 61 90 71 24 79 39 34 36 43 90 41 40 86 85  6 56 69 
65  2 25 69 92 95 41 64 53 71 19 53 41 19 64 19 79 34 37 10 
96 12 16 81 11 51 59 24 76  7 80 21 49 41 65 61 60 35 35 13 
77 52 22 56 92 56 35 84  9 15 21 55 94 71 99 54 20 23 16  8 
91 48 23 51 92 12 45 19 75 57 66 15 16 24 21 10 75 89 27 59 
37 95  3  8 61 42  8 82 85 63 11 85 82 94 57 71 17 30 21 59 
12 38 10 40 38  6 39 42 13 32 43 74 61 90  1 100 32 52 91 54 
55 61 87 31  7  5 62 69 51 62 68 54 42 22 95 100 67 30 53 83 
16 51 25 33 41 57 69 17 31 49 87  3 91 19 11 47 32 24 26 61 
95 95 34 20  3 54 25 93 20 90 76 47 20 55 46 72 73 31 76 18 
