2 200
74 29 
76 80 
100 41 
14 94 
57 83 
13 71 
75 88 
44 63 
77 80 
51 97 
83 91 
97 57 
58 48 
19 35 
16 77 
67 57 
32 74 
63 16 
12  4 
54 15 
67 12 
78 45 
16  5 
47 95 
45  2 
15 18 
20 53 
64 12 
87 38 
59 84 
33 19 
31 90 
65 94 
46 28 
26 65 
 7 40 
23  9 
58 26 
99 54 
84 22 
47 13 
93 56 
86 92 
86 63 
24 29 
54 16 
43 26 
92 37 
 1 71 
17 27 
38 71 
51 94 
42 12 
 1 85 
57 42 
80 80 
87 59 
98 70 
93 75 
90 79 
80 31 
87 62 
94 37 
73 48 
82 67 
21 95 
56 79 
62 83 
64 20 
94  5 
11  3 
22 19 
31 99 
22 51 
76  4 
60 10 
96 94 
12 36 
42 46 
24 14 
33 31 
11 94 
 3 74 
97 82 
26 36 
87 82 
85 99 
44 54 
92 88 
 2  5 
46 53 
68 30 
33 93 
89 18 
16 94 
35 78 
18 59 
37 75 
85  1 
57 54 
14 28 
44 90 
96 38 
17 19 
94 10 
27 79 
64 43 
93 13 
14 72 
52 22 
97 11 
36 16 
 1 17 
 7  3 
54  3 
29 11 
62 34 
 7 90 
96 65 
90 84 
92 64 
38 84 
99 52 
94 35 
17  6 
18 74 
80 69 
45 35 
 8 22 
90 34 
78 98 
78  1 
64 96 
63 21 
93 95 
10 26 
75 28 
88 40 
43 92 
74 97 
49 36 
100 45 
81 32 
95  4 
95 17 
90 39 
80 62 
45 21 
 8  6 
81 93 
39  4 
88 68 
19 61 
69 20 
84 98 
36  4 
49 57 
42 40 
25 45 
98 86 
31 91 
76 48 
85 15 
14 53 
82 72 
70 67 
79 27 
66 46 
 5 20 
37 68 
62  8 
43 20 
 4 89 
67 19 
90 91 
 4 75 
 9  9 
34 92 
16 87 
91 76 
47 93 
 8 55 
40 60 
33 89 
40 34 
48  9 
86 31 
57 90 
31 74 
100 68 
93 68 
20 71 
94 19 
55 74 
65 40 
62 61 
31 11 
90 64 
39 11 
34 53 
