20 20
56 15 38 10 35 85 69 22  2 58 43 82 43 41 23 76 18 17 66 70 
59 40 77 58  4 30 85 60 53 69 26 23 35 51 87 48 31  7  8 35 
80 72 39 57 26 37 33 45 90 73 99 37 29 37 57 47 45 16 73 50 
93 46 16 45  6  4  1 75 17 43 90 34 23 78 69 78 67 77 40 63 
92  4 44 22 11 43 23 67 48  3 88 61 98 90  2 33 94 87 12  7 
29 69 33 55 11 42 22  8 31 95 16 66 58 19 60 35 42 87 47 75 
39 92 82 70 46 46  7 54 11 42 91 29 100 73 54 40 53 85 15 31 
71 77 77 19 57 92 100 69 91 10 53 35 100 67 24 43 27 21 74 10 
53 89 67  8 20 80 39 77 81 13  8 79 85 62 47 37 46 73 44 42 
55  5 62 97 24 32 84 48 26 76 80 65 90 84 24 28 52 79 36 25 
67 24 90 47  4 23 86 74 68 68 43 85 70 35  6  5 71 93  1 55 
64  6 72 17 64 25 65 22 12 14 90 95 51 43 18 97 71 32 39 90 
86 25 45 19 14 17 95 56 66 35 67 21 99 97 97 16 29 98 55  5 
83 98 62 36  6 51 97 45 93 40 28 62 11 35 56 13 17  2 47 70 
10 48 92 22 47 71 63 39 14 45 98  8 17  1 21  5 70 54 40 34 
91 99 26 40 19 54 59 64 100 51 100 95 96 56  5 37 15 62 84 74 
91 40 92 22 33 34 47 69  4 80 50 68 28 78 40 55 13 98 77 32 
29 10 57  1 59 10 29  8 27  6  7 46  8 38 95 37  8 49 26 54 
53 85 44 20 25 92 14 13 27 83 39 66 25  4 93 38 17 67 26 46 
37 14 88 34 59 84 50 55 22 50 98 83 92 64 68 27 12 69 47 67 
