10 20
15 66 29 73 38 28 80 62 11 53 
95 88 82 48 64 53 56 55 96 85 
51 88 87 86 61 52 21  2 13 39 
98 81 38  2 99 99 70  2 56 40 
40 83 14 54 76 83 57 62 23  4 
19 35 98 33 81 72 66 26 21  4 
69 60 26 33  4 10 18 61 99 84 
84 33 19  8 53 93 21 94 41 73 
 4 69  2 52 93 44 94  7 86 92 
81 74 57  3 58 12 29 48 32 78 
80 73  5 82 14 77 84 79 31 45 
22 36 18 27 37 53  6 32 48 83 
62 17 36 41 97 66  8 98 91 95 
 3 97 23 28 72 28 72 46 46 33 
56 47 44 90 70 13 23 92 19 64 
64 95 56 19 66 15 13 85 50 47 
42  3 71 74 97 44 24 18 54 68 
19 33  7 29 76 16 92 23 34 57 
 7 63 11 11 63 99 62 24 60 81 
46 80 91 43 80 92 62 32 36 61 
