5 200
89 88 25 48 66 
67 67 42  4 66 
88 22 55 94  8 
95 65 20 40 33 
11 97 20 13 39 
62 60 62 18 14 
60 36 50 50 91 
65 30 78 69  4 
13 98 53 24 42 
97 81 88 77 89 
80 51 93 83 25 
71 56 96 72 36 
59 66 96 90 32 
99 13 36 53 22 
52 84 77 23 48 
50 21 63 100 62 
71 54  3 23 24 
71 75 16 37 97 
51 86 95 28 80 
 4 45 72 22 76 
36 100 19 60 58 
73 57 77 17 26 
 3 86 55 16 40 
35 96 68 53 79 
52 60 32 20 81 
56 63 57 53  9 
18 32 51 68 19 
79 25 79  4 10 
93  5 29 98 42 
14 99  7  6 74 
35 85 46 78 17 
53  1 67 14 88 
83 90 23  5 49 
79 84 34  9 56 
66 85 44 97 65 
24 16 72 32 59 
32 66 66 83 19 
31 97 68 73 73 
18 58 78 58 87 
92 42 44  5 94 
48 84 27 14  5 
96 51  9 89 62 
18 18 25 36  9 
99 57 54 20 77 
97 67 39 49 17 
43 100 20 71 91 
80 92 38 78 38 
93 73 65  2 31 
40 17 39 51 98 
87 13 20 99 53 
85 34 98 78 36 
70 55 58 19 93 
20 17  4 76 28 
68 14 79 96 48 
77 23 51 91 43 
81 79 31 51 50 
 9 46 72 62 59 
100 33 80  5 74 
71 37  5 92 53 
35 24 66 99 62 
39 62 27 55 99 
43 66 20 94 65 
67 48 72 73 68 
67 34 18  2 64 
100 50 20 22 62 
29 44 22 59 60 
33 25 97 69 14 
57  3 30 76 53 
89 33 48 38 27 
52 34 64 42 87 
82 32 47 43 82 
57 37  7 29 94 
27 67 50 66 26 
66 82 66 55 64 
72 91 54 70  7 
91 21 73 97 25 
15 69 38 11 29 
13 85 86 59 18 
14 77  5 57  6 
97 47 48 55 98 
62 54 54 10 15 
51 85 73  7 27 
95 26 21 72 94 
14 60 80 22 52 
65 53 25 71  7 
48 59 87 47 60 
42  1 32 40 54 
24 96 44 37 54 
 5 95 11 27 85 
18 36 67 100 81 
14 11 69 81 61 
85 79  8 54 69 
33 65 14 69  1 
80 72 55 38 30 
81 98  7 44 69 
54 90 14 38 36 
67  4 44 37 42 
69 56 91 15 27 
39 87 43 63 98 
82 10 54 69 99 
 3  8 55 37 86 
83  3 58 80 46 
27 37 16 34 13 
37 60 26  9  6 
31 95 56 42 29 
53 58 53 29 46 
34 19 79 68 77 
87  9 28 75 51 
37 58 34 21 47 
88 64 57 89 45 
 9 65 72 83 61 
43 84 75 13 18 
46 60 22 98 67 
66 20 73 91  1 
31 88 50 37 19 
44 54 38 62 59 
19 61 82 90 18 
37 39 65 30 36 
33 63  9 31 62 
14 61 72 62 67 
37 86 96 75 99 
86 65  4 51 26 
 6 22 100 94 43 
39 62 10 64 21 
18 41 98 75 22 
28  8  2 92 81 
25 15 83 50 46 
64 63 29  5 90 
48 22 66 50 22 
38 20 28 13 29 
99  3  9 30 38 
33 55 36 62 30 
99  4 42 78  8 
64 44  8 14 17 
 3  1 18 77 84 
16 18 12 60 16 
59 45 18 87  8 
19 42 46 57 24 
93 74  7 87 98 
42 48 13 23 65 
95 20 14 19 21 
 2  1 99 84 27 
29 36 48 96 56 
72 56  4 53 28 
34 83 92  2 64 
85 89 89 34 62 
 9 37 17 69 27 
70 40 91 37 86 
87 40 28 39 75 
62 58 57 57  6 
100 58 89 26 98 
26 17 72 57 61 
92 74 26 72  6 
70 73 37 59 99 
65 76 40  9 84 
10 88  1 33 85 
27 64 26 52 20 
48 77 14  7 74 
31 90 72 95 63 
35 47 21 87 36 
12 87 45 75 53 
 1 84 57 63 38 
79 37 71 56 57 
47 88 47 56 45 
25 90 13 47 62 
53 50 10 66 14 
50 11 16 51 77 
50  5 22 52  1 
49 22  6 37 43 
22 79 84 77 44 
27  8 70 78 43 
 4 64  3 40 24 
56 87 94 68 69 
82 63 12 21 81 
94 74 35 58 50 
31 59 35 98 38 
61 73  5 58 84 
52 82 67 46 30 
77 57 58 78  2 
90 100 28 92 11 
18  9  8  1 53 
43 26 40 91 19 
72 13 66 36 87 
96 77 38 43 67 
21 96 57  4 75 
43 70  9 30 90 
100 73 28 36 48 
71 87  5 61 80 
 3  7 39 67 88 
86 78  1 49  9 
24 98 15 24 58 
40 26  7 92 28 
32 69  7 31  8 
91 90 95 16 20 
 8 22 11 19  5 
69 41 37 16 61 
51 23 77 52 52 
60 31 62 57 81 
29 21 93 54 85 
59 38 23 84 97 
