10 20
29 18 65 76 70 89 55 92 35 45 
24 32 23  6  7 14 13 91 45 15 
86 88 31 61 48 36 58 100  5 43 
83 76 71 26 87 59 45 31 67 68 
54 35 29 87 100 96 99 94 10 76 
55 100 93 39 57 70 24 67 100  2 
35 87 82 19 91 50 95 34 29 83 
 4 30 94 41 38 51  5 17 38 71 
42 91 72 86 94  9  4 75  5 98 
61 61 51  1 95 99 60 95 92 13 
65 89 66 59 63  7  1 26 12 23 
35 97 71 25 42 84 86 13 68 72 
35 52 51 31 92 32 42 59 88 40 
43 68  2 48 31 65 78 43 13 72 
31 66 32 51 68 47 34 12 66 55 
37 80 61 56 99  3 48 91 43 32 
66 87 95 29 29 13 18 62 65 52 
79 12 82  9  5 47 36 30 89  7 
20 85 84 26 98 86 36 22 11 17 
98 66 35  3 67 62 59 63 14  3 
