20 200
48 63 39 10 19 98 69 80 89 63 97 15 71 38 25 42 40 97 28 93 
11  1 27 29 14  7 67 99 78 40 52 43 83 90 93 73 16  1 90 92 
53 28 74 18 68 53 70 18  7 16 27 56 13 27 53 13 39 58 23 26 
71 47 35 83 13 32 81 90 40 66 93 75 40 26 18 96 81 40 54 55 
78 28 89 93 75 88 26 73 93 43 93 88 13 86 31 85  5 51 68 81 
94 52 87 98 85 67 57 18 37 47  7 82 27 45 39  1 96 67 54 86 
64 84 31  9 80 48 59 65 80  3 43 19 67 42 26 92 32 20 87 72 
72 42 81 81 64 45 40 38 14 27 36 57 47 100 16 50 16  2 42 51 
98 83 69  4 13 56 91 18 36 47 90 83 99  2 76 30 35 54 62 72 
92 99 83 43 25 66 96 94 25 15 63 47 16 94 95 26 27 82 23 79 
85 82 43 68 54 89 92 58 63 93 42 13 55 49 39 88  1 25 75 27 
32 48 67 45  8 25 35 73 36 48 32 51 73 23 85  3 39 26 37 84 
42 27 51 79 35 77 20  1 35 80 51 44 34 82 95 21 19 79 83 67 
69 44 53 76 94 50 65 98 36 99 71  1 15 46 27 91 26 32 88 48 
44 63 61 68 95 25 44 50 79 97 36 38 62 25 56 64 80 69 62 89 
16 29 10 29 64 36 22 16 42 98 26 41  7 39 93 54 81 20 10 95 
97 82 18 10 93 11 71 31 96 63 35 29 81 100 41 10 63 77 93 14 
100 26 81 88  7 63 92 26 45 56 36 19 89 57 60 49 99 43 19 84 
59 18 67 17 68 53 19 95 41 25  6 63 91 40 86 74 49 91 19 99 
78 65 66 50 93 98 15 62 40 65 72 97 42  1  3  6 85 90 85 78 
14 55 59 56 78 32 93 91 24 52 63 84 74 69 67 17 53 26 62  7 
49 25 42 83 54 32 46 55 43 48 55 74  4 84 20 79 36 70 45 55 
79 80 52 32  5  4 31 11 69 39 38 63 16 69 66 63 16 84 16 88 
89 77 25 45 93 32  2 19 78 98 79 53 14 14 39 45  7 77 14 93 
21 12 11 19 12 66 22 60 79 82 79 16 63 71 81 14 30 93 99 45 
86 14 85 82 64  8 74 93 53 29 46 26 23 77 38  8 99 64 66 51 
94 73 71 38 25 53  6 60 91 95 51 16 45 39 49 98 94  7 46 77 
47 72 44  7 60 95 39 85 19 50 64 54 76 73 49 57  8 87 44 39 
84 11 78 77 56 12 47 84 79 55  3 24 93 53 84 37 54 29 47 27 
50 35 30 32 96 84 25 35 65 69  1  6 23 54 75 52 12 76  8 64 
13 67 25 92 37 98 89 94 50 95 95  8 71 47 29  1 59 47 74 37 
96 16 20 34  2 86 45 52 11  7 22 26 59 92 43 100  2 12 49 44 
90 58 23 29 75 49 79 88 59 79 10 96 18 28 20 69 16 11 64  4 
21 29 72 40 27 29 36 20 17 43 98 59 82 95 79 47 17 17 52  9 
38 53  9  2 29 98 15 65 69 14 30 11 66 86 64 75 23 44 24 65 
52 63 21 94 100 88 98  5 62 52 22 35  6 54 37 73  6 98 23 64 
41 67 55 57 34 27 48 31 52 99 68  1 37 89 70  9 20 59 46 42 
 6 83  6 88 87 29 98 70 25 82 51 76 93  5 20 63 59 19 61 31 
15 27  5 81 100 50 60 43 74 93 27 31  3 43 70 37 34  8 30 18 
34 41 33 58 20 100 23 91 75 81 100 41 21 22 61  9 63 82  9 15 
 8 96 91 48 99 41 94 33 15 12 93 90 12 98 21 20 44 35 72 19 
 7 77 90 16  8 43 29  9 22  9 82 30 69 93 19  6 94 78 25 76 
91 15 65 46 38  9 10 82 97 56 29 55 65 96 20 70 95  9 83 65 
84 81 21 30 28 59 13 86 41  4 72 20 81 45 79 44 30 71 98 59 
46  2 76 57 47 23  2 33 55 71 78 28 75 50 54 23 86 26 76 73 
91 63  6 33 22 96 21 91  7 38 91 41 25 78 65 68 76 58 10 24 
33 68 46 55 46 57 45 83 66 71 60 39 82 20 68 46  6 91 10 43 
79 79 40  9 87 90 75 12 78 17 73 24 56 96 24 12 37 23 58 17 
33 68 72 88 43 16 27 95  3 74 83  7 45 46  3 61 31 69 71 61 
20  6 72 84 15 12 25 100 39 59 94 74 65 36 29 16 14 31 60 41 
97 73 89 33 72 43 79 40 28 95 78 94 71 14 38 66 97 35 21 22 
95  8 45 16 27 49 62  3 82 40 99 87 45 26 92 41 92 86 93 98 
13 46 46 96 36 55 77 61 78  6 60 10 44 41 70 91 88 32  3 100 
96 89 70  7 67 46 83 64 47 21 96 62 79 67 98 43 39 29 67 47 
68  4 56 84 56 39 97 37 87 84 39 23 93 40 60 47 15 74 12 40 
56 10 22 86 34 10 16 10 49 80 88 40 44  1 44 70 51 52 72 46 
58 71 28 25 40 98 28 63 21 80 38 33 66 27 78 83 30 96 80 99 
34 83 96  3 24 12 70 93 76 91 41 97 98 97 68 90 35 50 16 99 
15 14  6 84 30 96  3 78 15 90 50 18 51 62 31  5 23 26 46 34 
42 49  8 34 97  8  2  7 48 26 19 33 90 36  6 54 38 77 33 43 
61 51 30 84 69 62 20 84 58 77 61 88 95 75 37 92 47 69 90  7 
80 58 88 10 96 59 97 18 55 23 46 77 66 92 85 82 64 20 10 63 
51 66 17 17 48 54 49 46 93 68 26 48 68 21  8 86 73 55 26 51 
92 10 52  3 63 97 10 55 62 100 39 63  8 92 22  4 74 47 89 13 
46 22 46 98 90 37 68 63 27 57 40 31 69 85 36 42 37 46 27 67 
69 30 40 100 21 97 66 48 47 98 15 17 15 67 76 50 95 68 94 47 
34 90 29 26 61 62 40 85 24 21 85 98 27 22 32 36 70 59 10 28 
26 71 16 19 38 76 100 54 82 47  8 65 63 45 85 14 20 69 45 62 
 1 37 16  8  4 76 24 51 16  6  1 50 51 97 83  4 96 69  1 54 
14 11 73 30 79 80 99 90 74 24 12 85 94 29 42 21 22 49 82 91 
50  7 28 54  3 60 29 16 86 98 89 11 59 81 29 48  9 44 42 70 
 3 98 56 19 11 92 38 32 59 13 33 39 90 86 49 39 73 70 33 28 
95 77 19 63 22 52 77 70 49 98 95 69 32 48 53 24 22 60 23 90 
92 87 41 48 78 63 46 34 75 51 36  5 95 55 82 89 32 58 90 51 
47 53 93 34 22 55 69 45 96 71 95 26 16 86 97 86 98 97 85 10 
50 98 65 74 98 13 20 49 51 73 70 38 27 49  9 48 87 12 32 26 
 5 98 91 13 50 99 79 87 81 72  2 89 97 35  5 57 19 79 35 93 
18 66 84 73 60 22 85 53 51 36 90 95 72 18 28 21 63 75 18 70 
97 93 73 53 41 99 96  9 83 57 55 45 55 57 40 77 21 93 55 10 
89 87 80 21  4 64 96 89 69 29 100 37 31 58 56 82 14 83 97 93 
13 90 92 55 62 43 94 93 74  7 26 60 64 96 89 45 82 52 56 79 
69  5 91 78 11 62 54 97 76 17 42 42 20 62 15 41 24 41 30 30 
75 74 96  2 95 23 28  7 71 80  8 33 33 74 28 41 77 100 68 48 
25 37  5 73 40 89 81 53 61  5 16 29 40  3 63  9 19 36 19 89 
26 73 10 68  8 23  6  1 96 45 43 27  8 22 27 28 29 27 29 67 
27 18 45 42 67 79 95 65  9 69 13 23 62 54 42 35 31 70 38 62 
22 21 23 100 73 92 42 44 77 96 39  2 60 97 69 73 30 35 80 93 
28 44 91 58  8 73 55 95 25 30 81  2 87 32 68 45 42 91 75 73 
10 43 96 16 28 60 66 11 57 28 12 77 79 13 21 63 61 23 12 40 
61 77 89 98 65 49 33 43 93 37 40 50 60 97 55  3 98 91 99 86 
67  7 58 43 31  8  4 32 65 18 41 66  3 81 24 69 17 78 31  3 
80 88 16 92 24 73 78 96 94 62 92 21 86  1 33 41 17 97 26 90 
47 18 99 93 56 51 96 22 93 20 93 48 55 79 59 69 53 74 41 94 
74  9 55 34 75 35 57 34 16 46 88 66 72 87 55 40 68 74 66 48 
11 23 21 60  8 79 71 11 53  4 17 63 66 44 87 25 52 18 57  8 
84 30  5 79 18 83 39 94 61 76 42 17 20 56 48 15 27 22 45 90 
 4 80 39 98 60 17 57 21 64 41 54 73 44  5 68 47 90 63 12 89 
47 16 82 71 39  3 66 20 93 47 59 70 34 65 99 60 99 29 10 40 
57 43 97 74 38 19 76 33 78 47 83 74 46 43 34 25 42 59 44 74 
72 13 28 69  8 91 93 48 96 65 49 47 48 22 39 39 39 43 82  8 
73 10 66 75 43  5 40 34 15 82 18  4 61 79  7  9 65 77 72 71 
72 34 65 15 30 82 53 70 88 58 20 70 49  8 79 60 32  5 39 32 
13 80 52 24 63 32 57  3 36 65 80 21 52 60 70 47 32 12 49 100 
95  8 71 56 44 23 54 34 90 81 20 88 11 25 75 18 89 99 59 17 
40 78 15 89 91 50 63  2 94 64 80 100 43 39 45 87 19 40 45 24 
29 67 56  4 87 55 47 100  4 24 44 82 86 20 61 22 83 27 22 93 
51 52 59 34 10 96 88 76 20 51 86 11 83 69 43 31 50 78 54 85 
40 99 32 72 94 40 33 69 66 43 86 87 33 46 16 55 64 63 26 59 
14  5 98 99 59 91 29  8 93 73 75 23 66 22 69 93 82  6 39 67 
20  3 57 26 75 30 83 14 34 68 52  1 95 75 87 12 28 18 50 83 
38 16 95 41 69 23 73 32 79 11 70 31 51 24  7 97 78 14 87 17 
10 16 96  7 99 37 32 21 31 82 27  1 50 93 69 35 54 47  5 98 
38 49 46 85 16 13 12 86 90 78 74 56 41 90 62 97 12 59 88 28 
17 97 50 70  6 23 24 11 94  2 89 36  7 92 45  9 32 31 94 86 
79 80 99 36 97  6  2 50 58 65 25 50 71 53 26 10  6 51 28 81 
70 33 47 84 33 12 55 45 92  4 33 48 37 99  7 84 34 77 66 64 
 4 76 17 20 69  5 74 47 96  4 76 94 11 36  5 75 22 53 60 29 
43 88 88 70 13 12 64 78 11 98 90 42 82 64 22 52 75 43 94 77 
32 13 60 91  5 58 97 82 38 38 71 100 19 34 51 48 87 62 11 21 
66 93 62 59 71 47  3 64 39  3 94 47 19 71 62 79 28 32 57 99 
99 67 72 82 38 16 94 39 14 77 31 41 43 35 70 94 28 88 60  4 
30 92 80 32 70 12 83 97 97 76 47 77 27 45  9 12  9 85 24 19 
36 35 32 23  6 90 74 54 17 17  1 58 22 23 43 75 20 94 13 17 
45 54 28 60 46 99 30 96 72 18 46 56 45 84 98 80 78 56 28 56 
46 58 98 49 12 64  5 33 67  3 73 94 76  1 84 54 36 88 64 97 
18 32 67 24 78  1 65 40 92  5 58 50 47 17 38 55 100 36 78  1 
75 19 21 75 61  1 51 43 92 76 42 96 50 19 41 58 52 14 31 99 
58 25 63 59  4 37  5 94 67 13 38 84 96 18  2  5 62 10 78 85 
87 87 55 96 48 79 86  7 93 22 23 78 28 76 46 96 62 23 36 90 
91 57 78 24 18  8  2 90 27  9 79 70 65 50  2 24 49 57 36  5 
97 62  3 42 99 33 79 59 37 49 39 72 87 77 57 89 60 48 49 44 
73  3 17 36 79 64 36 10  4 44 67 87 74 85 36 40 62 62 32 56 
47 45 56 48 24 99 69 57  1 23 64 98 35 81 58 59 84 78 30 57 
57 41 38 53  7 27 24 62 69 43  1 89 26 99 56 100 19 94 63 81 
49 35 41 23  3 54 99 24 99 61 90 17 77 78 75 90 28 57 10 94 
73 39 63 71 54 19 74  9 45 51 75 71 86 20 78 20 34 73 80 80 
 1 38 89 73 72 62 10 35 63 84 27 60 55 89 74 14 85 55 83 94 
93 59 12 20 32 31 38 72 53 93 57 23 46 55 43 28 88 55 42 14 
98 91 76 26 33 13 51 96 21 41 95 51 82 70 70 34 25 56  6 53 
39 46 73 15  8 29 28 14 17 48 58 37 35  4 80 32 12 14 81  3 
79  6 59 86  6 56 97 31 87 91 21 71 99 87 55  6  9 31  7 49 
45 16 98 76 73 44  3 26 85 62 85 24 44 64 41 64 96 69 49 45 
58 15 34 74 95 28 81 36  9 53  6  7 97 28 70 17 70 52 20 98 
13 38 84 91  9 53 40 66 100 57 60 23 84 82 84 91 52 15 87 95 
82 28 65 64 54 61 80  7 43 41  5 17  3  1 87 55 27 45 77 79 
90 87 50 62  7 75 24 27 91 71 46 50 73 26 87 37 68 59 24 86 
15 24 75 27 81 86 94 29 99 89 58 96 39 66 10 95 74 76 12 24 
82  7  7 66 42 81 80 35 54 42 12 78 46 40 83 55 19 66 71 47 
28 85 29 31 94 57 96 77 90 83 12 26 28 60 37 39 99  1  7 15 
30  5 38 42 50 44 17 38 36 59 96 12 70  3 100 22 84 17 36 78 
26 84 59 80 39 43 46 25 50 83 73  7 69 97 96 25 23 47 39 96 
21 78 65 88 13 89 63 67 78 53 70 15 44 82 73 24 89 52 29 49 
74 83 84 64 41  5 88 87 62 53 99 54  6 26 12 11  5 65 70 100 
57 91 10 76  9 27 65 100 61 65 98 76 46 39 56 21 94 14 38 69 
85 49 78 11 86 22 89 22  1 93 59  8 100 51 88 78 97  1 13 33 
54 32 20 17 37 44 33 81 99 73 59 29 31 37  3 58 91 48 31 17 
17 64 88 72 46 87 43 55  4 15 80 42 82 35 97 43 34 13 17 30 
61 71 16 27 11 56 23 79 61 62 94 73  4 76 41 37 55 73 60 17 
74 56 13 56 52 44 81 85 87 52 77 22 61 71 22 59  8 67 15 66 
92  9 87 98 37 13 94 93  8 93 82 63 78 75 23 84 78 49 20 79 
45 23  8 19 36 44 32 96 90 11 14 13 79 80 40 10 16 68 63 39 
78 38  9 41 89 72 15 75 24 22 99 75 44 55 17 19 11 31 49 81 
49 53 98 82 72 43 37 51 92 46 53 35 87 26 72 86 18 11 11  8 
24 75 96 11 48 55 88 59 77 82  2 65 69 13  7 48 40 67 29 95 
29 37 16 85 45  7 32  6 28 71 46 50  3 50 97 34 79 48 97 36 
46 91 70 15 89  8 11  8  9  3 40 77 56 51 27 17 21 15 25  4 
20 96 64 15  8 56 87 52 95 58 40 61 26 48 97 19 40  2 35 83 
43 41 67 59 27 81 54 78 64 94 76 47 21 21 31 21 33 31  6 75 
84 45 28 66 91 26 88 52 76 17 25  7 75 36 30 45 58 54  4 59 
60 90 68 11 31 38 53 11 27 52 49 36 67 41 74 17 69 14 41  8 
89  5 39 100 23 34 64 19 100 90 28 50  9  5 47 61 44 90 10 24 
90 19 88 66 14 77 84 70 93 93 50 71 37 21 51 80 67 61 38 34 
90 20 41 28 12 86 59 88 70 61 87 75 83 32 15 71 100 94 92 98 
76 16 35 36  5 24 42 86 27 88  8 95 49 38 89 58 13 76 81 97 
61 93 16 100 26 34 47 77 36 57 44 99 72 79 15 74 94 31 93 88 
49 40 25 38 10 76  1 59  1 49 57 39 61 47 92 44 99 28 31 60 
63 93 74 19 65 39  4 91 27 88 21 10 46 89  8 21 72 30 80 34 
61 11 56 82 62 100 17 23 87 97 77  3 56 59 59 94 27 38 11 80 
89 28  3 92 49 45 84 51 67 50 81 15 37 11  8 73  7 18 72 60 
80 32 11 42 37 47 48 74 39 74  3 86 65 34 60 72 37 66 50 90 
36 98 23 75 58  4 59 46 37 48 66 54 22 63 41 98 57 39 48 53 
82 40 98 51 79 84 12  5 46 43  9 90 10 72 98 43 89  8 47 82 
45 26 21 98 16  5  8 83  7 96 67 52 53 49 72 98 99  6 79 94 
 2 48 10 16 74  1 40 68 87 49 69 80 97 61 50 53 10 49 19 97 
 1 58 16 39 20 85 82 57 45 27 64 46 58 49 96  8 25 69 96 30 
30 33 64 12 50 51 97 73 67 66 34 57 16 67 88 12 87 15 71 85 
49 78 11 61 78 53 38 56 16 12 62 80  8 58 97 78 21 23 38 39 
32 57 87 40 64 49 41  3 35 60  8 97 49 10 54 91  1 85 36  3 
85 13 66  5 36 97 25 99  2 90 32 21 35 79 10 70 97 22 80 53 
73 98 21 90  4 81  3 74 18 52  1 50 86 21 99 55 13 95  3 37 
 3 18 53 14  8 64 44 70 35 93 55 52 47 54 89  5 90 33 36 13 
91 69 83 54 86  2 17 72 37 43 39 67 52 66 80 96 52 32 77 54 
22 94 15 37 100 39 62 90 77 13  9 58 16 86 12 90 81 93 38 49 
99 84 44 99 21  4 20 82 11 77 78 93 54 74 18 33 87 36 16 41 
36 11 73 23 60  5 77 64 10 47 38 24  9 23 45 88 89 91  7 81 
95 63  4 75 36 12 32 92 34 89 48 17 38 83 37 36 66 65 85 74 
51 76 93 64 54  8 66 26 61 10 67 18 15 46 54 62 94 56 57 33 
91 49 96 54 32  7 89 65 33 27 15 49  6 36 26 53 20 21 96 38 
 7 66 47 64 35 25 45 52 98 60 67 46 97 23 52 19 79 35 33 60 
76 26 54 10 31 80 42 56 96 20 98 36 14 81  7 74 53 65 78 86 
