20 20
88 33 94 47 41 70 82 94  1 22  3 95  7 100  6 14 18 79 61 52 
74 85 58 95 21 65 80 22 49 46  9 69 79 55 96 22 64 52 38 97 
80 100 21  6 81 34 79 12  6 35 10 99 98 90 16 49 41 42 73  8 
17  3 41 38 12 66 31 77 47 10 98 79 63 50 34 70 56 21 63 34 
69 40 63 65 90 41 82 52 51 90 23 63 27 85  7 77  8 49 55 60 
68  6 18  3 62 36  1 35 43 33 13 53  7 43 92 52 35  8 75 43 
78 64 88 57  4 62 84  7 78  2 24 52 32 29 58 33 55 14 69 40 
85 75 48 42 36 78 53 72 91 94 26  2 95 77 64 48 18 55  4  2 
40 38 46 87 38 79 77 15 20 54 21 29 26 57 67  1 80 19 86  1 
73 81 80 40 68 76 76 100 86 54 46 99 19 71 26 73 32 29 98 14 
81 20 32 39  2 18 57 73 84 49 29  6 56 48 14 56 22 27 91 69 
87 65 36 42  7  7 93 79  5 44 95 80 56  4 40 41 74 90 40 22 
 7 59 95 46 63 96 12 60 33 36 82 19 24 58 34 25 13 95 90 75 
60 89  7 43 94 11 11 36 73 43  8 57 78 19 90 38 69 98 73 72 
12 97 29 45  4 30 66 21 86 29  4 36 34 47 21 86 64 83 53 26 
34 59 49 28 31 55 57 45 17 62 31 60 88 92 42 71 49 50 78 23 
18 22 50 81 14 71 36 35 99 30 43 44 17 46 13 34 88 91 51 58 
 3 67 94 35 81  2 43 78 90 82 82 74 51 86 28 84 34 55 24 16 
65 17 24 26 24 29 31 37 59 61 11 15 94 88 91 59 37 95  3  6 
98 48 52 85 97 84 88 12  9 88 88 73 28 72 42 84 71  8 80 39 
