20 20
50 85  2 69 93 70 27  5 15 20 28  5 19 94 53 52 24 95 60 59 
91 25 56 81 43 24 50 16 61 98 38 99 10 40 13 42 44 33 39 18 
62 82 30 40 19 38 71  7 39 39 10 94 48 56 20 71 20 30 20 63 
28 76 24 71 53 66 67 54 43 34 90 84 46 77 17 97 49 56 89 41 
43 84 92 26 56 19 16 48 53 77 91 35 57 14 75 54 23 96 77 80 
10 75 27 20 64 29 36 56 55 13 26 73 37 92  4 35  2 40 10 96 
31 31 51 14 21 55  2 21 27 76 87 76 97 32 36 97 96 24 60 94 
84 20 88 40 97 30  9 75 36 93 18 43 57 54 28 61 47 25 25 22 
33 13 27 53 57 44 82 59 99 18 27 52 59 60 29 30 10 38 99  5 
23 53 49 54 13 67 12 16 17 26 62 39 51 37 47 60 41 26 33  5 
86 22 63 73 40 83 52 57 48  3 61 82 26 89 30 42  9 64  8 98 
42 89 78 31  5 87 100 85 84 36 91 74 27 78 29 17 56 24 91 20 
68 66 51 88 64 64 43 56 85 80 14 41 66  2 62 16  4 63 27 33 
12 76 100 29 22 99 43 42 22 37 90 81 27 75 45 24 75 98 67 44 
82 99 73 82 75 25 73 95 19 33 80 54 96 68 33 66 17 20 11 21 
22 73 62 43 43 94 28 62  1 99 14 72 12 92 66 13 100 88 16 32 
42 21 11 63 80 29  9 90 56 16 37 54 62 55 62 24 73 90 43 43 
57  7  3 33 41 17 62 21 78 98  7 25 22 39  7 87 100 90 59 90 
55 80 63 33 89 33 50 31 62 24 45 16 78  4 96 81 45 93 22 45 
33 65 97 88  4 46 80  2 91 38 72 12  5 46 42 16 16 11 73  4 
