10 20
86 43 87 24 58 88 19 82 78 32 
79 19 46 40 95 89 71 33 33 82 
50 23 47 43 69 12 46 84 29 96 
54 99 42 54  9  8 28 98 91  2 
55  2 48 94  2 85 90 22 89 73 
 5  7 94 40 58 73 91 69 38 44 
30 14 56 24 73 29 85 14 44 27 
14 78 57 97 52 80 32 57 54  4 
 9 51 25 32 37 48 11 77 51 85 
50 48 19 18 100 10 23 83 19 18 
59 24 88 23 62 51 15 41 39 19 
74 45 78 75 65 60 13 60 93 45 
84  8 59 19 48 92 29 33 98 70 
24 73 10 55 88 85 50 58 28 95 
99 83 42  9 17 62 91 12 60 46 
 7 51 60  1 35  4 97 73 23 56 
95 66 16 95 39 55 25 95 99 66 
 2 95 61 63 65 66 73 26 97 73 
51 38  7  8 31 29  5 26 65 58 
40 91 86 84 38 89 92  8 98 43 
