5 50
 5 78 46 78 89 
92 34 46 63 55 
54  1 42 68 97 
69 82 78 88 72 
36 69 51 73 12 
41 44  1 58 67 
66 43 69 36 70 
36 66 79 86 15 
77 33 69 64 39 
78 14 44 70 98 
61 16 89 88 59 
51 85 58  4 76 
 6 21 17 69 33 
34 27 37 37 66 
85 21 77 43 19 
24 27 81  5 42 
79 99  6 63  6 
96 61 26 70 50 
35 98 32 96 100 
42 89 32 24 18 
69 10 24 62 48 
96 22 74 39 15 
27 38 23 69 51 
65 96 98  8 14 
37 18  5 27 50 
41 62 65 90 94 
13  2 66 64 20 
39 29 69 73 14 
51 78 84 82 82 
 5 34 33 10 69 
64 67 94 19  7 
91 39 35 13 34 
80 63  6  4 64 
92 71 17 67 50 
15 97 15 89 76 
75 25 57 57 97 
53 44 51 49 82 
53 47 81 43 84 
88 44 25 19 83 
61 78 89 92 20 
14 74 62 79  9 
 2 45  9 26  7 
62 96 56 89 37 
76 19 14 96 14 
46 70 90 16 22 
21  5 50 52 94 
74 17 79 46 49 
47 42 91 82 22 
67 80 51 14 33 
13 28 64 81 21 
