10 100
78 17 88  9 41 84 61 61 25 44 
27 77  6 56 69 42 19 100 19 36 
84 33 100 58 15 94 46 76  6 72 
 5 100 21 30 69 73 77 79 14  7 
89 79 16 48 74 12 77 33 38 78 
81  7 39 88 63 99  1 45 100 18 
60 64 33 65 82 31 29 45 33  1 
74  9 16 35 20 20 46 69 42 55 
 1 79 28 25 40 93 45  8 57 61 
14 54  2  8 64 49 63 53 38  9 
51 41  7 90 41 71 63 27 97 81 
21 11 100 47 10 40 57 52 27 64 
 6 57 17  1 44 91 37 14 89  9 
82 29 23 77 30  9 90 24 83 13 
58 66 43 82  1  2 18 90 96 82 
79 74 78  6 92 78 99 57 53  8 
68 10 87 68 47 34 86 79 53 35 
41 73 64 76 42 10 20 46 42 75 
87 76 80 54 19 30 62 95 45 68 
88 69  6 16  1  1 74 87 55 68 
10 78 37 43 70 87 41 76 17 84 
75 97 43 67 80 78  7 70 87 100 
27 48 94 59 26 32 67 42  8 13 
87  3 86 94 36 71 81 100 62 73 
 6 31 93 57 99 68 45 26 36 95 
74 97 58 94 84 73 51 63 97 57 
57  9 13 40 38 40 88 38 55 22 
89 73 40 13 48 76 39 66  5 45 
69 60 86  2 72 46 53 97 67 15 
12 90 97 64 74 92 99 90 34 43 
93 64 36 13 54 73 20 36  6 89 
61 52 94 31 58 34 69 38 80 15 
24 45  5 11 17 80 82 51  3 14 
41 56 42 35  8 97 82 64 30 12 
79 20 96 67 36 69 30 77 20  5 
79  3 37 97 14  2 41 31 84 35 
26 59  4 100 76 33 94  5 56  6 
11 100 34  2 39 95 91 36 48 58 
86 16 43 59 84 59 42 19 68 41 
50 35 53 36 74 86 48 23 73 75 
83 92  5 69 74 43 86 65 53 51 
95 95 74 35 53 76 35 46 55  5 
70  2 10 76 37 58 34 39 73 48 
23 49 39 98 65 75 48 37 74 11 
79 50 76 30 39 15 25 58 47 93 
100 64 25 16 70 68 22 44 26 59 
23 67 24 28  9 64 55 35 20 86 
94 92 98 63 62 73 65 82 80 74 
14 45 60 62 66 10  1 27 82 84 
40 80 52 17 41 66  6 52 22 39 
10 23 85  1 51 40 50 14 52 82 
47 80 98 87 44 97 24 94 40 84 
66 38 52 94 55 56 54 37 76 23 
40 20 89 20  7 43 72 96 80 37 
74 99 89 21 51 79 93 73 64 27 
98 51 55 68  6 17 91 26 18 28 
91 21 29 79 63 23 19 76 95 18 
 4  9 38 30 19 27 60 32 71 59 
56 100 23 13 31 43 40 98 78  3 
66 53 40 47 90 74 96 20 26 48 
56 77 68 95 73 90 14 28  6 44 
96 59 16 16 36 79 46 83 88 62 
90  1  9  1 74 83 91 84 51 75 
57 48 74 40 63 47 46 93 55 74 
74 69  4 22 34 65 92 53 68 33 
25 37  2 51 40 72  7 16 89 27 
 4 40 52 83 79 69 15 43 100 22 
56 92 51 52 96 86 14 34 74 66 
80 16 81 80 40 23 57 36  7 33 
64 17 84 59 69 23 86 79 18 96 
23 87 76 44 92 73 68 49 86 88 
56 36 77 63  7 61 23  5 44 31 
31 66 25 41 88 82  1 85 70 96 
20 52 96 50 78 29 67 60 67 99 
 3 100 64 79 18 18 91 35 93 34 
55 13  3 75 78  7 97 91 73 93 
70 25 23 70 90  4 52 74 78 99 
53 77  9 91 90 74  8 88 76 77 
52 55  5 17  1  4 76 23 48  5 
79 85 83 88 64 11 82  5 72 64 
80 49 56 75 34 87 57 35 51 13 
99 32 80 11 46 13 77 41  9 67 
46 66 23 19 51 94 92 25 79 99 
94 20 16 100 94  1 42 44 23 71 
38 29 56 79 23 99 92 46 41 10 
31 89 89 50 100 37 75 70 12 20 
 3 41 87 94 71 16 79 72 24 12 
75 52 16  2 30  8 63  8  5 66 
79 40  3 59 70 100 87 90 17  9 
51 52 43 40 33 86  9 29 50 59 
48 72 77  3 52 39 16 98 29 75 
74  8 77 52 34 40 26 58 81 60 
97 97 23 97 34 75  9 12 99 63 
25 67 10 86 33 81 74 36  8 62 
54 28  2 25 46 80 79 20 87 86 
36 95 44 81 81 94 14 28 19 28 
90 11  4 28 25 59  3 73 72 99 
93 14 43 15 25 57 92 77 28 23 
15  9 99 20 46 50 23 86 75 27 
80 32 88 12 28 92 62 86 67 31 
