2 200
33 56 
16 94 
30 29 
21 61 
 8 62 
92 37 
80 24 
31 51 
 1 27 
95  3 
67  5 
84 54 
76 39 
28  9 
54 100 
53 90 
100 50 
14 57 
70 41 
85 45 
73 69 
58 62 
57  6 
83 80 
11 34 
11 39 
52 32 
41  9 
83 57 
 6 86 
81 33 
11 16 
50 90 
92  8 
73  1 
55 98 
32 40 
42 97 
91 63 
33 90 
77 40 
76 82 
67 84 
99 82 
49 70 
45 16 
96 81 
17 44 
 4 86 
 8 32 
56 86 
48 92 
75 94 
50 96 
45 49 
87 26 
98 78 
 1 68 
47 24 
94 42 
51 83 
97 88 
61 95 
32 60 
12 94 
23 72 
70 99 
 1 10 
92 33 
95 22 
99 37 
51 44 
30 43 
43 82 
73 16 
 1 72 
75 71 
48 47 
63 38 
43  9 
48 72 
78 26 
70 60 
52 14 
63 45 
83 95 
45 84 
 6 39 
46 87 
 8 51 
17 98 
 3 10 
59 44 
52 99 
49 42 
66 47 
95 52 
98 93 
10 93 
44 95 
 6 69 
32 63 
31  3 
56 11 
80 92 
57 48 
15  3 
20 93 
 2 78 
99 59 
96 18 
 1 51 
20 35 
76 81 
85 86 
11  1 
80 89 
17 33 
35 55 
 9 78 
62 63 
76 76 
78 12 
24 11 
53 90 
16 13 
67 10 
38 37 
21 76 
41 88 
23 47 
88 79 
77 82 
87  2 
91 29 
67  9 
71 16 
80 57 
55 76 
10 10 
42 33 
66 24 
87 33 
63 53 
43 72 
27 37 
49 99 
42 72 
98  4 
 9  9 
 4 10 
67 98 
64 57 
28 99 
28 33 
68 38 
77 32 
55 25 
79 57 
73 90 
50 87 
 2 24 
98 11 
11  6 
98 21 
15 61 
99 13 
24 31 
26 44 
40 30 
30 11 
79 64 
94 11 
18 23 
24 99 
65 10 
51 32 
66 62 
75  2 
18 78 
82 94 
63 20 
44 29 
40 56 
24  5 
35 77 
29 65 
37 90 
73 26 
59 45 
57 81 
90 95 
77 93 
65 36 
60 63 
82 74 
65 78 
76 63 
96 47 
 7 99 
