10 200
33 48 10 14 39 66 70 85 44  9 
11 35 51 71 55 21 92 17 67 12 
26 40 37 55 75 35 68 61 76 29 
10 37 48 69 13 40 16 36 49 82 
65 30 80 19 71 25 57  3 81 56 
95 83 12 85 73 49 11 98 94 98 
78 26 19 31 71 20 41 24  3 16 
86 94 61 75 67 98 38 98 82 92 
48 10 77 81 100 16 88 50 89 29 
 4 69 36 47 78 38 54 80 81 91 
30 33 16 70 64 70 88 62 90 35 
66 43 31 88 30 92 46 37 36 100 
100 32 67 24 18 32 23 76 25 44 
81 77 90 28 34 74 59 49 78 11 
60 13 16 62 59 20 76 43 12 38 
69 42 68 22 90 52 94 66 87 40 
63 53 32 68 51 86 67 35 35 30 
69 40 49 39 36 61 31 59 86 88 
47 19 70 44  3 81 96  1 89 74 
43 65 86 98 65 49 84 76 100 82 
73 21 85 19 28 26 80  6 63 36 
37 25 93 23 99 99  4 67 98 98 
60 60 24 55 67 54 74 44 12  9 
24 75 40 21 87 40 37 91  1 80 
 9  4 75 56 11  4 92 60 66 58 
22 71 51 12 97 67  1 42 64 16 
 8 96 83 61 21  6 86 23  7 11 
18 64 52 15 19 82 29 22 17 22 
47 57 92 30 24 24 26 65 91 93 
75 55 56  4 84 16  3 47 56 10 
 9 95 70 80 44 29 17 96 93 56 
80 84 51 16 85 69 76 35 19 77 
45 74 92 90 68 11  2 16 23 16 
51  6 46 46 18 75 64  1 23 78 
61 98 87 81 46 95 100 38 28 84 
37 32 97 20 95 84  6 20 65 49 
35 23  8 70 86 13  3 86 48 40 
47 77  2 22 53 56 14 66 50 10 
98 26  8 31 49 39 51 63 11 43 
59 49  2 61 98 97 78  6 33 12 
25 20 20 44 81  1 15 53 38 65 
34 32  1 30 84 73 47 16 39 60 
55 94 66  3 65  8 40 43 69 68 
10 66 96 28 49 68 58 39 23 30 
 6 69 63 68 99 45 78 30 71 98 
35 13 34 39 72 84 100 80 67 10 
58 44 94 85 33 16 26  3 65 81 
11 48 36 54 24 92 51 33 14 58 
72 48 46 24 40 90 35 97 81 29 
38 21 64 85 49 66 31 73 44 80 
23 43 71  8 68 93 53 69 96 99 
64 18 39 31 31 22 28 39 11 72 
39 15 76  4 76 86 34 21 94 41 
 2 54 70 65 31 23 27 77 99 35 
69 52 60 36 54 100 94 70 97 13 
13 79 55 91 32  7 31 75 15 49 
81 81 16 75 58 98 62 40 14 53 
28 68 65 77 44 56 41 81 31 22 
52 70 73 22  4 11 43 66 51 87 
14 23 92 43 62 79 48  9 51 58 
96 20 62 11 34 45 25 94 30  7 
56 77 41 69 12 83 80 82 10 77 
84 41 67 87 21 73 91  2 60 21 
28 94 72 50  7 25 45 87  8 11 
21 72 27 35 90  3 90 100 70 24 
39 84 12 80 72 43 90 11 99 54 
68 39 32 53 89 58 62 43 93 69 
44 24 59 39  2 22 39 55 19 99 
34 23 85 89 21 30 36 38 53 92 
60 77 77 35 66 82 28 19 37 94 
89 99 48 87 21  6 45  8 97 76 
66 94 66 36 74 56 86 29 97 77 
23  8 100 49 35 62 73 78 83 26 
84 83  9 58 58 88 37 42 70 42 
81 89 24 84 91 96 11 82 13 76 
25 73 67 38 57 19 56 27 51 15 
29 55 57 74 66 20 60 87 43 52 
34 30 57 10 72 31 54 57 35 80 
37 25 84 93 100 46 55 38 59 18 
34 14 44 49 14 59  6 42 91 28 
77 74 100 62 72 45 56 35 98 32 
44 26 27 29 44 10 53 77 51 16 
42 51 81 75 53 24  1 71 88 39 
67  6 19 100 86 67 89 56 43 38 
 5 13  7  7 69 80 51 47 83 98 
76 40 15 57 13 78 49 33 48 13 
48 23 98 29 79 42 69 39 47 57 
88 15 12 13 28  4 29 70 90 99 
24 30 64 33 13 57 51 20 23 85 
 4 87 93 40 98 48 24 10  8 21 
24 16 29 50  2 86  1 16 38 26 
51 48 64 37 12 27 33 50  7 79 
 1 61  5 12 45 29 38 79  3 50 
81 93 43 49 80 72 68 55 67 96 
58 37 10 15 76 62 92 100 19 76 
85 12 77 74 89 86  1 61  6 27 
11 95  1 54 71 39 93 96 89 71 
75 50 68 90 76 24  3 40 42 20 
73 49 35 23 92 73 34 71 12 57 
51 67 72 47 51 34 10 12 29 18 
 6 93 84 32 55  4 50 99 85 53 
28 52 18  7 59 21 100 58 11 53 
74 61 71 86 24 70 21 15  1 15 
97 87 87 32 94 30 56 41 67 73 
30 56  8 80 88  4 38 89 94  7 
28 19 58 81 27 30 15 93 67 28 
26 69 57 67 63 78 69 24 80 70 
 4 62 14 90 23 54 96  9 13 46 
73 97 35 65 54 57 36 81 83 14 
54 60  2 75 89 78 77 28  3 70 
 9 81 53 13 86 69 75 15 50 56 
 1 96 11 62 71 70 29 55 18  3 
41 50 91 95 47  7 60 16 44 38 
76 35 49 36 67 85 70 80 94 35 
31  4  7 10 48 60 89 89 80 65 
86 16 28 10 87 15 80 14 66 49 
83 18 53 14  9 19 28 79 75 21 
16 58 74 95 51 81 67 95 21 71 
47 33 25 12 22 63 75 37  1 36 
94 48 32 65 48 12 80 38 57  3 
50 95 27 48 22 72 78 67 20  6 
14 55 84 35 24 48 75 11 22 27 
39  9 59 71  7 99 88  2 15 53 
20 36 88 88  6 52 34  5 17 47 
83 31 89 97 49 81 13 92 81 48 
22 55 37 10 30 16 23 71  6 68 
90 74 19 16 94 70 53 100 73 52 
24 99 51 47 20 29 72 81 92 46 
17 73 36 26 14 50 65  9 70 78 
80 88 44 22 23 95  4 44 22 24 
31 83 33  3  3 61 16 55 51 36 
69 19 54 71 98 63 22 73  6 34 
49  7 34 80 51 67 72 69 92 86 
49 45 25 73 82 77 96 38 55 60 
 9 99 42 27 38 10 69 41 66 61 
51 44 24 97 84 52  8 29 98 31 
90  2 12 37 62 20 33 39 36 99 
63 74 25 19 12 85 57 71 43 26 
30 62 33 84 63  7  6 19 59  3 
 7 90 52 76 58 36 60 62 89 24 
69 15  4 48 85 15 90 100 11  8 
99 63 40 35 26 44 82 41  4  4 
 1 16  2 39 51 81 78 42 93 85 
77 58 24 33 47 58 86 35 56 61 
 9 77  1 69  3 45 48 61 97 44 
66 95 25  9 97  7 98 35 77 50 
 6 49 51 80 22 37 46 53 71 47 
49 10 58 65  4 80 17 32 10 65 
12 72 21 27 52 86 46 67 85 71 
40 25 11 86  4 59 77 15 13 16 
 8 39 24 38  5 33 53 23 87 23 
15 12 29 54 83 24  4 92 82  9 
50 27 100 58 14 12  8 77 84 38 
32 32  1 54  4 62 55 64 77 20 
62 15 39 67  8 37 88 67 67 97 
23 90 41  7 47 12 39 47 53 55 
65 70 85 16  5 35 34 22 98 86 
88 78 38 58 87 80 74 66 18 93 
23 60 22 77 82 26 44 66 11 81 
96 67 10 85 11 85 50 74 66 75 
19  8 73 74 92 53 52 93 37 46 
60 29 83 90 82 40 43 13 80 13 
71 41 55 84 44 61 86 99 49 90 
18 70  7  2 90 19 46 98 69 35 
73 35 16  5 98 15 25 87 53 68 
86 100 66  2 87 31 41 56 63 67 
91 39  9 21 73 12 35  5 62 32 
100 87 80  6 29 36 24 87 18 77 
65 45 53 88 22 75 61 28  8  8 
51 78 59 10 22 66 15 98 55 81 
60 50 13 71 65 28 75 28 45 32 
85  9 89 13 27  8 79  3 97  1 
81 55  6  1 35 40 24 80 24 79 
67 17 25  9 66 62 47 45  2 10 
52 58  6 15 88 57  8 52 52 40 
81 50 44  7 56 26 25 32 63 41 
79 28 73 76 87 41 30 84  4 66 
95 81 32 78 10 58 31 69 17 65 
67 27 58 39 29 94  3 98 77 82 
72 45 82 70 48 53 17 57  6 29 
61 23 65 36  3 84 57 15 23 91 
94  2 72 28 19 51 81 20 69 57 
100 65 43 36 30 28 96 66 16 48 
57 78 10 56 99 78 26 36 88 49 
98 26 85 38 49 66 36 70 29 78 
19 93 63 33 32 50 62 79  2 66 
61 37 23 79 25 25 42 65 88 35 
78 85 19 40 43 51 41 100 92  8 
100 29 33 31 84 92 74 11 68 40 
22 78 81  2 49 64 15 41 71 62 
21 15 93 66 30 35 53 29 79 27 
68 62 10 56 41 49  4 67 58 58 
19 71  6 52 84 46 63 82 12  7 
59 53 62 71 98  1 39 24 62 51 
27 20 63 38 78 68 33 88 98 28 
 1 25  6 77 93 22 56 19 99 44 
 2 76 57 36 54 62 54 19 40 56 
47 54 89 95 47 69 95 71 27 28 
93  2 62 92  7 42 91 24 45 36 
77 12 23 81 21 35 89 79 92 43 
