20 20
99 57 33 22 47 96 19 68 29 32 37 64 77 60 23 14 54  5 14 35 
62 45 46 85  5 100 19 17 27 73 66 53 20 75 92 48 44 13 92 55 
97 53 58  7 94 84 48 60  2 91 67 14 56 91 73 75 61 96 76 19 
61 32 94 46 41 11 56 39 26 47 49 17 28  6 41  4 61 54  1 74 
94 94 15 78 53 22 38  8 85  2  2 56 57 92 55  6 54  6 21 59 
53 61 39 11 15 82 46 71 20  7 82 27 20 60 57 51 29 67 79 14 
92  8 90 16 36 67 95 73 92 42 18 27  4 28 11 14 19  3 43 90 
11 35 31 13  7 49 90 59 83 53 15 67 19 36 49  7 46 73 87 41 
32 15 31 54 87  3 69 41 95 14 22 75 18 10 35 70 46 18  2 27 
71 62 73 97 20 20 86 37 38 18 38 34 90 93 48 98 38 54 44 36 
17 91 20 88  3 49 75 15 69 76 85 85 64 44 10 33 18 68 21  9 
35 36 75 93 18 52  1  6 73 82  2 91 78 56 44 14 74 82  7 70 
 7  8 80 24 18 38 90 97 80 24 90 38 42 56 97 73 48 55 54 57 
 2 88 85 91 26 28  5 20 90 83 12 26 27 63 81 33 51 62 93 56 
29 96 92 29 10  4 47 91 90 17 27  8  7 50 28 48  8 75  2 92 
99 99 80 49 26 66 68 59 62 95 57 53 88 99 23 78 83 71 67 34 
26 13 44 73 47 18 90 74 89 31 60 26 12 99 61 12 37 53 26  7 
87 94 82 46 61 79 29 53 68 56 78 92 82 21 15 22  6 98 96 61 
23 70 21 42 99 77 19 13 33 99 13 36 77 85 46 16 18 23 28 71 
51  3 64 17 68 20 23 72 70 99 53 40 40  2 24 29 84 95 83 76 
