20 20
55 90  2 99 96  8 68  7 22 18 57 21 92 69 91 52 83 73 98 47 
78 67 85 89 94  3 30 29 68 79 73 98 59 49 59 15 39 20 98  1 
17 95 86 72 65 27 51 61 94 27 99 65 33  5 75 79 53 67 78 47 
26 42 21 46 35 55 31 40 62 88 36 47 76 91 32 90 96 71 66 11 
 5 49 65 79 62 80 67 61 21 45 79 60 91  3 85 70 24 12 31 81 
49 10 97 82 18 41 26  9 98 11 37 49 60 68 15 64 35 15 78 19 
35 96 34  8 71 70 55 17 94 60 28 31 31 15 14 12 26 36 48  9 
38 77 47 76  5 49 98 80 48 69 77  6 31 37 87 10 54 14 99  7 
75 79 100 57 41 21  7 98 61 57 29 33 86 83 87 58 61 81 56 50 
29 85 52 73 99 21 68  4 71 34 36 56 99 87 35  9 21 95 84 20 
30 77 12 84 18 59  5 52 80 77 83 27  8  1 16  2 82 35 95 24 
22 70 66  8 73  6  2 31 60 87 89 19 91 94  9 47 73 68 29 30 
32 43 78 60 97 68 16 76 80 46 61 80 74 13  4 22  3 79 28 40 
86 55 79 90 35 75 61 21 72 79 45 16 24 71 59 82 77 71 60 75 
 1 58 71 39 87 17 17 49 11 68 10 69 90 53 59 89 58  5 27 10 
71 63 35 54 52 43 80 28 23 44 15 11 67 46 21 100 24 68 80 62 
35 100 23 10 30 86 64 11 13 10  1 88 46 38 15 18 32 52 82 66 
90 37 76 25 59 87 85 15 88 88 15 53 91 37 25 46 60  9 98 55 
30 10 66 85 12 41 93 78 96 37 73 86 99 65 11 53 82 44 19 11 
42  9 39 55 64 93 55 57 59 73 99 81 64 24 56 88 65 95 78 40 
