10 100
 8 79  4 100 99  7 28  1 31 53 
40 55  1 74 71 76 63 78 18 52 
51  8 23 78 85 90 45 79 77 41 
11 84 43 36 14 25 88 63 38 40 
47 56  2 24 59 63 85 19 82  7 
75 87 30 16 100 87 12 29 13  1 
84 75  6 29  1 99 89 95  2 15 
54 59 83 77 42 46 33 20 77 30 
85 25 10 16 100 83 41 51 57 47 
 2 56 57 33  3 20 33 52 17 12 
25  9 78 74 96 46 11 69 40 85 
17 32 81 92 23 91 19 45 55 66 
34 58 14 73 14 59 95 79 79 72 
67 71  2 36 71 82 43 63 80 70 
57 28 33 32 10 13 25 56  6 26 
86 17 49 53 30 36 70 83 76 31 
40 97 68 21 38 84 15  8 28 33 
 9 16 26 17 44 38 88 17 74 89 
31 89 80 71 23 39 42 60 19 75 
18 49 100 20 52 81 80 16 82 36 
82 98 16 56 93 70 61 12 76 100 
83 33 47  5 80 71 23 24 20 44 
84 87  9 44 53 45 59 66 89 29 
41 79 99 82 20 46 50 77 84  5 
31 60 34 93 57 39 32 11 74 26 
19 20 87 59 53 25 58 18 13 59 
53 95 84 36 41 35 39 80 65  8 
21 99 10 98 40 19 54 76 62 49 
11 22 55 53 72 28  9 51 88 88 
91 37 74 79 87 92  6 54 75  8 
 6 90 33 11 59  1  4 87 46 74 
 3 77 67 46 68 14 74 57 24 75 
23 54 78 52 92 39 19  6 30 43 
64 13 34 23 22 25 46 88 68 54 
81  2 83 42 84 87 46 56 89 60 
11  1 39 94 94 28  1 70 34 34 
93 50 38 66 10 82 13 86 86 93 
 4 48 50 19 33 62 21 59 78 75 
83 57 98 76 81 81 45 20 34 74 
70 72 88 36 79  5  5  1 79 16 
40 68 24 23 22 84 67 80 63 64 
33 79 31 73 33 66 89 53 38 67 
 6 27 68 63 39 64 21 33  2 25 
94 30 34 71  2 16  9 65 71 83 
56  4 99 13 21 42 97 20 60 76 
15 76 17 28  1 74  9 29 11 40 
79  5 33 70 99 79 53  1 44 74 
79 85 88 62 89 48 92 71 87 54 
33 55 62 30 84 35 57 58 72 10 
87 37 47 30 64 37 37 82 100  2 
35 57 23 89 81 53 27 67 50 71 
14 23 89 83  1 62 20 19 100 39 
37 12 93 47 85 88 45 72 82 48 
50 92 75 10 59 78 11 97 20 68 
18 89 22 34 12 36 89 28 62 93 
24 13  4 22 42 74 58 41 29 36 
92  6 23 90 32 48 80 63 92 98 
64  7 68 81 81 16 90 71  6 10 
47 28 10 34 73 51 54 45 54 51 
87 20 94 29 91  1 50 10 95 51 
88 76 16  9 76 64 78 49 27 86 
 4 30 39 73 54 77 76 29 16 50 
73  9 48 18 87 68 54 30 73 74 
44 16 35 79 97 50 58 67 65 59 
28 34 67 11 59 100 45 79  5 82 
 5 14  9 66 56 11 18 64 12 27 
89 62 90 40 22 48 24  4 27 43 
35  2 33 67 15  4  2 74 48 39 
36 52  1 97 46 10 65 42 17 25 
33 54 76  1 19 36 100 33 50 97 
92 23 76 87 14 73 81 45 19 90 
89 98 35 40 81  7 72 87 53 57 
53  9 13  8 67  3 37 95 69 17 
74 80 88  1 99  9 52 47  7 100 
84 72 65 76 68 79  2 78 69 82 
85 27 99 91 50  8 48 57 98 99 
42 62 66 63 57 51 28 59  9 70 
 6 53 40 11 17  1 25 96 66  6 
72 29 58 81 65 16 78 91 29 20 
89 89 96 48 37 58 86 67 91  9 
60  8 38 91 54 17 56 94 28 22 
62 28 18 78 100 87 78 51 69 84 
 8 58 54 41 68 17 35 63 80 60 
98 46 90 79 65 14 80 97 94 84 
28 94 78 61 35 78 23 95 45  8 
39 27  1 29 40 36 96 11 66 98 
58 90 85 10 61 87 71 96 47 86 
26 22 25 78 16 37 46 50  3 42 
71 51 12  6 51 68 46 37 14 85 
26 57 67 37 68 15  3 54 30 23 
74 70 73 10 45  5 26 81 94  2 
18 59 10 34 100 19 66 25 44 71 
79 97 79 87 87  4 92 13 24 13 
66 31 76 16 84 37 46 39 63 94 
54 93 78 79 92 90 87 79 38 89 
64 53 19 13 89 32 31 15 84 46 
59 27 12 27  6 12 60 93 33 48 
88  6 13 76 100 71 53 81  4 86 
84 70  9 11 96 67 45 79 58 11 
62 44 14 99 24 61 61 25 96 47 
