20 100
70 33 93 68 39 43 67 47 92 15 22 83 84 24 97 70  3 44 63 83 
51 12 51 78 12  8 84 51 47 31 93 69 74 61 55 14 99 100 93 10 
81 78 32 45 25 20 94 94 28 81 44 100  5 21 89  5  7 43 23 32 
22 83 81 26 94 66 93  2 67 99 87 57 43 16 84 93 36 94 34 12 
14 59 19 44 97 85 78 67 61 17 77 40 51 68 57 97 89 16 18 86 
74 72 18 84  1 90 72 63  2 84 61 38 93 40 84 90  3 36 35 14 
37 51 74 44 66 35 17 67 97 70 71 65 81 52 84 60 68 72 46  7 
36 54 18 58 72 13 55 63  1  8 78 35 80 69 15 71 44 68 87 51 
91 27 43 42 15 65 21 56 87 93 85 83 12 98 45 54 31 75 91 60 
11 29 23 44 43 67 49 91 60 37 27 18 89 14 25 44 69 69 51 94 
30 66 15 63 45 21 43 45  3 18 94 35 84 16 41 97 82 86 99 42 
88 75 15 74 48 78 21 11 73 19 24 86 18 54 78 84 40 57 43 65 
29 97 14  3  3 58 24 40  5  3 14 56 69 28 32 72 73 52 82 25 
 8 55 32 96 87 68 23 61 71 43 95 56 25 96 30 48 75 17 26  2 
 6 67 56 92 66 62 75 70 11 32 24 33 61 50 38 20 35 64 20 11 
21 18  3 61 44 88 87 86 15 44 96 19 20 87 15 89 96 43 28 21 
35 70  1 97 79 93 85  5 48 12 78 44 71 23 98 90 33 65 17 67 
15 16 32  3 81 20 37 92 80 74 40 32 44 46 21 53 12 71 10 16 
22  9 15 63 65 35 22 58 53  4 56 97 98  5 24 56 88 63 35 18 
65 20 60 77 52 28 55 74 66 77 89 64 60 55 56 100  1 95 45 86 
 9  2 70  1 62 66 98 72 77 18 35 57 98  6 86 68 42 80  4 67 
21 17 65 90  6 20 37 20 81  6 94 12 18 88 65 44 56  5 24 43 
 2 84 19 53 22 45 43 26 35 14 87 83 35 38  8 32 98 43 57 86 
70 68 80 10 56  8  1  9 91 45 59 52 72 39 44 16 85 64 90 37 
13 34 83  5 75 77 16  8 43 31 49 77 83  9 34 16 75 17 37 59 
49  3 25 82 60 50 60 71 86 88 68 59 69 54 49 49  8 21  3 20 
12 42 31 100 84 65 48 18 40 37 96 83 49 63 92 92 64 53 28 26 
55 77 79 26 38  2 17 74 36 12 41 94 77 11 72 11 11 30 71 24 
97 61  7 79 47 59 26  4 52 52 83 74 83 32 92 65 88 72 22 71 
66 69 59 97 41 22 89 91 77 15 11 24 48 100  5 30  2 81 92  6 
14  6  3 99 64 76 79 41 91 65 84 58 19 83 90 63 85 41 25 31 
43 19 30 89 68 59 81  4 45 81 18 65 90 62 33 93 11  8 80 91 
 8 89 33 82 69 91 15 47 10  4 84  9 89 10 33 97 89 65 39 47 
62 69 68 58  9 29 80 18 11 26 49 32 74 29 12 89 71 96 17 12 
51 63  9 92 19 50 50 91 28 55 71  2  1 68 20 57 67 90  2 66 
16 27 45 50 63 82 29 25  5 13 74 38 80  4 50 84 55 97 91 31 
51 23 47 38 51 71 42 94 99 24 11 13 83 83  3 39  2 13  9 58 
90 97 73 11 62 36 18 39 94 18 68  6 32 95 78 33 58 84 52 31 
90 74  7 31  1 75 31 76 78 38 67 34 29 15 37 83 51 44 23 77 
85  6 27 98 49 91  6 41 27 68 94 14 79  5 26 22 53 64 89 55 
21  6 20 69 62 62 20 86 46 97 58  7 26 45 47 16 16 76 11 49 
 4 62 14 16 59 57 11 56 54 48 61 84 38 39 74 64 92 46 31 15 
72 58  3 76 47 41 62 15  8  9 51  1 36 98 57 85 17 54 37  4 
20 76 91 18 83 85 70 68  3 16 25 21 11 44 76 94 76 41 17 94 
15 37 74 49 72  5  2 34 57 28 56 33 60  9  6 69 52  3  1 58 
17 53 43 93 11 51 10 49 90 63 71 78 84 41 38 80 49 41 33 16 
 9 96 94 45 87  1 33 89 100 38 55 45 59 57 85 57 70 94 44 55 
21 90 61  1 42 46 99 69 47 36 39 56  5 54 72 54 24 77 35  3 
34 68 67 19 30 58 18 73 54 25 72 30 62 15 49 53 98 62 63 57 
 9 69 52 42 48 59 58 93  3 77 73 42 40 51 45 51 27  6 22 55 
44 26  8 36 93 100 72 88  1 67 15 48 46 43 13 97 36 30 67 82 
29 46 44 23 89 79 18 45 89 99 80 85 26 28 22 93 95 75 38 77 
29  7 87 12 50 70 10 32 93 17 52 100 26 51 25 90 17 95 59  9 
98 54 80 63 81 75 14 71 74 31 47 64 85 94 64 88 67 39 11 37 
100 33  3 91 15 32 60 70 98 43 36  5 100 47 69 97 79 15 50  2 
70 62 79 71 76 92 74  1 48 29 10 94 50 91 36 87 63 35 71 31 
69 13 92 98 18 69 35 32  2 78 30  9 23 13 88 18 24 25 99 69 
75 44 46 76 45 60 23 86 73 73 11  3 61 96 84 19 77 67 56 87 
35 33 59 91 78 59 18 19 52 98 52 64 42 60  9 36 63 59 78 61 
72 43 81 69 44 53 60  1 98 18  4 46 42 41 83 13 98 28 91 13 
25 42 95 70 73 35 85 26 12 17 13 40 85 24 83 76 65 63 12 82 
98 67 25 66 38 77 87 15 46 44 81 52 42 83 74 80 73 29 61 31 
18 100 38 75 14 42 46  7 86 11  6 75 72 52  3 87 16 17 61 57 
91 34  4 36 74 20 20 47 97 29 41 20 25 41 11 14 14  3 81 12 
67 47  6 96 70 34  2 50 86 30 34 27 60 67 100 76  4 37 49 73 
32 93 72 88 63 91 56 29 11 41 81 22 66 36 88 57 42  4 30 22 
94 84 79 33 79 16 46 90 74 59 17 34 100 59 53 98 70  6 34 64 
61 54 50  6 47 100 53 60 41 68 61 79 14 84 44 86 93 22 85 94 
58 94 20 20 87 99  1 75 81 99 13 90 30 90 64 77 67 100 32 45 
63 99 62 79 49 43 62 10 41 87 59 75 34 81  8 38 20 82 59 38 
48 25 50 35 63  2 40 30 94  3  2 90  6 54 15 34  7  3 62 87 
 1 85 66  7  1 56 38 50 71 34 99 50  3 71 65 13 28 89 42 54 
43 61 38 64 96  3 79 68 90 61 90 51 90 37 90 12 56 53 63 66 
41 22 60 81 46 21 51 41 77 35 36 93 28 98 56 32 81 34 25 39 
85 77 54 19 90 85 26 47 57 94 50  2  4 56 16 45 46 38 37 38 
12 60 61 26 68 10 21 99 61 18 41 18 58 27 80 62 22  8 67 50 
80 52 57 13 65 42 93 73 61 48  2 15 93 67  1 55 69 75 45 44 
 8 39 37 77 48 87 23 28 34 60 52  2 57 100 46 56 94 53 13 38 
39 32 51  7 20 92 70 15  6 19 86 12  7 41 90 61 28 24 26 73 
88 91 17 55  9 95 81 16 69 94 26 38 31 78 49 43 81 91 94 42 
90 83  8 94  8 91 54 58 62 26 99 13 88 80 55  9 56 89 82  8 
11  4 25 97 70 81 37 53 71 90 35 39 92 65  1 92  2  4 79 32 
 6 38 81 92 85 87 19 93 78 74 19 38 57 39 66 84 94  5 91 74 
28 60 71 67 25 55 71  3 29 48 83 51 85 70  2 29 36 94 25 12 
46 50 98 21 26 98  1 54 12 23 40 71 83  4 17 79 99 60 75 17 
53 71 15 50 13 85 57 23 69  5 55 84 88 18 20  4 55 44 92 11 
65 14  3 55  5 39 13 45 53 74 69 59 62 29 42 62 78 84 11 40 
79 86 53 49 56 19 18 92 58 61  8 60 78 100 21 73 85 59 86 64 
53 78 26 28 69 89  8 86 45 47 82 26 78 82  7 100 20 87 68 62 
71 83 79 88 65 40 66 80  5 29  8 45 77 21 87 72 46 38 90 72 
98 87 88 88 78 78 34 54 89 62 26 31 31 82 18  4 86 41 69  7 
43  8 97 57 33 57 95 11 32 54 27 29 100 37 88 53 28 34 65 51 
38 65 21  8 77 66 30 35 42 35 36 27 70 54 80 95  8 89 98 42 
77 27 60 40 41 66 23 22 71 98  6 48 92 37 69 65 70  4  6 100 
14 52 55 10 54  1 82 62 52 40 44 27 12 23 25 64 52 86  1 22 
72 13 15 77 15 100 68 56 95 78  6 85 77 17 70 23 10 35 46 85 
29 57 97 33 76 19 92 40 81 39 37 89 34 92 33 74 44 94 69 15 
28  2 10 93 99 11 43 74 27 11 14 84 51  3 65 65 78 90 76  4 
22 88 73 100 50 29 87 99 14  9 88 71 74 68 63 47 48 76 23  2 
24 83 63 80 73 38 19 39 15 62 82 25  5 77 34 86 62 66 51 42 
