20 50
53 95 39 80 14 98 59 29 50 16 47 69 83 37  1 42 72 77 15 51 
21 80 87 96 28 41  9 69 70  4 67 28 80 55 21 41 13 68  5 48 
79 51 86 58  3 44 77 100 89 85 93 63 51 35  5 40  2 75  9 42 
75 40 66 23 97 94 52 70 50 75 99 17 23 14 62 76 17 82 23 51 
88  6 74 98 10 15 50 54 49 82 98  4 35  8 23 84 22 85 19 68 
22 62 15 31 72 53 11  2 80 37 68 21 26  5 26 82 98 97 89 92 
91 11 77 34  2 14 83 50 57 17 47 96 90 85 33 50 88 58 57 32 
98 78 68 54 36 23 53 36 13 42 80 19 63 69 27 19 35 47 36 21 
17 43  9 83 29 68 80 72 83 20 21 82  6 76 87 71 77 12 68 75 
37 96 66 97 19 89 51 20 31 31 47 25 44 99 59 31 18 54 40 95 
84 24  3 26 29 57 44 89 97 75 46 46 47  2 16 44 86 81 59 37 
59 85 31 48 14 54 58 90 17 38  2 15  5 32 55 79 96 36 56 54 
49 17 87 88 66 56  7 85 39 31 11 72 24 29  9 84 77 13 57 39 
71 40 12 73  2 69 91 34  7 93 71 66 57 65 81 100 92 36 16 70 
32 65 52 19 62 56 57 68 98 23  4 63 45 63 19 78 86 72 33 96 
97 74 12 69 70 16 65 28 54 45  3  7 64 22 53 16 70 84 44 54 
49 58 80  7 35  3 89 31  1 58 14  1 41 55  1 15 46 65  3 100 
21 84 27 47 71 70 54 53 23 62 55 92 54 16 70 72 76  7  3  8 
57 62 78 36 69 10 49 62 30 90 43 57 59 99 67 100 98 46 83 70 
30  7 29 97 71 29 54 95 37  3 15 84 78 48 41 14 49 50 18 49 
61 50 66 100 99 60 72 87 28 93 77 26 41 52 90 63 86 50 60 68 
16  3  3 94 20  7 69 89  3 26 50 42 42 21 61 61  8 91  4 80 
30  4 59 53 35 76 70 26 45 87 88 40 28 40  2 92 65 53 63 86 
23 73 80 12 86 64 31 63 72 91 28 13 81 96 88 87 10 65 81  5 
16 73 19 58 67 37 27 96 12 41  8 85 63 47 23 53 87 100 54 69 
 6 32  9 32 98 70 43 13  4  2 100 34 71 30 18 89 70 43 49 20 
18 30 99 91 67 53 100  5 28 72 96 91 16 80 41 53  3 83 54 37 
87 99 26 95 34 18  3 41 46 67 36 92 25 38 77 62 83 68 67 10 
90 17 23  3 68 79 73 71  2 38 26 41 77 73 50  5 80 12  9 70 
51 65 10 20 55 49 52 88  1 80 44 62 78 37 67 62 66 35 85 96 
76 65 67  2 64  1 90 38 99 26 96 97 92 20 63 97 12 19 59 33 
17 52 67 30 65 72 25  2 83 67 97 38 27 72 13 61 70 77 46 39 
29 86 97 24 75 58 52 43 98 78 41 88 28 67 91 40 57 58 52 43 
28 74 53 19 85 15 93 27 76  8  8 31 95 41 18 14 100  7 36 16 
72 57 16 23 67 61 83 70 35 78 15 22  1  5 48 58 61 36 44 88 
80 35 94  4  7 36 59 69 26 43 42 29 10 29 38 57 31 16 40 22 
99 54 43 80 63 73 39 12  2  6 82 52 66 53 29 72  3 94 41 18 
17 66 37 58 76 99 79 93 29  2 11 70 36 38 64 33  6 27 48 92 
59  9 31  1 93 71 35 67 32 12 75 48 99 48  8 82 78 15 61 56 
39 82 60 86 17 18 56 98 77 17 10 52  4 78  7 51 31 35 76 34 
63 52 52 89 99 56 100  3 74 98 95 93  9 46 68 35 64 74 64 21 
23 85 25 34  3 62 40 59 89 87 79 93 23 52 24 58 99 50 18 97 
48 18 12 31 98 48 10 51 63 64 15 75 26  5  3  2 69 93  6 10 
75 13 82 59 19 13 16 47  4 49 58 13 71 39  7 69 81 74 99 93 
91 96 69 84 67 38 76 22 57 99 66 36 50 48 36 43 21 36 58 57 
38 32 48 62 93 39  1 94 24 67 28 90 57 66 46 72 36 68 68 15 
11 76 52 20 11 64 48 17 91 59 76 21 18  3 28 32 78 90  8 61 
67 84 83 90 53 75 26  7 98 96 16  6 54 10 54  1 92 71 45 27 
17 20 15 83 84 46 57 91  3 71 98 63 31 64 59 65 18 35 95  5 
 6 23 84 96 30 19 45 21 42 52 73 37  8 75  4 52  1 92 69 79 
