10 20
40 85 78 87 62 95 79 49 45 84 
96 95 20 89 11 80 86 56  4  8 
62 56 73 23 55 15 86 59  7 96 
20 40 67 50 85 91 34 25 66  1 
65 83 74 51 94 43 50 68 67  6 
10  5 97 79 95 56 25  9 74 18 
 1 90 76 98  3 40 69 10 36 53 
58 85 35 79 36 15 95 91  7 70 
31  3 43 72 51 34 64 91 34 44 
75 49 11 85 43 89 57 66 70 35 
91 90 89 84 24 58 26 32 83  1 
37 46 69 77 93 39 51 17 98 57 
87 26 81 67 25 19 60 78 29 51 
91 14 40 24 72 68 65 34 50 64 
29 41 21 31 23 15 56 62 89 24 
77 27 42 49 57 25 25 100 97 79 
56 86 12 91  3 16 53 26 94 32 
63 35 40 71 30 72 95 24 31 62 
15 41 67  5 18  6 18 19 70 88 
53 46  7 40 53 48 79 30 42 87 
