20 20
48 51 80 93 22 47 100 35 38  5 60  9  4 15 79 16 69 14 82 77 
98 74 61 68  8 67 78 56 12 16  7 11 38 40 88 50  3 46 48 55 
55 53 58 62 22 47 60 69 87 39  6 76 54  7  1 75 10 93 43 79 
86 21 60 61 21  9 14 30 93 74 59 55 92 26 62 22 73 34 29 46 
45 41 33 64 78 72 66 13 19 22 42  5 55 76 25 64 55 72  9  5 
49 88 24 74 91  8 54 40 36 42 13 24 30 60 93 96  8 79 46 24 
 7 29 26 57  7 32 63 22 51 11 98 53  3 76 74 74 94 89 46 44 
95 26 38 100 46 88 93 45 56 34 25 36 61 21  9 95  2 23 50 98 
41 100 19 44 33 88 36 86 51 71 89 70 49 21 23 81 36 68  1 68 
94  2 100  8 37 83 43 77 43 11 56 43 52 78 96 55 39 23 15 69 
61 18 92 26 10 98 22 98 45 63 53 81 75 87 25 39 73 26 43 23 
77 85 73 48 16  6 98 13 35 12  3 93  9 80 65 61  6 53 52 36 
28 16 63 50 99 52 27 74 99 63 29 78 93 17 44 28 41 30  4 37 
41 90  9 35 46 56  6 79  1 41 27 23 86 11 14 31 10 53  6 29 
46 42 43 40  4 91 55 17 77 12 37 100 41 28 15 41 21 59 91 95 
96 68 75  4  4 62 36 12 85 44 20 51 96 47 94 61 95 66 25 19 
56 58 91 61 86 37 80 53 85 15 14  9 38 92 94 18 52 67 20 28 
91 91 60 69 51 78 28 42 18  8 20  2 65 24 87 74  5 47 75 48 
76  2 88 83  9 75 41 25 11 37 47 32 45 24 14 51 26 54 48  9 
60 89 37  2 24 60 20 60  6 67 92 57 79  6 35 80 66  5 18  3 
