10 50
10 97 50 77 28 67 68 14  9 65 
66 11 77 24 92 51  2 34 80 28 
97 18 83 84 47 49 46 78 38 98 
68 12 45 90 66  3 84 98 78 77 
14 74 38 22 85 33 37 11 84 20 
71 20 54 87 74 30 85 59 37 71 
31 77 93  6 20 69 41 92 98 58 
 9 13 47 72 96 93 50 92 80 75 
 7 99 39 50 68 58 22 19 92 47 
40 92 10  1 21 37 32 20 65 70 
17 77 33 32 97 96 21 59 40 60 
18 62 47 43 26 12 45 17 30 76 
83 58 29  8 15 47 55 65  1 12 
91 17 16 79 68 41 33 78 55 77 
74 92 55 20 65 73 84 100 25  1 
15 35 94 69 41  6 81 83 75 49 
65  5  2 17 11 57 79 15 45 21 
98 79 46 18 38 18 45 30 68 92 
 9 22  4 56 96 62 85 21 98  7 
25 21 76 87  9 22 14 95 67 74 
69 35 75 82 83  7 29 90 84 92 
23 54 63 95 88 59 78 87 94  5 
75 11 48 64  8 26 40  8 89 49 
100 43 69 53 49 42 25 49 27 99 
 4 61 70 91 56 60 46 54 72 37 
57 67 83 65 95 86 64 86 64  4 
23 24 41 28 46 51 39 90 38 45 
46 80 56 91 70 74 27  3 10 37 
25  4 53 57 40 31 40 75 100 66 
50 83 10 51 74 35 18  7 42 81 
96 32 27 84 52  7 94 49 29  6 
52 55 55 92 78 90  9 68 86 37 
91 12 49 93 50 80  3 32 98  8 
97 90 97 64 51  3 46 38 90 96 
52 62  9  1 68 72 70  8 15 11 
69 45 51 44 98 67 25 33 15 92 
 4 35 42 64 15 81 20 91 100 90 
99  2 92 62 82 88 36 52 16 10 
86 27 67 93 93 57 13  5 47 29 
72 61 89 69 37 60 65 89 15 95 
79 14 45 19 94 57  9 90 84 93 
48 46 96 61  7 65 68 44 43 92 
51 13 82 69 78 13 86 62  2 76 
24 75 64  4 48 55 48 30 56 50 
53 51 96  8 67 90 34 46 52 72 
19 84 63 85 59 71 73 61 23 51 
49 99 14 44 45 58 16 70 20 76 
37 70  3 56 21 93 21 12 51 33 
30 75 81 41 81 87 40 47 38 66 
92 30 92 27  2 85 94 54 37 17 
