20 100
12 32 96 23 47 67 15 12 55 96 92 53 59  3 67 10 60  1 13 17 
 1 19 74 70  8 38 72 46 92  5 73 10 29 42 41 31  8 36 24 92 
96 30 52 44 81 57 26 97 95 96 11 46 12 10 49  6 75 70  3 14 
71 90  7 26 62 51 38 49 79 13 49 93 35 25 62 55 73 27 45 42 
18 71 72 59 99 68 99 47 64 40 57 47 87 71 82 80 18 17  9 48 
 8  1  6 66 44 96 74 17 92 85  7 36 40 52 73 95 19 52 33 23 
14 69 48 74 41 16 93 62 15 84 70 51 79 62 82 69 36 16 26  5 
73 87 26 45 42 52 61 62 10 34 21 83 92 81 62 91 29 53 20 42 
72 52 57  8 78 32 88 21  2 100 47 45  1 62 10 10 11 45 24 28 
88 20 66 27 26 25 51 77 88 25  4 18 65 97 63 58 49 10 36 12 
95 34 94 97 82 97 79 19 94 84 47 88 36  7 65 67 93  5 47 11 
49 33 34 76 57 24 44 88 49 28 56 20 90 89 13 78 97 38 49  8 
32 95  8 12 65 56 76 49 81  8 69 97  5 55 32 11 70 36  5 92 
42 84  8 33 100 100 66 38 84 54 55 49 21 19  4 47 92 75 63 85 
32 59  9 35 19 82 71 46 81 98 63 12 37 18 70  5  2 85 84 93 
 3 77 58 22 86 69 10 70 61 80 28 84 65 44 51  9 80 77 62 84 
43 74 81 55 85 39 37  2 39 55 63  4 19 34 98 29 42 23 19 41 
75 14 85 14 33 21 14 89 63 26 42 15 42 65 35  9  1 99 30 19 
89 91 50 56 74 13 37 79 69 49 57 18 33 86 89  4  3 36 16 12 
39 61 16 37 76  7 25 76  4 33  2  4 22 43 18 26 100 65 81 45 
22 13 78  8 31 94 77 43 95 57 85 98 23 65 14 70 47  1  4 43 
46 88 10 76 83 78 72 21 20 28 20 87 26 42 61 30  4 53 89 74 
13 35 90 25  7 68 83 38 45 70 30 56 20 68 90  3 22 49 55 54 
82 47 54 15 82 11 37 48 48 49 91 23 11 91 32 44 42  2 99 50 
66 89 83 49 30  5  2  7 45 26 89 71 22 94 33 70 10 94 68 55 
63 32 88 58 61 74  9 19 97 31 71 59  8 50 95 97 69 84 68 74 
21 99 39 89 95  4 89 72 16 96 79 32 78 39 74 75 65 59 15 15 
38 16 95 20 83 52 43  2 66 42 54 55 29 53 13  5 92 98 64 85 
16 99 19 14 32 91 56 97 76 34 45 50 80 47 96 58 99 40 100 34 
44 63 97 68 50 82 91 56 25  5 12 99  2 36 50 93 45 91 48 78 
 4 67 83 79 62 12  2  6 64 53 68 35 91 11 61 38 22 67 87 93 
 2  8 55 88 53 45 70 52 13 23 99 95 11 75 81 93 39 64 23 93 
74 61 83 28 16 25  3 61 45 74 13 59 39 11 94 81 21 21 56 86 
52 52 89 13 36 94 74 12  3 76  9 12 81 98 20 18 21 56  9 46 
94 17  5 21 89 62 24 87 12 80 36 39 16 32 68 18 96 82 14 14 
91 76 27 88 34 30 86 80 64 53 36 29 24 29 62 43 34 26 53 60 
84 91 49 41 21 75 71 38 78 78 17 12 35 67 87 70 84 26 32  4 
37 23 37 46 87 80 77 98  1 60 15 34 33 30 46 59 97 59 65 38 
76 57  4 31 34 94 44 82 87 24 46 77 15 98 85 28 51 63 27 87 
39 79 65 33 32 65 53 97  8 38 86 35 62 92  7 43 52 71 66 19 
10 48 93 76 73  6 23 66 48 82 34 25 69 21 79 65  2 44 65 96 
15 10 68  4 42 71 61 75  6 49 27 75 48  4 14 71 50 42 32 17 
33 69 54 88 41 11 11 64 43 27 54 36 85 78 92 87 62 77 28 22 
64 35 94 62 96 47 50 35 66 69 95 91 75 26 28 54 56 25 60 39 
96 11 75 76 31 61 86 42 81 23 69 91  5 54 67 74 42 23 30  6 
41 59 56 66 64 28 87 23 25 14 15 64 36 12  8 56 88 19 99 54 
83 100 76  5 69  5 26 93 35 31 18 27 65 48 76 15 73 90 62 67 
 8 16 96 56 34 26 17 49 21 77 42 10 40 69 91 63 99 43 69 75 
87 75 52 88 16 100 40 70 12 73 96 60  3  5 71 41 23 70 51 11 
21 13 72  3 52 76 22 84 40 84 29 77 48 38 64 76 54 17 98 35 
17 65 68 35 74 45 64 75 46 11 82 41 82 16 70 91 69 17 53 65 
93 91  3 83 10 54 68 52 38 21 27 58 72 35 59 65 37  4 27 42 
18 93 69 35  6 11 99 81 51 76 57 68 32 42 54 29 98 58 86 21 
99 35 28  1 42 38 91 14 81 87 53  7  8 24 10 27 74 18 51 40 
39 67 82 25 59 30 73 84 10 94 85 70  4 42 34 62 51 42 63 29 
 5 90 29 37 54 16 67  4 97 57 63 37 68 40 48 28 43 35 43 66 
74 20 33 30 12 72 19 58 21 71 96 40 27 98 59 33 12 47 33 66 
66 39  6 16 77 21 100 94 76 77 33 68 54  2 55 83 53 59 100 91 
95 80 46 70 88 38 42 41 96 36 95  6 88 23 88 79 56 59 95 60 
21 62 22 97 17 57 14 79 77 42 74  2 67  6 97 34 21 47 72 47 
89 68 18 92 32 77 64 56 71  2 19 10 27 84 43  2 64 51 55 95 
18 53 73 36 48 85  1 18 62 50 55 47 88 67 95 75 93 10 67 26 
 5 19 19 92 34 36  4 48 19 83 82  6 47 99 63 22 44 73 68 81 
17 80 97 49 74 85 56 83 10  2 85 21 58 25 49 20  4 54 61 29 
24 71 53 49 61 83 91 96 66 18 19 47 57 79 26 40 35 66 19 100 
11  8 27 23 58 58 92 79 13  5 91 43 30 41  3 27 20 39 72  1 
97 58 42 56 89 32 94 48 85  5 16 25 26 80  9 74  2 59 77 43 
16 69 93 20  3 19 37 41 56 77 77  2 97 99 95 96 47 81 95 94 
15 45 75  5 78 54 48 100 59 22 79 36 55 20 62 91 33 68 88 98 
95 65 97 73 70 69 42 14 39 52 32 58 64 98 67 41 58 60 76 32 
52 43 29 92 60 69 60 76 95 25 88 73 34 35 83 17 67  3 22  3 
34 41 59 22 10 74 96 12 27 66 75 56 82 85 65 36 83 44  4 56 
27 99 32 26 30 38 44 35 30 32 21 98 20 80 72 35 50 72 23 81 
28 77 12 70 79 74 83  9 12 96 76 86 52 37 49 86 28 39 89 39 
 6 48 17 12 41  4 31 75 70 44 63 86 24 37 62 85 93 48 37 32 
78 16 81 87 87 43 66 54 100 88 41 23 62 52 78 33 84 20 87 23 
 1 86 16 63 98 47  6 77  5 67 99 76 58 34 68 92 52  8 11  4 
59 89 23 13 16  3 36 57 92 76 56 42 46 80 14 35 66 31 12 21 
52 87 11 22 68 82 24 99 56 38  8 34  1 27 33 18 29  7 53 57 
21 44  2 42 61 37 76 25 82 35 57 35  8 36 53  3  1 53 94 56 
66 86 59 41 43 17 35 17 100 44 48 38 30 95 93 25 46 47 62 55 
42 13 94 62 97 33 100 65 35 37 63 64 87 46 37 46 100 58 31 74 
65 56 70 16 41 27  4 55 73 17 51  8 15 77 76 99 99 35 62 97 
31 84 40 36 69  9 60 50 34 72 55 56  6  6  9  5 73 72 30 30 
44 51  2  7 26  4 75 56 57 68 63  1 91  5 64 51 14  1 41 84 
61 78 23 37 36 80 57  8 23 52 88 64 12 14 13 99  7 91 49 87 
55 76 44 14 70 29 88 32 93 18 67 61 22 70 78 10 34 80 24 43 
38 50 24 74 44 66 61  3  6  7 66 85 42 45  2 27 71 34 56 13 
55 87 92 42 49 68 37 49 16 40 16 57 84 43 34 100 98 97 55 20 
34 89 20 39 42 91 75 46 91 21 41 27 21 95 52 61 94 47 62 64 
57 10 88 56 96 40 52 56 41 16 89 42 90 38 15  3 25 78 96 98 
17 61 85 47  8 44 22  2 27 79 85 46  6 38 56 54 92 30 46 73 
75 76 56 65 47 85  4 33 68 77 39 75 42 95 18 61 85 60 30 92 
21 82 51 61 47 86 17 23 23 69 86 71 71 23 18 76 76 53 64 89 
 6 82 24 45 33 56 86 69 10 57 97 27 100 58 85 21 87 97 77 31 
75 14 88 58 94 24 70  5 79 11 91  8 25 57 41 60 97 27 77 66 
40  4 46 65 76 16 60 59  2 26 35 55 55  4 85  2  3  6 26 34 
38 87 49 66 39  9 76 94 81 70 65 67 51 18 38 67 65 51 90 34 
18 88  7 37 33 23 98 69 38 82 19 39 80 38 70 69 45  4 61 66 
64  7 69 36 81 36  1 51 39 36 45 34 65 34 79 79 57 79 13 53 
