20 200
59 14 60 71 59  6 26 76 30 37 45 47 72 74 47 39 56  2 55 66 
41 40 35 31 93 58  9 42 54 24 80 10 80 29 23 51 13 10 15  4 
 6 75 82 73 59 59 76 86 16 49 28 94 60 61 89  5 17 89 57  2 
57  4 57 67  9 21 69 33 16 44 86 22 75 67 84 93 87 27 25 61 
82 44 35 99 74 68  5 59  9 98 94  2 28 98 16 88 77 86 98 12 
11 94 61 47 18 56 11 53 88 54 42 85 11 80 37 61 47 96  7  6 
53 96 35 82 94 54 61 80 15 51 29 98 97 75 37 11 57  5 93 63 
42 48 64 81 71 74 76 92 61 89 39 72 13 94 52 86 94 56 91 92 
41 51 26 24 49 53 51 93 39 37  8 48 32 30 81 41 98 22 24 78 
 8 57 30 12 20 17 17 97  2 77 86 72 99 46 55 54 85 19 60 66 
80 53 50 47 58 83  7 62 14 55 48 48 42  1  9 29 61 15 57 48 
36 17 86 40 28 23  4 58 64  7 93 24 35 44 86 51 32 59 90 17 
64  9 52 17 62  7 76 76 51 44 69 15 68 75 35  5 34 29 22 99 
54 83 66 94 31 66 89  4 24 50 53 80 17 25 22 40 30 11 93 51 
35 77 65 22  6 100 33 50 86 71 26 39 100 45  1 71 57 65  4 21 
13 97 41 74 42 52 27 95 58 93 42 38 43 22 89 11 34 10 83 38 
73 35 80 76 52 85 88 29 63 28 34 91 79 79 15 56 48 52  9 93 
46 36 40 70 33 77 78  5 58 64 82 37 82 82 90 68 55 81 78 60 
74 35 20 92 66 69 81 15 80 28 68 13 35 11 73  8 94 37 95 66 
15 35 35 30  2 73 80 10 13  3 52 41 36 61 50 41 73 45 20 23 
47 30 39 59 78 11 35 46 56 69 30 87 29 71 55 62 53 91 18 27 
77 15  5 47 87 52 11 65 95 15 83 63 28  3 19 26 34 81 87 40 
95 82 55 13 17 17 16 86 25 98 22 49 45 40  9 71 56 13 85 62 
63 40 27 45 99 57 66 58 16 70 28 30 47 52 96 47 74 89 55 12 
58 88 100 91 36 12 60  5 74 31 25 24 71 20 69 51 61 93 47 20 
74 95 86 11 97  9 68 38 53 21 77 80 34 98  3 97 62 22 48 19 
76 69 33 91 78 97 60  7 86 25 52 78 99 94 43 14 93 86 43 54 
68 31  6 90  5 24 79 11 13 67 94 52 17 46 88 63 67 56 77 50 
65 52 80 54 77 60 37 96 68 42 43 12 64 25 14 11 63 92 68 88 
52 69 18 26 17 10 33 67 14 72 75  7 27 40  5 40 41 25 100 60 
51 60 66 89 11 43 22 80 94 94 43 55 59 69 41 90 45 36 45  2 
60 43 18 20 73 26 65 99 95 91 76 51 97 95 63 84 36 75 11 41 
16 98 17 55 64 35 67 74 45 75 51 15 93 83 41 26 69 44 97 40 
36 33 83 16 87  7 77  6 46 71 10 77 37 73 36 34 30 65 73 93 
39 62 57 19 44 31 73 74 64 35 43 91 62 68 18 74 23 68 31 35 
 5 52 35 43 70 91 71  3 92 18 61 28 71 25 62 70 11 82 61  6 
 2 39 44 37  3 51 11 26 30 15 84 35 31 39 14 35 19 81 48 53 
26 78 65 91  4  1 69 13 70 27 15 78 85 33 10 83 70 53 29  7 
 8 55 85 75 82 15 52 14 32 60 39 67 50 25  9 79 62 92 11 17 
21 14 92 63 10 54 61 94 45 62 14 64 90 61 44 97 70 48 76 17 
81  9 21 20 34 47 78 79 15 44 39 63 99 10  8 65  3 59 87  6 
71 65 49 58 20 47 35 93 41 73 72 99 86 39 95  5 88 60 42 40 
15 68 51 39 43 12 14 91 64 32 31 12 90 24 74 98 65 33 33 30 
87  6 32 93 16 65 61 31 68 29 20 29 42 91 44 81 85 77 10 98 
53  7  9 10 11 36 15 20  2 12 80 89 61  8 95 17 23 74 17 35 
36 84 89 23  6 69 81 95 43 84 47 69 27 10 63 94 28 79 19 69 
78 80 100 52 32 57 56 41 75 13 89  9 73 79 27 82 18 74 71 73 
34 79 75 30 82 44 74 32 38 90 14 23 67 16 88 28 82 51 22 15 
11 72 41 83 64 31 92 75 63 97  7 54 60 92 76 31  4 86 94 30 
34 32 85 66 38  1 84 39 10 78 19 60 72 58 19 48 53 82 86 35 
69 88 54 79 96 84 46 59 65  4 15 78 56 16 47 75  6 33 27 45 
96 43 64 95 100 38 69 78 47 95 36 76 67 84 53  1 66 96 77 39 
45  2  1 49 99 50 100 29 39 98 27 92 13 49 62 17 49 95 24 57 
79  2 27 36 11 81 14 49 84 68 49 63  8 25 97  1 51 55  8 32 
69  9 94 98 71 21  2 58 93 94 75 41 75 85 85 70 79 79 47 12 
59 56 81 40 40 52 70 19 23  9 19 24 62 82 87  2 91 57 11 57 
71 12 94 66 55 34 89 30  6 99 46 70 40 26 84 98 26 23 27 97 
59 77 73 64 89 40 22 24 11 17 31  7 100 11 22 57  5 17 31 90 
93 56 94 98 47 14 39 76 38 60 80 27 30 72 18 17 20 94 26 92 
65 93 77 66 32 46 89 36 20 23 89 31 54 16 83 93 11 100 99  5 
 3  6  3 85 16 32 49  1 42 19 23 44 81 98 52 23 100 73  1 61 
86 99 39 38 64 39 25 59 42 90 50 50 27  6 14 95 43 36 38 20 
34 37 34 42  8 96 86 22 82 83 75 60  6  5 68 60 94 84 71 94 
75 52 81 86 58 19 13 10 10 53 35 94 35 39 88 61 84 54 22 23 
25 79 23 72 95 67 54 77 73 63 90 45 100 51 19 74 69 84 72 71 
40 32 74  9 59 70 83 17 17  8 84 62 38 97 58 26 14 11 56 31 
57 100 92 22 51 97 23 91 32 67 61 46 75 100 83 33 84 58 25  2 
46  7 92 61 65 57  4 21 12 76 72 33 39 40 42 70 95  1 97 36 
48 74 74 27 94 35 82 21 99 26 11 78 67 10 47 85 78 41 46 24 
 4 36 98 23 63 30 25 84 38 37 39 60 76 11 68 51 94 74 73 71 
77 14 21 74 57 90 31 53 38 40 11 53 11 80 82  5 21 66 84 38 
10 38  4 84 43 66 10 27  5 40 26 98 25 10 32 56 39 85  3  6 
26 45 95 38 78 98 75 23 85 89 59 59 34 47 43 86 17 51 95 56 
36 33 16 77 64 10 63 17  2 91 78  6 72 35 99 87 89 93 53 65 
32 18 31 35 40 99 38 40 24 48 74 85 27 67 22 44 98 89 50 50 
81 18 88 66 32  5  6 90 67 16 62 74  7 59 70 62 31 58 99 51 
38  2 21  6  4 67 93 34 61 61 90 94 96 18 91  2 73  3 14 23 
99 73  3 63 27  6 97 21 45 98 15 66 87 75  6  1  4 88 100  5 
42 38 21 37 15 58 92 27 32 13  6 15 50 21 12 16  9 37 31 18 
92 83  3 77 50 78 99 30 61 57 73 35 12 67 38 75 70 98 58 39 
54 24 57 20 87 98 93 68 54 20 38 44 30 31 68 40 64 41 36 68 
84 25 58 70 63 68 34 100 99 57 32 38 96 28 63 57 77 87 88 97 
92 15 51 30 56 37 53 83 13 54 40 16 61 49 26 24 27 97 19 86 
30 71 15 10 76 41 31 84  2 71 93 41 34 56 49 74 24 91  3 61 
80 79 26 10 34 79 48  1 32 73 76  3  7 75 33 42 71 10 90 31 
14 37 39  2 93 60 39 52 100  4 96 22 53 33 96  6 56  4 15 37 
46 100  9 28 87 41 30 77 10 29 73 55 83 80 53 97 89 54 22 23 
78 31  8 48 44 70 64 29 88 65 29 99 64 27 30 45 13 39 94 86 
47 22 70 40 60 54 42 59 88 41  7 22 37 61  9 35 60 72 22 97 
77 70 21 15 12  4 94 81 28 16 35 52 16 51 49 73 80 23 88 32 
85 99 15 12 73 55  5 74 74  8 53 35 58  2 95 81 82 58  1 82 
63 37  4 59 30 38 75 70 76 61 84 85 67 27 54 32 76 100  5 83 
47 83 37 68 39 62 27 44 22  6 42 54 100 32 80 56 27 56  7 37 
88 19 55  3 24 84 94 63 94 59 12 92 78 34 53  7  2 12  9  7 
75 39 83 95 73 78 60  1  6 32  9 99 80 10 65 100 76  6 88 100 
62 92 40 47  7 68 11 58 32 29 97 100 28 68 72 73 34 23 66 23 
50 46 88 42 24 70 29 52 51 27 65 17 23 93 14 80 88 16 83 78 
28 86 96 33 56 40 72  1  2 19 57 35 74 19 33  7 40 37 32 80 
87 41  5  1 15 32 69 37 21 73 14 41 56 60 80 30 62 62 61 53 
28  5 52 89 29 30 52  2 74 14 67 14 27 36 10 79 46 41 42  7 
92 78 85 52 40 75 83  6 92 46 66  8 37 21 40  5  4 13 57 51 
41 38 89 31 23  7 43 51 87  3 28 83 94 46 19 29 72 43 78 58 
 7 36 11 18 75 78 77 20 49 17 76 33 86 55 27 25 73 41 58 21 
29 86 58 69 40 68 35 11 72 24 41 95 69 69 67 19 64 83 33 45 
39 70 25 69 52 44 25 72 91 92 99 24 90 51 15 32 78  5 87 50 
90 14 90 79 23 82 85 82 66 70 99  5 27 25 39 86 26 78 32 88 
22 15  4 44 70 12 63 45  8 96 26 67 28 30 42 63 93 38 25 51 
35  5 15 94 31 56 61 67 90 55 32 32 58 84 80 72 10 81 78 51 
93 32 20 27 54 84 41 99 20 75 50 88 73 51 74 24 27 87 48 58 
36 37 58 34 53 80  6 79 10 48  3 83 88 65 77 55 23 32 97 99 
47 93 10 83 17 77 67 77 77 54 99 97 13 67 78 97 90 66 51 47 
54 98 38 75 65  9 63 38 36 72 92 84 72 21 83  1 45 73 13 34 
51 86 32 14 20 44 10 10  6  3 52 94 98 36 96 45 64 69 46 26 
62 63 11 96 16 74 39 66 53 39 85 71 78 98 36 58 50 33 98 31 
63 80 12  2 84 84 67 31 73 78 27 88 78 82 63 17 74 88 12 53 
35  8 90 82 82 57 76 87 77  5 15 51 65 78 71 10 35 36 43 88 
81 34 18 77 15 77 79 36 21 92 14 78 80 37 67 70 64 24  3 46 
52 87 38 81 58 34 64 28 35  2 70 20  1 99 24 29 96 14 74 67 
75  2 30 66 46 85 54 15 23 66 76 77 75 62 38 49 45 67 31 32 
100 70 31 99 97 35 78 29 100 28 53 71  9 46 91  2 45 20  7 87 
 4 79 100 41 35 67 69 46 68 11 95 15 16 27 51 76  7 27 67 43 
22 15 43 22 66 31 24 86 97 97 79 60 90 54 83 15 84 77 74 39 
86 14 63 14 60 92 48 68  1 66 84 76 84 76 17 31 34 40 77  1 
 6 33 90 46 49 40 48 54 37 12 80 11 22 24 32 79 21 42 41 32 
40 26 82 16 13 20 56 83 21 36  5 44 45 18 44 94 33 20 28 100 
18 13 52 80 74 96 80  2 58 78  2 77 82 20 97 30  7 85 27 87 
88 22 88 37 51 42 68 49 81 15 63 56 19  3 55 54 58 56 71  9 
35 33 61 69 39 85 75 51 14 85 14 55 55 86 85 83 96 68 96 64 
 6 90 86 70 78 74 88 84 71 39 76 34 59 26 87 36 73 85  5 14 
65 54 40 33  9 84 53 12 10 87 23 70 86 82 38 29 85 19 93 84 
11 33 97 88 100 87 79  4 94 55  4 20 30  1  7 12 19 53 52 81 
81  5 39 100 62 63 46 91 59 31 99 20 84 97 81 18 84 25 94 70 
70 40 51 32 80  9 67 55 84 56 54 64  9 27 58 67 10 65 61 95 
26  6 73 94  1  5  1 14 45 64 73 100 36 95 64 94 61 46 38 55 
88 94 32 79 34 74 37 35 35 50 77 22 57 26  2 11 89 69 27  7 
 2 77 85 99 54 32 35 68 44 56 47 64 62 27 44 46 90 73 98 89 
58 88 25 53 28 67  3  9 67 91 53 80 80 30 51 69 99 92 35 65 
84 77 81 30 11 54 85 61 81 12 62 76 64 66 26  8 98 51 42 80 
21 96 50 48 17 46 44 30 13 77 55 95 23  1 61 22 39 40 71 94 
59 31 13 22 31 18 18 83  7 100 17 12 90 91 75 85  9 50 61 96 
19 36 85 51 52 75  7 58 77 38 52 24 14 67 89 99 72 84 77 59 
20 15  8 75 37 95 94 31 20 41 73 50 93 91 34 67 52 77 97 96 
47 99 17 18 63 30 48 74 92 71 85  3 69 96  6 57 59 56 49 72 
23  3  6 77 56  7 89 100 70 90 87 40 97 28 60 41 53 18 55  4 
62 32 56 49 88 74 36 52 88 39 48 46 33 31 10 90 75 81 77 18 
61 22 49 25 14 79 59 16 30 34  2 38 28 59 51 29  8 79 83 92 
75 29 70 69 98 92 40 56 86 28 16 43 90 49 83 83 27 75 59 32 
74 97 58 41 50 36 43 15 53 75 10 23 92 44 28 74 83 63 100 77 
12 80 70 40 25 54 100 62 55 100 85 66 24 96 27 30 59 30 34 47 
16  3 69 11 99 57 47 67 76 76 96 39 52 70 79 33 83 26 20 99 
69 33 26 13 57 97 99 29 99 56 52  7 27 87  6 35 32 63 22 16 
 7 53 86 49 92 83 32 75 100 85 56 66 38 50 39 52 44 39 88  4 
48 60 60 47 97 83 77 95 42 58 24 65 60 21 94 94 41 20 14 78 
24  2 86 40 86 59 54 79 81 15 61 41 98  3 14 65 100 46 60  7 
70 57 96 93 10 28 39  5 72 77 21 40 63 33 100 92 77 70  5 87 
50 69 48 36 35 55  2 100 62 97 79 42 10 37 28 43 39 45 84 45 
36 67 11 21 64  5 42 52 19 94 76 23 65 89 87 17 46 35 17 51 
95 23 19 12 76  8 68 85 32 91 15 68 19 48 45  5 69 47  6 97 
23 59 21 22 67 92  2 93 74 45 10  5 51  2 78 21 52 93 64 85 
59 26 92 31 29 99 51 44 14 82 14 85 11 92 66 17 51 93 65 51 
54 98 90 63 51 31 59 90 44 71 79 52 63 34 90 22 13 76 16 69 
14 26 30 38 97 96 46 47 48  3 89 24 65 72 15 23 71 43 93 34 
87 17 55  2 33 53 89 76  2 76  2 82  9 16 29  5 74  3 36 28 
58 13 35 17 77 95 86 11 46 93 88 28 33 99 55 79 82 51 56 88 
76 37 69 52 81 91 61 26 42 28 100 77 38 70 36 59 55 57 35 55 
 1 75 84 47 23  7 86 96 51 59 15 21  5 65 26  3 15 18  5 81 
38 20  8 80 39 72 52 71 44 34 70 88 31 87 14 29 99 28 73 95 
34 51 63 37 22 43 12 94 89 27  5 37 27 82 78 81 74 77 12 11 
30 31 46 84 90 75 82  1 60 71 43 20 93 84 68 40 24  6 36 55 
37 98 57 40 48 57 59 15 24 79 39 67 47  4 70 85 56 40 42 96 
68 93 89 59 48 94 87 83 94 31 66  2 75 54 20 63 89 28  8 80 
49 84 74 16 67 20  4 16 83 34 61 49 42 89 32 92 31 100 85 83 
96 100 39 35 74 37 60 81 53 80 22 93 95 98 26 44 29 92 65 95 
85 16  5 92 46 58 42 27 99 35 97 84 89 58 25 94 83 53 62 100 
63 83 53 64 81 81 13 65 13 44 18 74 81 82 84 99 81 20  9 39 
17 98 64 45 87 100 81 86 24 63  8 16 18 84 60 40 71 55  5 99 
40 58 38 10 43 31 22 31  3 79 34 26 90 58 91 83 47 12 23 40 
11 36 31 98 76 29 22 18 69  6 61 81  8 88 42 14 60 62 39 95 
65 37 31 100 98  8  2 60 34 54 60 35 11 92 36 45 33 42 58 100 
 4 19 50 27 25 73 27 41 24 41 38 64  3 26 70 52  2 55 31 28 
10 96 64 65 67 14  5 29 22 53  4 78 23 58 16  5 77 79 57  8 
41  6 36 22 26 29 75 35 89 27  9 24 48 56 25 53  5 60 93 39 
54 36 76 30  4 96 86 34 59 16 44 68  7 86 82 49 44 11 77 99 
62 52 51 96 14 17 74 39 44 94 85 46  7 65 24 50 30 50 36 21 
 8 74 93 93 81 10 95 30 76  1 54 96 11 16 52 49 21 12 93 41 
50 84 94 56  4 66 15  4 52 57 32 63 79 34 95 33 37 27  4 39 
79 49 72 78 82  1 79 71 89  2  9 67 42 43 79 27 62 19 78 59 
87 65 61 68 27 73 82 73 81 75 46 15 63 72 36  5 89 40 63 81 
30 24 96 58 66 61 69 14 71 38 87 35 85 54 85  7 11 73 72  2 
12 79 54 34 70  6 70 42 99 99 42 79 46 65 86 56 100 96 58  9 
48  7 48 75 19 53  9 38 10 62 44 60 56 94 62  6  9 46 68 41 
15 41 78 39 83 96 78 65 32 27 53  9 13 15 53 11  5  4 73 31 
32 14 83 100 62 31 40 68  4 13 14 53 32 32 77 90 100 28 34 90 
75 52 77 44 81 43  6  8 83 51 66 10 22 13 68 84 12 23 28 12 
79 44  5 37 79  3 33 40 77 40 26  5 22 33 13 67 83 85 12 86 
93 100 32 76 84 45 66 44  3 100 11 60 95 88  3 50 36 54 55 14 
46 15  4 44 47 50 26 81 78 23 33 23 88 53  2 29 69 43 63 92 
87 89 60 12 81 93  8  8 72 88 11 21 51 13 15 53 32 61 67 73 
28 21 69 18 71 81 74 69 85 24 29 57 89 90 95 87 74 14  1 10 
42 76 59 31 19 19 15 25 41 88 71 93  6 87 29 81 93 23 40 84 
