2 100
84 79 
67  2 
10 68 
48 76 
52 85 
65 96 
26 20 
26 69 
33 22 
76 50 
36 17 
99 36 
 3 61 
12 44 
76 62 
66 78 
45 95 
 5 37 
55 64 
20 71 
10  2 
39  8 
42 67 
18 50 
85  2 
59 90 
 7  5 
95 33 
54 33 
58 29 
20 81 
49 17 
50 82 
55  5 
20 87 
96 81 
65 85 
50 24 
65 78 
73 60 
13 24 
66 84 
37  2 
84 35 
100 87 
 4  9 
77 25 
85 62 
34 52 
 1 46 
88  2 
63 39 
49 15 
60 52 
81  8 
63 77 
 5 52 
11 39 
37 85 
34 94 
65 84 
92  7 
47 92 
14 32 
49 63 
99 18 
41 78 
27 56 
70 89 
 6 68 
19 57 
71  4 
16 68 
38 89 
97 54 
76 29 
 6 42 
 1 65 
31 37 
69 40 
29 89 
83 75 
19 88 
82 35 
72  6 
18 25 
46 43 
74 85 
64 71 
21 10 
71 55 
61 64 
39 96 
73 40 
78 30 
63 45 
36 30 
14 33 
64 91 
26 90 
