10 100
 7 99  8 99 39 34 42  4 17 81 
100  9 27 31 50 59 64 81 27 12 
 4 97 89 56 40 49 12 60 13 17 
10 60 17 16 87 24 79 98 32 67 
28 12 12 38 34 85 50 71 35 20 
61 77 14 99 65 29 10 44 76 49 
29 64 20 93  8 88 36 51  9 96 
98 93 85 96  2 54 11 70 87 28 
24  4 81 23 60 99 99 17 54 15 
21 29 19 79 65 26 58 65 63 21 
68 74 60 94 81 33 85  3 49 83 
35 88  5 31 100 47 43  8 18 17 
21 33 95  1 57 78 28 61 21 57 
 4 43 82 88 58 54 26 89 80 45 
49 45 16 93 56 67 56 18 90 92 
36 63 42 74  6 35 40 94 61 25 
22 85 62 97 48 13 93 46 50 34 
73 95 93 32 62 80 46 21 38 24 
16 42 45 35 18 80 65 39 85 19 
58 62 20 52 61 82 51 41 91 29 
66 26 30 26 67  1 86 93 25 71 
 6 91 87 83 15 83 99 68 76 12 
62 14 52 40 47 19 49 39 72 33 
 5 97 67 53 74 35 34 14 58 44 
23 54 37 33 58  5 30 10  3 58 
47 24 24 93 65 82 95 10 23 24 
100 78 40 69  1 46 73 55 64  2 
 4 43 10 75 15 92 25 22 13 60 
25 49 39 53 78 47 84 90 94 70 
65 48 78 69 26 38 98 11 37 39 
24 100 15 95 73 50 99 19 23 35 
87 61 87 30 12 94 90  6 43 92 
75 13 64 25 70 26 41 74 63 64 
91 28 82 97 53 45 82 10 60 36 
81 58  6 57 92 86 80 85 29 49 
90 59  3 25 85  7 76 75 95 31 
 3 78 69 55 19  6 77 76 99 26 
 5 50 37 35 35 46 22 58 97 31 
75 81 89 22 29 69 36 11 56 77 
14 79 100 26 46 72 97 55 56 10 
31 91 89 60 74 39 81 61 40 37 
 8 82 25 94 13 30 93 14 72 69 
65 84 29 20 53 98 78 46 43  4 
21 21 41 59 41 83 33 48 29 94 
70 68 97 10 42 57 93 21 21 87 
41 85 25 52 40 77 73 49 60 76 
65 86 48 77 43 53 34 12 25  6 
 5 31 75 57 73 59 49 85 45  8 
38 78 87 45  3 68 91 58 53 33 
 1 56 28  4 61 61  8 69 76 33 
33 97 95 64 29 47 60 27 53 56 
86 74 57 69 78 16  4 78 50 94 
28 54 67 100 17 35 81 87 40 24 
69 25 27 52 87 26 37 42 42 51 
53 76 75 41 20 46 52 38 81 24 
92  1 42  1 15 37 97 60 41 31 
16 48 97 42 55 20 85 61 33 73 
24 31 84 40 99 82 87 98 11 71 
16  4 90 76 35 78 82 52 60 61 
 9 21 93 79 22 44 97 87 65 94 
16 90 88 69 60 69 29 59 15 69 
86 85 36 25 24 74 32 99 74 32 
 6 70 23 76 77 55 10 83 57 89 
87 49 68 25 47 72 34 87  8 43 
47 87 25 63 11 31 40 35 93 24 
52 95 20 46 40  1 73 25 67 65 
87  1 89 16 87 37 93 30 75 18 
29 98 67 61  5 96  4 79  5 95 
82 18 22 94 14 46 39 28  8 14 
34 14 51 44 67 90 84 43  9 47 
53 35 38 14  1 92 19 72  2  4 
13 16 62 96 23 56 47 57 48 47 
77 73 99 16 45 72 31  5 32 76 
48 45 77 61 68 78 62 85 10 97 
59 50 60 16 79 63 56 73 29 42 
15 11 24 68  4 92  3 55 23 52 
42 49 51 39 63 30 39  9 18 84 
96 83 48 21 12 77 62 59 99 20 
61 21 18 85 17 51 75  7 68 26 
62 85 48 40 60 66 34 92 31 98 
91 11 38 51 76 51 76 90  6  4 
38 29 12 14 47 43 33 77 70 44 
 2 13 68 20  5 64 63 56 89 75 
51 26 21  2 60 19 45 92 83 10 
43 68 87 10 40  4 27 29 29 26 
14 12 66 99 59 65 18 27 35 33 
53 75 49 36 92 85 47 79 51  5 
88 80 98 91 49 66 98 66 95 69 
96 57 35 72 41 33 46 54 91 15 
48 20 92 99 82 49 36  9 46 70 
52 45 68 52 25 71 99 22 53  3 
75 22 78  2 40 100 23 13 93 57 
74 72 47 19 44  4 81 89  4 39 
91 86 99 10 32 26 67 67 79 71 
56 53 20 64 87 47 39  9 35 75 
50 46 41 55 21 71 95 64 66 51 
11 93 100 11 32 68 87 51 72 39 
53 87 16 12  1 84 40 32 70 40 
67 36 25  5 75  8  5 39 37 80 
70 96 62 92 38 99 34 34 25 94 
