2 200
72 58 
24 28 
39 18 
46 100 
29 89 
86 49 
50 69 
51 44 
72 97 
100 45 
 7  8 
94 85 
53 51 
42 71 
84 21 
 4 35 
76 45 
23 84 
33 46 
75 45 
64 81 
51 99 
 2 20 
32 13 
 7 32 
76 32 
25 57 
78 82 
78 76 
16 89 
86 93 
54 64 
19 78 
14 34 
63 79 
64 46 
74 88 
17 52 
31 54 
83 72 
50 35 
84 91 
94 76 
47 89 
23 62 
79 65 
92 78 
 3 52 
38 42 
21 70 
62 62 
93 57 
48 27 
54 74 
51 44 
40 28 
11 54 
70 94 
67 45 
32 93 
51 40 
37 59 
35 29 
80 63 
28 93 
 7 21 
97 10 
29 61 
10 47 
47 17 
61 33 
26 29 
46 35 
21 61 
94 26 
57 29 
37 49 
 8 85 
85 58 
26 59 
87 72 
45 81 
71 58 
39 24 
23 63 
70 74 
59 59 
33 31 
79 33 
94 46 
 4 63 
75 66 
74 45 
33  3 
61 31 
 3 55 
45 18 
25 53 
97 48 
68 52 
26 75 
55 95 
63 69 
59 91 
84 98 
27 80 
 9 23 
28 72 
46 65 
17 70 
73 97 
15 91 
53 22 
70  3 
99 71 
75 74 
33 44 
47 89 
37 43 
93  3 
99 65 
31 74 
41 46 
75 24 
76 62 
17 96 
87 58 
 3 45 
34 84 
96 68 
54 70 
65 83 
20 39 
13 16 
66 92 
80 81 
13 83 
25 57 
49 60 
98 19 
32  9 
23 83 
38 17 
33 18 
71 41 
82 42 
82 11 
56 49 
66 35 
44 69 
63 30 
55 93 
 6 83 
73 21 
92 13 
97 88 
50 95 
82 18 
50 50 
77 23 
38 55 
24 30 
89  1 
83 90 
20 29 
78 27 
31 86 
15 32 
48 33 
30 92 
69 32 
92 99 
67 70 
81 22 
 2 23 
90 70 
58 75 
36 65 
59 74 
 6  9 
 2 37 
87 66 
51 13 
46 72 
42 49 
39 67 
 3 25 
86 50 
 7 29 
10 69 
42  8 
75 75 
76 42 
45 51 
 6 20 
 4  5 
94 95 
 2  2 
30 50 
56 59 
