5 200
48 69 61 19 96 
81 75 85 78 68 
23 25 41 51 47 
52 26 31 57 66 
71  5 48 69 34 
23 70 82 92 79 
 8 48 34 86  3 
53 20 53  6 89 
34 89 11 50 15 
17 11 52 34  3 
 6 100 64 23 44 
42 91 52 27 44 
47 70  4 27  6 
 7  7 90 32 40 
44 86 100 37 32 
20 45 68 61 87 
34 84 85 75 86 
47 17 37 16 69 
15 13 91 37 16 
25 74 37 78 46 
88 16 81 54 91 
50 79 50 68 36 
99 69 90 100 52 
99 52  9 98 38 
65 38 96 24 71 
16 14 38 90  5 
10 98 70 63 88 
42 37 56 70 96 
34 94 53 84 68 
17 97 95 97 88 
52 82 90 30 43 
94 23 56 89 16 
10 67 28  8 76 
49 85 71 82 42 
46 14 13 38 69 
40 18 17 46 17 
67 29  8 23 62 
41 34 49 77 58 
90 15  8 28 77 
23 98 58 58 86 
 8  7 16 55 41 
15 99 49 84 34 
 3 59 62 19  4 
 7 85 87 25 24 
39 53 65 75 26 
53 24 94 88 58 
64 96 61 25 99 
23 96  9 89 82 
86 71 22 95 42 
30 45 45 61 39 
53 37 39 45 40 
55 38 66 70 47 
39 82 68 84 51 
20  2 56  5 56 
68 30 57  9 99 
24 56 29 85  3 
84 41 56  7 49 
11 36 72 37 33 
27 32 57 87 12 
39 78  3 88 79 
 5  1 74 22 93 
 7 54 80 98 34 
44 60  1 17 25 
23  6 80  5 12 
19 100 28 60 98 
49 24 42 73 57 
66 55 14  5 38 
 2  5 65 81 37 
17 51 64 75 45 
14 64 29 56  2 
42 10 65 93 56 
12  7 50  6 100 
41 28 55 56 99 
50 93 49 72 38 
77 99  8 84 85 
27 100  8 83 71 
13 99 41 50  5 
77 19 55  8 78 
43  1 95 76 44 
58 11  8 59 47 
 8  3 15 44 34 
71 20 15 13 41 
77 84 36 17 51 
86  3 69 76 19 
 3 71 46 34 95 
 4 32 77 89 61 
68 44 84 32 41 
69 30 23 52 66 
50 20 30 48  6 
95 87 76 80 52 
33 81  7 92 92 
 8 42 66 58 53 
94 57 75 36 44 
 3 63 33  5 39 
53 14 77 11 78 
70  9 30 25 59 
53 63 72 52 31 
71 10 46 81 39 
88 70 64 38  3 
61 87 11 33 73 
83 93 39 18 13 
87 64 91  5 92 
73 65  6 53 78 
44  4 96 88 97 
57 68 62 39 48 
82 92 21 68 98 
18 95 42 28 91 
58 15 90 36  7 
65 54 49 93 38 
18  8 25 31 98 
22 50 67 26  2 
26 14 68 95 48 
51 21 43 17 44 
36 52 24 28 47 
94 53 29 48 15 
29 71 25 78  5 
 6 39 97 74 33 
82 64  6 80 75 
87  8 76 15 49 
98 28 66 73 92 
80 89 53 87 28 
17 55 100 91 12 
86 26  1 60 86 
84 61 84 98 10 
73 71 35 63 60 
61 78 100 39 94 
18 86 59 71 61 
61 86 51 57 75 
37 73  5 31 65 
16  1 64 72 56 
42 62 83 15 28 
28 57 67 37 58 
 6 79  3 72 66 
60 46 72 18 26 
83  7 64 81 56 
45 96 80  1 27 
73 55 15 22 32 
10 28 100 40 71 
28 87 95 28  4 
66 65 34 44 95 
 4  5 81 19 26 
30  6 96 77 62 
86 22 68 73 30 
46 33  1 92 53 
43 88 73 50 23 
30 42 93 73 59 
30 86 57 27 16 
79 14 89  6  3 
90 90 14 95 62 
62 81 88 46 96 
18  3 27 27 59 
17 19  2 29 21 
17 22 93 63 56 
96 13 66 14 29 
24 27 38 86 89 
26  1 20 82 84 
61 80 86 81 30 
74 66 100 92 82 
18 53  2 77 63 
48 71 24 97 33 
92 63 16 33 66 
41  3 92 81 100 
54 26 98 62 77 
61  8 91 71 71 
 8 83 83 33 47 
 6 32 82 40 32 
94 21  9 42 12 
50 42 50 24 53 
22 100 54 31 17 
25 36 24 54 17 
94  6 98 36 57 
37 77 81 90 16 
18 40 62 93 86 
45 45 85 44 80 
35 97 38 20 36 
21 90 56 16 13 
38 13 46 100 82 
44 96  1 63 77 
40 63 60 59 75 
39 14  8 76 17 
46 34 80 14 47 
 2 15  5 27 37 
98 13 30 60 91 
92 46 37 14 78 
14  6 73 100 83 
19 55 24 65 51 
90 14  7 24 35 
36 24 100 54 43 
89 96 70 81 55 
35 51 68 56 59 
63  4 48 19 26 
 7 38 54 62  9 
36 21 78 64 13 
49  4 65 77 89 
21 10 65 12  9 
17 73 20 46  7 
89 41 13 28 64 
 9 99 91 27 77 
16 43 12 90 27 
68 80 23 70  4 
