10 200
24 56 27 37 32 59 98 16 34 70 
64 51  7 47 23 87 46 45 31 10 
76 36 53 55 87  6 34 99 69 61 
13 91 18 24 45 75 83 83 59 53 
 4 100 85 86 58  5 43 89 13 27 
80 19 86 90  1 57 50 52 86 21 
 5 51 54 44  5 22 60 36 80 10 
81  6 55 18 54 11 52 82 97 95 
84 80 97 52 71 41 12 33 62 55 
21 60 30 34 21 98 57 98 21 22 
24 97 55 80 85 43 85 47 45 15 
49 80  7 32 31 77 98 29 21  4 
66  5 47 91 11 74  3 64 19 20 
35 51 99 67 41 32 56  9 73 40 
61 28 51 61 42 21  7 37 36 89 
94 57 18 41 38 10 23 85 12 48 
78 92 65  2 95 82 44 37 30 57 
78 25 41 88 32 60 13 71 26 41 
12 41 31 85 64 69 58 81 83 51 
53 87 98 34  8 39 12 33 56 77 
 9 87 60 31  8  4 100 44 16 16 
60 36 77 17 69  3 23 11 16 44 
34 15 15 57  4 15 93 88 54 40 
97 43  3 47 97 20 58 12 44 43 
36 20 84 59 28 56 80 82 90 42 
89 50 25  3 89 66 78 68 36 97 
17 56 82 26 65 16 45 83 27 51 
92 90  9 71 33 83 95 59 19 42 
17 41 14 34 55 25 96 76 33 23 
51 35 56 84  6 12 39 33 59 50 
87 34 19 20 94 85 77 91 91 98 
12 15 97 75 30 20 19 11 55 26 
59 49 54 80 40 97 22 94  8 23 
65 97  9 29 20 56 28 43 65 34 
32  5 64 31 100 29 13 84 92 94 
42 78 95 64 83 26 91 48 27 57 
79  3 59 94 45 96 78 40 41 29 
61 10 70 88 17 79 27 60 75 24 
19 91 75 33 51 65 37 26 46 28 
32 77 28 55 90 84 18  4 89 25 
13 24 97 79 73 60 68 50 49 24 
67 15 94 15 12  1 85 20 46 71 
20 40 16 38  3 34 27 85 97 44 
99 38 26  4 44 10 70 53 40 50 
72 100 51 81 48  5  1 47 82 100 
95 66 14  7 96 14  2 32 33 35 
84 45 24 96 30 42 60 63 32 12 
10 98 93 21 78 14 86 66 21  3 
98 19 12 80 89 50 16 12 98 65 
70 37 77 65 55 31 11 13 60 71 
53 74 20 19 15 42 68 88 27 100 
92 29 99 19 73 50 90 70 77 48 
78 47 32 48 17 10 42 39 40 98 
42  6  7 17 46 41 48  4  7 64 
63  1 42 100 26 15 30 25 94 36 
 9 30 97 75 88 60 65 87 87 40 
35 92 26 17 33 75  4  5 85 55 
44 96 70 13 49 22 70 85 87 64 
32 39 54 71 43 27 86 91 58 85 
64 28 93 22 30 59 42 50 53 81 
24 82 75 64  9 44 47 65 68 73 
22 19  3 86 40 73  8  7 47 22 
94 93 50 72 87 41 41 13 54 25 
74 81 98 55 39 65 90 81 86 31 
21 56 81  5 18 42 86 89 74 48 
26 51 23 16 23 57 69 17 49 25 
65  6  4 31 32 59 99 48 44  9 
28 21 85 36 75 10 50 18 85 70 
19 66 73 20 51  9 65 71  2 58 
77 10 61 17 26 30 96 30 50  7 
83 84 56 32 39 10 35 73 92 22 
24 60 88 93 17 38 83 81  3 53 
71 16 99  6  7 29 48  6 18 27 
 1 58 53  3 95 59 14 27 27 44 
61 98 27 23  7 28 69 57 41 24 
94 65 90 11 45 79 28 65  6 51 
33  3 58 42 80 79 25 35 69 83 
11 26 48 47 52 61 41 32 76 87 
42 15 28 88 39 19  7  4 45 60 
38 68 56 61 78 16 70 46 94 98 
57 44 26 77 52 37 54 12 91 96 
58 90 86 47 96 29 93 82 91 72 
29 63 75 64 71  9 99 51 16 49 
60 44 41 51 21 32  1 80 92 72 
34 63 37 81 32 85 94 52 55 12 
78 67 67 95 99 57 75  7 19 65 
11 48  4 50 23 87 49 56 13 41 
18 46 93 93 39 50 77 47 63 23 
76 63 33  4 74 63 94 74 75 29 
62 28 95 12 10 15 96 30 98 24 
37 52  7 67  7 50 34 64 18 45 
49  4 45 81 35 21  8 73 89 97 
95 45 43 56 38 18 21 23 28 99 
29 24 81  5 55 55 48 24  8 24 
80  1 24 76 43 43 23 83 58 81 
69 94 72 66 91 97 33 46 71 90 
70 21 23  9 60 35 52 25 32 52 
94 63 66 35 98 32 60 18 13 90 
34 27  1 35  7  4 96 74 22  5 
76 26 90 77 52 92 75  3 27  7 
83 98 84 63 42 22 34 81 25 65 
39 67 44 73 13 95 60 90 38  8 
46 48 100 36 76 93 57 65 39 39 
66 74 42 83 32 14 42 69 98 45 
 7 33 60 22 58 53 84 20 91 94 
33 83 25 81 60 87 92 20 25 55 
31 85 85 34 11 12 36 51 51 32 
25 59 16 47 38  8 33 22 43 10 
50 24 64 30 11 33 12 77 63 65 
67 71 60 32  2 91 40 41 66  3 
97 89 73 54 44 63 67 98 30 15 
72 49 91 20 20 34 27 20  7 55 
75 40 12 12 28 17 16 25 69 52 
 4 23 32 63 69 56 65 28  5 41 
24 61 56 11 95 51  2 27 75  7 
66 18 37 16 74 32 29 43 35 66 
83 44 20 53 51 71 21 48 12 80 
 3 54 15 92 61 94  4 66 20 45 
19 85  9 13 29 38 13 53  9 13 
 1 82 21 64  6 100 81 22  6 71 
28 53 67 75 23 61 97 29  1 18 
51 61  4 50 82 51 87 62 47 37 
79 70  4 56 62 14  9  4 31 11 
41 16 13  8 16 35 100 89 10 38 
15 38 36 85 36 53 83 66 17 57 
53 68 53 69  1 37 54 20 59 57 
62 32 41 89 74 83 94 80 76 55 
17 41 49 53 49 22 98 29 62 19 
41 88 58 60 71 34 93 80 49 69 
87 39 70 92 82 30 35 100 16 75 
26 64 73 79 43  9 75 41  8 10 
74 83 18 68 10 89 74 84 87 94 
10 94 44 63 71 18 70 92  5 65 
73 40 92 30 82 94 18 87 26 93 
71 72 16 31 80 56 17 16 77 54 
65 46  7 68 58 10 31 57 39 62 
39 20 84 58 92 72 31 75 29 70 
96 91 50 80 49 87 75 26 95 44 
72 20 23 45 18 60  1 61 85 77 
72 25 66 94 64 46 64 16 86 44 
44 19  7 30 53 66 91 54 60 74 
73 33 55 10 58 80  2 22  7 71 
91 18 97 63 94 23 68 11 99 95 
77  9 18 32 90 54 77 35 61 68 
99  2 47 71 56 54 31 94 58 67 
53 16 40  6 88 97 10 39 72 77 
17 39 10 64 58 42 33 37 69  5 
51  7 14 74 70 31 73 91 37  9 
 1  8 72 66 16 71 44  1 74 76 
94  5 50 97 84 69 55 24 92 18 
55 85 84 32  7 87 31 75 37 45 
 2  6 31 16 93 74 99 47 70 93 
57 54 25 92 81 94 71 85 86 51 
100 13 68 83 45 24 57 18 80 22 
16 43 60 75 63 45 89 26 77 12 
97 28 57 81 42  6 53  7 11 98 
50  9 96 17 42 64 61 52 87 36 
74 59 87 58 28 43 54 80 26 97 
40 94 98 81 100 92 31 70 78 100 
 3 56 13 75 95 92 43 16 68  3 
55 85  6 71 38 40 87 17 97 14 
58 88 14 17 68 16 57 83 75 96 
35 15 52 58  2 56 49 90 72 73 
 7 35 46 40 57 46 54 85 83 75 
73 22 31 23 84 60 59  3 28 18 
30  3 100 55 84 11 28 82 38 90 
46 70 29 31 43 30 32 90 83 89 
89 38 74 25  4 91  2 25 23 38 
40 72 45 31 14 21 96  5 41 29 
 8 24 81 53 100 56 55  8 92 25 
77 40 99 68 70  9 76 20 30 11 
61 39 14 47 81 15 16 89 39  9 
55 24 60 19 29 59 28 94 87 44 
19 81 21 34 13 60 22 61 42  9 
76 40 48 97 79 20 67 99 28 56 
72 41 70 100 43  2 77 80 65 56 
39 21 98 16 79 62 17 21 68 94 
76 100 32 81 91 55 15 63 23 31 
38 92 57  2 77 21 37 11 34 70 
14 84 84 87 26 72  1 62 19 21 
52 24 63 11 89 44 46  5 53 52 
30 71 44 57  5 74 97  4 40 85 
97  4 95 98 66 37 33  4 64 94 
97  6 22 89  5 37 69 53 49 53 
62 79 60 57  8 47 84 96 53 22 
78  3 10 96 88 98 90 86  9 69 
67 65 79 77 37 77  1 61  2 14 
45 67 73 76 43 70 65  5 16  3 
20 26 91 67 16 62 79 85 64 54 
18 12 72  9 24 17 78 42 60  8 
50 13 85 72 69 21 26 84 96 53 
 8 72 29 33 29 38 60 29 63 13 
79 25 81 88 18 20 83 94 56 95 
70 90 85 78 69 100 73 73 71 65 
14 57 15 10 99 74 34 61 67 12 
81 25 90 52 99 23 51 10 97 13 
28 64 98 63 20 13 62 92 89 15 
65 86 89 14 78  1 74  3  5 95 
13  8 69 18 73  1 94 76 52 29 
20  4 49 22 22 93  1 11  2 20 
