10 20
60 94 45 92 34 99 45  7 80 72 
64 66  8 61  6 66 24 33 81 64 
15 75 32  3 62 76 58 22 72 89 
76 76  1 66  6 66 58 71 27 75 
61 39 22 34 70 80 37 15  3 74 
35 50  9 23  9 44 37 50 92 81 
15 45 55 88  1 100 78 55  2 90 
45 67 46 77 71 48 85 100 98 27 
99 34 93 79 33 13 46 34 68 49 
82 45 20 54 27 50 94 27 87 66 
 2 83 10 30 11  2 87  5 98 63 
33 79 59 62 12 67 99 37  3 68 
22 10 12 45 76 37 55 32 93 75 
 1 54 88 47 80 46 72 78 52 73 
16 99 55 50 32 75 53 35 27 55 
83 43 67 79 58 97 80 60  7 43 
33 22 56 40 91 81 30 10 49 14 
20 94  7 98 82 24 50 50 93 35 
27 69 92 58 95  9 54 65 27 98 
65  4 19 66  3 68 57 22 28 69 
