10 200
30 49 66  2 68 72 10  4 53 74 
82 10  4 15 92 11 22 10 15 31 
65 27 49 10 76 81 21 26 12 51 
91 69 52 79 70 46  1 98 55 82 
92 74 32 51 24 70 41 64 70 84 
30 53 54 14 72 73 76 86 45 20 
83 100 88 11 43 92 43 88 54 48 
55 62 82  9 56 65 85 100 32 83 
89 73 93 63 77 28 82 90 50 76 
59 90 99 57 77 33 75 69 65 61 
13 55 100 79 84 27 54 82 97 53 
43 11 73 51 95 69 82 12 82 31 
19 33 72 10 38 95 21 17 76  6 
83 70 86 53  6 19 50 99 91 44 
44 97 87 86 99 71 96 39 13 96 
78 61 95 10 67 31 76  6 86 58 
82 80 86 78 74 48 72 93 75 21 
15 27 54 64 98 12 63 42 40 30 
92 40 90 12 64 100 62 92 87 69 
69 71 54 58 29 69 33  7 75 20 
18 89 62 99 38 53 22  9 79 92 
 5 23 85 98 16  4 22 27 74 83 
67 65 33 32  1 58 14 46  9 86 
19 95 57 85  9 16 71 80 85 68 
51  3 90 73 60 86 90 90 91 31 
57 63 23 78 98 67 61 31 29 37 
59 71  4 47 30 65 76 58 12 100 
90 92 80  5  5 80 30 62 21 69 
19 84 67 87 36 56 30 66 75 41 
86 42 77 22 42 42 92 18 55 75 
87 82 37 33 12 36 35 65 42 38 
79 56 50 49 48 27 16 79 80 39 
83 19 49 96  9 23 86 74 79 84 
88 17  8 61  4 93 16 52 86 16 
87 72 30 24 25 82 56 57 16 22 
95 57 92 17 60 60 59 63 35 13 
30 18 34 59 56 41 47 31 15 69 
 4 15 25 23 98 85 16 88 39 28 
56  5 22 21 26  1 21 45 44 65 
32 56 34 30 74 18 93 95 20 84 
 8 26 78 21 52 76 77 86 66  5 
 7 62 89 39 88 97 57 21 77 43 
28  2 73 70 82 91 33 90 70 85 
36 81 89 97 76 26 34 91 61 28 
 4 25 41  5 62 72 56 91 96 32 
77 39 83 22 83 81 43 14 20 94 
18 12 86 29 85 38 70 53 15 47 
87 58  7 14 29 25 41 33 21 33 
11 10 72  4 53 100 23  7 71 16 
15 13 61 51 90 91 31 25  1 60 
68 62 46 48 42 83 85 36 46 25 
52 61 97 72 91 83 80 28 35 66 
22 96 26 45 15 100 55 12 49 21 
56 48 98  2 51  1 84 40 30 52 
30 79 77 24 21 60 22 25 58 32 
97 87 45 55 80 27 46 57 54 69 
66 66 79 87 21 98 35 87 95 38 
92 44 41 25 30 16 45 37 46 35 
98 12 52  3 83 41 10  4 76 80 
97 69 12 73 38 27 76 70 15 10 
12 27 58 97 73 69 95 86 16 45 
59 44  7 15 86  3 52 72 48 29 
51 85 28 53  6 58 11 50 69 61 
95 90  1 95 78 93 98 10 64 67 
62 21  5 13 21 51 81 44 25 62 
40 97 25  1 72 98 19  6 92 62 
35 47 83  9 41 60 96 45  4 62 
42 43 90 25 74 96 80 17 16 60 
25 77 96  1 73 19 20 87 69  8 
82 60 32 10 34 27 20 58 53 71 
66 97 27 77 88 43  1 30 69 72 
16 68 22 43 58 15  7 88 53 20 
61 94 53 54 63 14 49 10 74 22 
24 81 38 99 97 26 32 90 75 17 
43 41 73 53 43 87 19 32 98 57 
14 90 51 15 21 76 13  8 44 81 
57 19 79  4 59 93  7  5 44 27 
91 26 80 33 10 78 97 68 34 83 
39 43 77 16 87  1 79 61 49 70 
62 33 82 32 38 69 96 89  6 26 
86 38 36 79 38 82  6 35 19 67 
12 40 23 12 12 56 80 60 24 45 
33 12 27 52 68  9 93 73 95 12 
44 59  8  6 20 41 59  7  6 98 
88 83 58 49 70 31 60 29 44 98 
72 64 78 44 31 10  3 80 41 85 
67  7 43 69 31 15 76 38 13 84 
77 35 22 75 41 79 97 33 44 91 
28 27 36 78 12 81 88 57 83 14 
85  1 92 71 13 20 24 75 55 82 
73  9 48 23 14  9 42 48 26 89 
72 17 19 24 42 64 55 82 64 51 
88  7 52 81  1 33 49 89 63 71 
96 15 14 20 34 28 61 94 82 10 
16 59 36 33 96 75 61 95 60 73 
 6 48 85 33 72 79  1 21 33 42 
61 56 35 78 82 28 57 96 78 13 
33  4 15 25 82 20 69 44 33 74 
20 23 100  4 42 11 36 86 51 67 
49 34 79 12 51 37 72 15 58 30 
 8 43 100 92 33 34 72 37 38 27 
42 75 90 87 87 56 59 84 32 53 
36 30 33 13 73 92 31 82 47 52 
63 90 44 99 43 13 38 31 41 98 
 3 42 55 35 58 94 12 68 56 28 
13 20 74 93 23 10 82 34 32 11 
83 20 52  8  8 75  9 11 17 93 
20  5 26 12 12 19 49 45 19 100 
53 47 66 21 92 100 96 32 78 82 
29 80 67 31 14 69 76  8 82 69 
82 62 11 27 41 33 13 72 57 47 
19 44 35 85 74 37 33 69 35  9 
 3 84 31 21 100 99 54 50 100 47 
97 41 69  2 55 98 93 72 71 59 
72 25 24 22 70 12 90 59 82 69 
80 59 72 84 26 78 44  1 57 88 
64 38 29 15 87 79  5 50 81 49 
74 76 94 48 57 12 73 23 69  1 
98 51 21 23 66 10 33 86 84 10 
47 28 62 65 57 76 17 41  4 29 
69  4 91 92 38 68 52 92 50 84 
23 30 31 43 56 61  5 33 21 55 
96 20 45 34 53 79  9 44 32  6 
45 41 23 31 56 21 77 12 73 47 
29 91 24 60 93 70 65 81  3 23 
23 98 45 60 34 69 73 39 34 70 
85 28 51 69 26 80 84 26 99  6 
34 30 13 20 59 91  9 79 44 87 
43 85 69 49 55 35 66 87 37 62 
80 67 97 40 49 50 84 54 45 23 
37 64 25 57 24  6 33  1 40 18 
76 100 24 50 40 17 86 40 94 81 
95 95 21 51 70 80 33 33 83 76 
18 36 94 62 80 55 97 59 42 63 
99 52 20 96 76 85 84 59  3  9 
70 18 79 54 69 65 35 47 31 64 
57 78 69 74 58 74 85  5 44 100 
71 23 56 96 32 75 23 82 16 64 
12 40 18 60 66 33 98 81  2 57 
64 30  9 91 27 70 44 33  2 63 
40 78 51 98 66 18 94 68 77 93 
18 62 77 18 60 39 96 76 14 64 
49 54 86 25 15  8 48 49 31 20 
23 99 34 59 70 37 52 98 11 22 
71 88 36 17 23 41 72 23 52  9 
84 60 66 42 62 27 25 18 21  7 
13 20 34 95 32 36 61 89 21 35 
98 41 64 56 91 16 57 25 66 48 
82 20 73 70  2 82 45  6 23 51 
87 37 97 30 93 33 87 65 59 92 
54 89 34 27 41 46 51 38  5 39 
23 80 89  2 98 51 47 97 93 88 
68 70 51 22 93  6 68 62 51 35 
42 19 47 21  8  8 72 60 84 77 
25 61 99 95 24  7  1 30 71  7 
46 94 66 44 60 71 30 95 52 17 
72 74 73 100 35 77 79 21 96 66 
19 38 90 69 21 93 19 72 59 52 
90 75 34 30 18 36 41 46 94 83 
81  5 32 35 15 20 56  8 40 70 
41 68 34 44 100 36 79  6 26 46 
90 68 23 98 59 10 19  2  5 32 
68 17 38 70  4 41 51 18 40 98 
39 35 10 60 70 97 23 56 35  9 
88 78 14 40 92 77 71 60 56 88 
 7 62 13 26 77 76  5  6 68 82 
42 97 33 100 23 14  9  8  7 92 
82  7 100 95 44 46 54 88 65 83 
25 37 18 96 93 53 11 61 47 43 
53 20 33 19 78 48 46 64 86 44 
43 48 61 41 49 57 34 96 94 55 
81 13 17 95 76  1 83 13  6 97 
60 25 73 12 70 62 26 80 47 55 
67 80 64 81 88 91 13 53 58 77 
52 29 66 16 33 16 36 70 91 100 
78 60 92 28  6 94 27 39  9 18 
55  4  1 40 58 23 72 20 66 10 
63 76 84 87 55 48 53  6 49  8 
26 23 39 25 72 34 84 78 29  1 
17 66  5 42 95 12 44 86 38 89 
70 74 66 53 65 95 91 50 28 94 
59 13 63 18 68 93 92 94 41  4 
95 18 64 89  4 55  7 70 64 96 
24 49 15  5 31 35 96 68 57  2 
28 47 91 91 13 39 25 31 85 36 
51 63 56 76 99 65 100 39 25 16 
94 64 35 55 27 51 51 87 54 54 
31 98 36 79 83 80 86 61 24 50 
83 88 46 54 13 63 94 73 11 61 
97  6  8 12 51 58 89 94 20 82 
32 12 50 83 96 98 54 65  4  6 
33 69 80 16 31  6 81 46 59 61 
54 70 74 44  6 29 52 81 11 66 
92 77 81 11 32 20 23 14 82  9 
97 83 83  6 34 99 14 78  1 78 
62 90 64 26 31 35 55 72 87  8 
91 78 35 71 41 33 80 95 62 98 
97 42 61 13 56 37 14 81 10 71 
46 85 43 92 23 50 70 39 61 38 
18 41 54 60 98 65 32 39 60 66 
