20 20
77 64 82  2 31 16 65 30 71 74 58 28 44 78 60 79 93 28 83 48 
40 46 93 19 77 29  1 23 31 36 92 23 82 32 90 72 87 23 22 84 
40 72 97 78 89 98 54 90 24 11 82 58 98 16 53 76 40 56 68 22 
79 87 92 79 72 77 58 60  5 72 78 92 38 64 44 32 11 41 52  6 
37 30 87 72 76 51 67 19 49 36 23 35  5 49 74 23 32 97  1 23 
24 33 93 69  3 64 99 93 76 14 60 39 43 27 56 23 12 39 65 89 
99 40 24 12 86 17 82 94 72 96 91 85  4 40 57 98 47 49 77 97 
32 74 45  5 49 85 74 77 78 70 74 24 97 89 98 47 81  1 26 90 
27 45  9 83  9 32 45 78 54 34 71 34 60 72  1 80 21 72 97 12 
81 12  3 83 39 95 43 83 68 61 58 96 92 91 25 22 38 59 14 50 
88 99 17 73 84 70 70 52 55 44  9 15  4 32  6 60 75 36  7 18 
47 75 88 21  7 41 80 26 57 41 40 55 64 47 87 37  8 63 10 58 
83 91 11 84 85  3 43  9 48  1 51  4  8 28 26 53 78 63 86 91 
28  9 48  6 92 93 38 17 87 61 99 83 29 52 72 19 76 79 13 75 
28 85 48 53 92 35 49 21  6 77 78 43 50  5 90 65 37 40 88 76 
68 15 41 68 19 10 12 16 22 96  2 49  6 24 85 33 22 58 88 76 
71 54  8 73 54 23 97 65 100  7 100 21 96 55  7 41  1 87 82  6 
19 33 97 34 24 38 72 51 49 59 57 43 37 18 90 33 32 90 80 71 
49 44 61 13 81 31 75 33 15 17 35 36 50 56 75 76  9 20  4 77 
31 21 29 19 95 39 54 65 82 35 54 46 52 94 73 84 42 66 87 55 
