20 200
70 75 58 12 81 97 16 65 25 90 27 21 20 99 71 26 68 19 91 85 
22 14 81 27 64 70 39 13 89 21 44 80 68 35 57 96 10 82 15 74 
13 12 50 61 40 80 44 100  4 86 36 16 36 74 88 18 99 47  9 78 
29 27 32 95 21 97 53 17 73 54 83 81 81 35 17 67 56 75 97 98 
35 23 50 99 37  4  7 33 93 27 18 92 77  2  1 62 81  4  5 34 
73 16 34 82 82  4 81 87 69 37 87 80 26 25 58  1 80 35 81  4 
 3 88 99 13 26 56 84 27 77 78 48 61 55 49 55 24 60 93 61 10 
29 48 36 22 51 76 76 26 89  7 97 11 47 34  4 16 80 48 95 35 
52 25 86 21  8 59  4 42 97 39 97 49 50 93 98 54  5 58 35 100 
36 86 21 58  4 30 46 46 72 66 98 20 51 80 67 16  5 80 36 58 
 6 63 86 67 26 68 94 84 57 37 73 27 17  8 44 79 36 39 69 57 
 9 60 53 55  9 93 19 14 83 44 44 32 58 10 100  8 80 34 89 77 
21 28 69  1 49 100 85 66 39 78 53 97 63 95 90 21 14 44 28 14 
51  2 43 63 45 74 59 22 36 10 94 98 76 32 100 65 49 10 37 61 
 7 94 94 77 57 23 94 41 13 38 18 18  1 70 49 45 17  8 91 70 
53 37 78 22 44 40 18  9 65 53 29 84  7 65 34  8 70 89 29 82 
67 13 64 88 33  1 88 41 78 38 59 50 25 67 63 21 80 45  5 72 
68 54 71 46 13 92 78 12 28 45 44 25 81 39 50 11 38 96 56 96 
81 88  5 68 14 14 29  7  7  1 33 64 51 12 88 71 96 68 56 69 
88 50 20 20 31 47 18 96 99 13 100 88 85 74 50 90  5  7 13 20 
65 92 67 93  8 29  6  3 40 40 100  3 76 23 89 45 25 86 46 79 
81 55 36 78 71 85 50 29 40 70 99 54 98 76 40 57 67  9 30 93 
61 86 60 57 74 43  8 64  9 42 62 88 31 60 78 59 54 40 92  6 
74 12 73 29 36 67 63  6  1 55 79 76 17 89 70 66 16  7 37 35 
 7 100 13 39 100 97 59 66 39 79 73 76 76 83 32 46 44 19 90 35 
80 38 49  8 34 93 45 85 73 63 34 91 43 44  6 66 39 99 91 59 
63 88 35 39 16  2 73 84 67  4 86 85 72 98 54 13 61 76  9 42 
55 92 100  8 27 38 59 78 60  2 47 10 31  6 15 30 41 39 33 76 
66 67 19 64 86 34  1 36 45 95 78 30 59 29 97  3  6 44 36 76 
93 97 44 41 96 71 31 14 18  3 87  9 55 66 27 24 39 52 36 70 
41 90 27  2  7 77  5 62 68 94 30 17 40  4 98 42 27 74 78 98 
71 87 46 27 77 59 88 39 97 12 23 94 98 22  1 87 55 10 32 53 
98 13  8 64 95 85 42 38 98 24 65 13 60 44 99  2 18 50 98 63 
93 73 43 49 45 63  8 35 24 65 20 72 63 99  8 65 65 71 57 84 
 4 30 56  8 43 56 71 53 33  8 29 23 98 33 23 99  1 58 93 43 
20 74 57 37 60 74 17 77 54 23 41 25 26 44 53  9 55 71 99 12 
76 55 26 30 96  9 46 69 38 86 86 64 62 61 21 44 81 73 36 51 
80 81  3 47 76 64  4 17 10 41 94 88  8 11 89 26 56 68 73 19 
39 20 62 43 70 37 16 73 38 73 69 100 56 35 79 50  7  7 72 55 
98 25 47 73 82  7 21 79 79 23 49 81 49 93 15 39 61 22 52  2 
77 94 95 55 39 19 63 41 87 21 41 52 16 49 26 49 55 92 21 34 
38 26 97 26 76 74 96 50 13 78 72 27 57 60 49 84 62 49 71 46 
36 45 22 29  8 16  3 100 71 43 95 54 69 19 42 37 95  5 31 39 
53 28 73 89 87 34 78 60 32 99 33 70 28 60  8 82 97 11 45 37 
39 65 99  3 36 74 72  1 12 92 79 51  8 16 82 95 82  6 29 95 
70 30 69 74 73 75 51 44 41 31 50 42 64 93 10 49 11 75 77  8 
97 58 61 10 32 74 66 64  7 19 52 19 42  7 80 58 96  8  3 31 
52  1 17 38 36 38 55 90 86 86  9 56 22 75 55 10 79 47 96 21 
 5  1 45 43 50  4 12 61 93 90 91 19 29 94 48 34 56 46 98 60 
69 27 79  9  3  8 35 41 58 28  6 94 11  5 64  8 31 100  2  5 
49 87 89 78 82 37 20 87 18 39 39 54 80 37 61 81 81 99  7 58 
 2 82 11 51 13 80 63 49 82 69 72 78 41 69  9 71 65 92 19 68 
79  9  1  9  5 86 35 95 97 50  5 65 81 56 50 33 97 29 72 84 
38 77 72 92 38 96 96 16 59  4 66 15 20 86 26 37 78  6 91 17 
65 12 29 24 90 56 14 44 66 39 62 22 37 87 60 36  9 93 12 54 
26 36 44 42 24 44 25 93 55 14 76 60 26 45 77 46 58 99 40 97 
15 80 78  5 77  1 16 42 61 57 17 98 38 55 69 90 54 95  7 98 
44 25 93 98 33  9 53 96 60 87 80 83 49  5  9 65 22 43 39 84 
39 88 52  1  4 34 77  2 88 30 89 95  8 44 61 18  3 72 76 77 
59 69  9 98 42 65  8 86 67 60 85 58 23 23 99 65 100 11 87 35 
18 100 59  2 48 86 48 18 78 78  1 59 62 15 16  9 40 96 79 57 
76 49 42 14  9 65 78 35  9 75  5 28  8 36 75  3 48 87  5 77 
99 92 84 77 15 83 56 91 99  3 44 70 34 49 75 38 62 90 69  7 
93 78 68 60 16 100 53 100 39 40  9  9 31 54 68 88 59 66 77 78 
57 68 72 84 95 95 84 46 77 29 16 76 97  3 24  1 48 79 86 48 
30 64 60 49 15  8 65 69 69 75 35 56 39 91 49 17 92 87 45 96 
46 76  8 24 43 49 43 98 86 56 80 23 12 90 72 26  6 93  8 34 
18 100 79 95 83 59  3 24 43 77 15 28 36 18 74 84  9  8 97 19 
16 88 48 95 95 85 29 16 25 10 11 18 72 25 47 74 13 67 35 52 
16 55 59  2 34  8 48 60 24 93 17 72 60 63 57 58 93 55 18 67 
79 58 28 63  1 44 47 47 45 85 34 87 17 23 51 98 23 48 24 21 
79 57 62 47 25 52 31 11 96 52 43 35 61 22 83 93 91  7 11 81 
91 76 26 77 47 42 36 24 26 18 29 70 16 57 35 58 25 50 94 46 
59 44 30 77 46 100  7 39  5 67 74 99 24 44 94 78 22 36 48 65 
21 69 52 48 41 32 65 82 72 90 74 34 39 26  8  6 49 22 50 21 
12  9 89 36 91 41  9 67 80 75 87 51  2 38 45 99 64 43 68 82 
47 27 20 55 98 11 48 15 92 10 91 55 70 20 36 98 73 62 75 47 
 1 71 31 89 12 85 76 47 90 84 20 85 89 96 16 96 47 32 55 57 
85 18 77 100 59 59 74 65 33  8  9 18 12  1 28 93 74 62 42  8 
29 43 11 16 85 95 29  1 12 14 85 100 39  1 15 97 60 59 79 31 
17 100 85 75 67 20 39 50  9  9 32 17 24 54 12 79 61 12 63 90 
 4 67 68  8 42 43 16 28  2 96 46 49 78 11  3 100 20 99 48 27 
91 82 73 90 20  1 37 88 29 59 41 17 55 73 10 68 68 58 17 12 
82 92  3 43 60  1 58 19 45 45 82  9 33 91 67 22 55 74 100 13 
85 62 22 81 32 98 36 61 52 93 92 23 37 24 68 78 93 83  3 32 
90 77 44 45 72 56 21 22 66 31 34 31 73 45  1  9 57  4  4 28 
95  5 84  5 25 88 73 81 45 13 67 45 56 97 77 31 89 27 59 37 
73 59 78 10 74 74 30 97 89 56 29 82  3 84 19 22 21 50 10 39 
84 64 10 33 17 31  8 12 49 86 85 66 40 58 75 38 72 76 11 60 
47  8 52 40 83 26 18 14 37 80 96 49 85 69 21 92 57 81 58 44 
61 28 59 78 19 26 94 39 87 25 33 93  3 67 34 67 57 19 15 87 
24 33 64 49 11 66  3 52 15 54 48 24 61 97 78 67 36 10 35 55 
76 52 38 56 89 86 79 61  3 29 95 41 18 84 60 80 18 78 64 12 
 3 92 34 77 78 47 83 71 13 53  3 87 42 10  9 44 26  4 26 68 
 3 67 68 33 36 65 32 56 79 92 38  8 24 99  4 55  8 21 22 58 
90 61 56 56 79 63 22 22 99 81 46 18 36 15 56 92 24 31 15 74 
97 45 85 38 17 90 23 56 91 30 60 85 35 12 16 59 74 47 22 80 
24 64 50 48 15  2 97 38 67 62  9 60 54 64 89 65 20  4 17 72 
13 76 22 74 21 12 67 10 48  9  7 16 80 63 79 26 38 30 55 15 
43 63 89 59 48 33 49 80 54 83 92 45 97  2  3 18 26 33 78 73 
92 83 55 45 41 39 56 58 49 77 13 16 45 18 18 67 36 68 92  5 
60 28 75 67 35 11  7 79 82 88 100 35 67 54 51 33 95  9 20 16 
53 98 83 23 84 56 38 18 20 69 69 54 16 66 54 87 39 60 26 98 
17 59  4 27 26 10 18 82 63 40 20 99 55  8 65 73 74 27 65 97 
85 31 26 57 31 13 70 89 43 42 30 72 40 85 73  8 34 67 26 77 
11 79 18 28 18 53 73 39 61 24  2 17 62 98 97 22 64 74 61 89 
43 55 14 22 52 88 67 49  2 62 24 96 19 28 95  5 44 25 23 89 
 5  5 71 51 46 67 84 46 100 88 100 100 38 77 70 24 15 64 74 21 
65 27 27 18 90 31 34 76 78 31 67 64 85  2 60 57 25 37 20 47 
 5 59 62 96 84 65 25 84 17 85 57 67 82 29 92 10 47  1 73 91 
83 66 58 59 60 96  5 54 39 99 22 62 71 100 32 16 41 39  1  2 
28  7 18 19 52 93 31 24 40 56 15  9 33 22 61 24  8 47  3 52 
12 65 33 19 10 77 43  6 23 50  7 26 69 83 94 47  7 56 78 32 
58 84 24 93  2 48 38 80 20 37  4 12  1 69 13 25 40 51 55  4 
82 41 12 63  2 18 99 29 80 26 41 11 92 17 50 96 82  7 66 64 
43 69 13 88 91  1 41 45 71 56  3 87 14 21 54 27 45 18 20 66 
94 24 59 22 48  7 60 16  8 68 87  4 89 41 78 87 49 40 11 45 
70  9 94  9 67 74 77 75 33 42  5 87 24 69 13 93  5 41 48 18 
35 50 93 67 19 52 83 18 64 24 42 35 59 55 79  2 69 75 18 82 
30 54 67 100 93 79 85 17 17 39 18 78 41 96 18 89 16 65 16 32 
70 95 53 38 47 33 48 49 95 97  4 53 61 71 74 80 22  6 85 33 
66  4 77 73 50 95  2 35  4 58 99 26 29 15 88 50 48 64 75 40 
97 87 69 90 71 85 38 48 38 32 18 79 83 42 81 56 22 80 57 56 
84 15 49 76 42 11 77 72 44 81 10 93 51 37 19 15 63 100 68  8 
100 75 98 23 63 48  3 87 42 32 87 30 34 34 82 71 28 82 44 51 
27 20  1  2  5 24 16 46 44  5 11 58 55 72 60 90 76 66 96 41 
41 58 45 100 44 29  5 56 51 45 18 45 49 96 21 29 28 69 21 80 
36 25 52 13 68 23 37 20 45 56 26 80 76 79 51  4 97 16 63 84 
22 11 53 100 38 47  5 100 70 93 75 34 90 98 54 31 98 58 36 30 
 8 53 42 37 92 90 88 43  6 26 90 95 23 30 12 85 40 74 15 76 
29 55 41 82  3 24  7  2 25 98 50  2 17 61 55 20 88 39 28 50 
63 78 71 55 20 94 87 13 69 36 96 31 37 84 44  6 45 79 74 33 
74  3 66  3 78 68 11 85 72 12  5 78 54 72 84 15 74 42 35 56 
91 82 81 27 93 56 86 41 24 25 33 40 27 79 31 35 61 42 77 67 
95 87 99 53 17 89 47 47 29 59 34 34 41 70 63 29 70 41 56 13 
 9 53 83 76 22 23 100 48 80 11 23 12 91 14 44 77 79 63  3 60 
89 23 38 63 33 79 71 78 99 50 67 39 65 100 54 72 52  2 56 40 
24 15 40 27 28 69 25 30 69 100  8 13 85 73 96 20 72 53 44 41 
59  8 19 63 34 19 34 24 92 33  5 32 86 62 36 91 38 15 89 85 
63 40 17 28 72 96 12 61 40 90 56 79 44 73 25 28 60 78 63 72 
13 22 26 42 30  2 18 17 72 70 68 92 55 94 33  7 77 90 89 90 
35 30 29 40 45 47 86 100 80 73 60 31 80 49 91 81 52 53 25 85 
85  3 93 17 38 23 84 15 56  8 10  9 83 64  1 46 22 79 72 94 
53 69 76 20  4 45 51 46 98 77 41 80 90 98 95 12 33 63 58 49 
31 89 20  5 16 57 47 47 10 88 67 10 55 23 69 77 81 25 76 23 
46 81 70 59 62 81  8 57 23 88 64 65 28 44 61 14 43 48 66 12 
92  1  9 41 68 58 22 41 36 12 25 75 68 83 58 74 70 91 89 77 
26 38 43 58 19 13 74 20 99 100 80 59 71 99 29 28 11 91  3 20 
62  1 25 84 55 10  8 100 31 58 88 90 39 79  9 28 59 14 54 34 
92 61  6 11 94 81 42 65 95 22 18 53  7 43 100 42 100 98 84 14 
93 100 87  9 54 85 86 87 71  7  9 11 80 72 93  9 14  6 61 70 
97 53 47 34 98 75 72  3 38 15 45 97 19 90 70 78 11 63 60 56 
59 36 62 82 50 69 22 18 74 96 92 69 93  6 67 42 77 44  2 34 
31 84 57 71 21 86 21 76 20 82 65 91 59 47 69 32 46 33  1 66 
42 62 87  2 37 97 30 92 88 14 36 50 49 54 30 45 100 19 55 23 
96 38 50  8 98 13 58 35 92 73 65 70 69 50 25 26 78 68 42 87 
61 17 81 75 21 68 57 25 39 59 19  9 55 54 34 25 45 24 65 37 
46 18 62 38 39 42 29 37 15 34 98 87 61 55 59 96 88 57 55 59 
32 66 69 93 74 12 67 86 51 98 96 16 63 45 35 48 84 64 60  5 
 4 28 74 15 56 17 13 41 17 20 77 47 28 68 63 67 28  8  8 33 
27  3 84 22 73 27 32 42 15 74 64 44 93  7 44 27 19 32 36 39 
10  6 91 93 72 73 11 64 41 34  3 64 94 45 38 50 90 85 83 12 
88 21 64 98 33 87  7 17 21 97 53 53 18 90 11 65 69 65 99 90 
47 47 92 71 80 39 13 37 40 36 57 94 92 84 23 51 95 32 42 48 
 2 44 89 51  7 48 23 53 57 38 100 56 93 31 70 69 15 62  9 27 
57 90 87 99 96 74 49 99 52 78 80 45 31  9 79 68 46 78 100 29 
 5 76 30 36  2 82 25 67 75 31 20 46  8 100 31 10 95 26 17 50 
11 42 56 49 47 69 47 25 97 85  8 70 26 29 73  3 71 74 35 21 
84 21 16 16 81 90 41 95 90 84 43  9 94 95 62 65 98 32 20 40 
71 63 28 46 50 39 69 48  5 13 73 13 23 43 58 80 95 43 66 25 
87 61 49 36 65 74 58  4 49 100 58 88 18 47 59  2 76 96 22 51 
21 18 57 40 66 35 52 11 97 92 32 98 37 84 65 26 42 54 53 70 
13  8  5 27 81  4 44 83 71 43 80 94  4 35 46 48 40 61  1 11 
18 67 75 82 81 58 49 29 64 76 49 99 33 65 11 24 56 77 29 53 
36 73 25  5 40 85 54 25 77  5 43 72 17 64 75 45 49 46 26 34 
33 52 33 86 43 84 58 55 45 10 74 90 33 96  6 53 62 75 13 95 
35 76 55 84 48 93 11 13 44  2 50 91  4 81 75 29 41 60 33 13 
28 31 37 97 30 73 18 44 33 60 36 72 87 43 89 61 74  7 92 18 
40 27 94 84  4 74 29 65 89 54 89 70 42 49 26 61 35 44  9 73 
31 73 10 45 60 98 47 21 64 47 88 80 39 36 49 27 42 52 25 33 
 8 13 57 12 96 44 75 73  8 50 59 62 70 53  7 60 100 29 85 67 
 3 13 91 55  5 86 21 70  4 39 72 88 51  2 25 23 34  6 31 45 
90 82 19 86 67 85 64 52 83 46 15  4 46  3 68 96 73 56 13  4 
 3 22 41 17 80 47 74 51 61 52 33 78 31 19 29 83 63 67 66 90 
57  1  1 11 42 41 77 73 12 84 14  7 23 77 96 15 56 11 97 12 
31 32 93 51 82 89 32 47  7 91 82  3 63 57 23  3  5 81 76 10 
60 12 60 68 15 42 13 80 98 84 81 78 61 92 66  8 63 38 38 67 
36 23 97 22 62 42 75 28 32 36 57 63  5 17 60 28 36 10 14 14 
71 62 13 21 28 74 62 50 48 83 53 37 69  9 58 49 95 56 73 12 
42 45 71 65 30 55 41 11 70 58 23 56 41 25 13 45 40 32 78 63 
99 34 82 52 79 78 51 61 64 32 78 46 35 23  4 44 24 11 22 10 
27 98  4 60 100 45 83 50 17 33 48  6 48 23 21 56 29 92 46 23 
93 43 16 64 95 88 75 36 78 16 66 21 66 60 69 23  9 33  5 40 
23 24 17  9 47 97 70 20 37 89 41 56 22 40  1  5 67 23 55 100 
73 72 92 42  5 90 78 14  2 76 43  5 40 57 65 53 17 68 94 91 
74  4 93 15 56 55 16 37 58 50 74 19 61 48 74 59  2 61 63 10 
73 32  8 68 64 34 66 81 90 51 90 26 97 78  6 59 28 69 30 37 
96 19 14 91 64 36 97 21 63  1 67 12 76 76 45 17  6 63 69 97 
49 55 50 15 80 39 30 91 46 96 68 24 42 10 72 18 39 32 58 47 
19 91 63 54 34  4 33  9 90 30  2 95  7 76 48 95 89 82 24 58 
