20 20
34 42 11 56 57 90 91 78 45 60 63 95 74 45 88 90 18 56 93 86 
56 93 52 41 81 16 32 59 14 62 58 12  3 91 24 70 74 85 45 31 
59 31 99 20 89 58 21 45 89 54 84 67 61  8 16 93 100 31 22 14 
97 88 68 16 43 56 22 66 53 10 22 87 39 87 90 18 62 37 84 68 
68  4 91  5 14 97 58 86 26 43 48 82 51  6 65 19  2 16 96 74 
77 44 83 88 17 33  7 14 91 45 85 20 32  7 52 75  2 62 87 57 
31 98  1 64 74 95 54 45 76 28 76 52 14 88 89 99 65 64 87 93 
24 81 88 69 98 33 36 20 45 75 58 78 33 74 72 15 38 97 85 16 
35 52 30 26 100 97 92 36 74 35 39 60  7 91 54 98 32  8 71 27 
60 47 27 78 59 51 24 10 68 73 12 52 77 13 82 98 44 83 89 65 
29 57 15 98 31 69 18 100 67 90 14 39 61 12 14 10 20 43 76  9 
74 14 77 63 86 96 58 19 21 52 90  3 73 35 57 75 96 58 24 19 
 7 82 80 30 71 56 80 80 35  4 41 42 56 21  6 37 61 57 79 21 
23 96 81 47 80 76 40 68 84  7 54 73 55  7 86 51 22 63  9  3 
20 45 85  9 16 30 17 52 97 46 37  9 54  2 65 47 79 79 32 63 
100 11 32 79 82 63 25 21  9 34 78 83  3  3 20 41 34 45 68  4 
97 45 17 81 47 62 27 83 36 31 33 43 67 47 97 61 37 62 10 23 
 7 90 49 15 52 78 36 70 71 64 34 68 42 33 40 24 28 67  3 29 
32 76 40 32 54 54 87 53  5 69 24  1  8 70 100 73 95 47 57 95 
13 35 31 68 50 63  9 94 79 83 61  8 68 41 32 33 84 92 62 89 
