20 100
94 44 44 46 12 57 98 28 41 75 31 17 78 46 51 28 37 39 43 84 
68 24 57 84 49 68 23 27 49 41 87 11 13 52 95 83 52 38 35 72 
24 76 50 83 26 22 44 55 54 82  3  5 86 30 92 24 35 80 100 98 
92 69 26 19 51 89 42 29 15 68  3  9 99 76 36 28 66 71 55 13 
24 44 31 68 66 92 56 44 66 60 60 26 73 15 100 85 87 94 65 91 
31 38 53 37 30 45 85 34 87 18  5 18 87 15 98  4 81 87 79 56 
48 26 43 37 90 98 29 35 37 91 38 55 59  2 18 56 82 75 38 32 
84 76 83  3 22 73 91 49 70 86 85 37 68 12 27 23 79 88 37 53 
56 15 33 28 31 99 16 19 77 77 97  6 64 89 10 92 93 50  4 95 
46 15 22 79 40 48 47 28 64 28 40 97 85 32 50  7 30 76 81 12 
40  8  5 56 37 12 83  3 53 58 40 45 89 68 71 40 77 22  9 93 
 6 43 98 25 48  8 89 11  3 24 50 23  2 91 79 53 10 74 11 100 
78 64 87  4 36 58 27 12 13 61 26 94  2 68 94 11  9 17 88 12 
22 97 10  3 77 90 59 68 50 98 80  6  3 10 83 65 95  4 86 66 
55 39 10  2 84 54  2 30 56 44 53 58 78  3 96 38 76 23 67 19 
50 62 43 93  5 92 13 50 56 99  7 24 81 19 17 46 68 78  9 47 
63 74 68 100  9 59 97 100 51 24 73 67 46 50 17 11 50 44 90 56 
30  6 21  8  4 45  8 49 50 40 10 25 66 42 99 17  9 59 37 54 
98 85 50 23 73  7 92 46 83 87 92 67 23 74 59  8 86 57 85 60 
25 18 26 68 22 34 60 84 46 72 74 83  9 79 52 12 11 51 38 66 
53 49 69 78 45 78 56 99 79 52 18 23 44 40 62 53 56 96 10  3 
 5 14 66 52 36 72 55  2 19 20 40 64 13 47 85 98 50 35  4 57 
60 44  9 49 23 83 12  3 73 94 21 90 92 92 57 50 30 98 90 98 
38 57 69 11 49 30 11 71 86  7 20 46 73 37  1 85 78  8 47 66 
73 29 63 34 70 92 71 75 83 71  7 38 42 17 13 37 57 49 56 43 
 3 95 68 46 24 54 98  6 45 32 67 46 64 79 52 46 36 12 21 15 
77 34 91 68 97 15 53 52 41 85 75 21 63 83 54 15 35 38 77  2 
96 22  8 30 75 36 86 90 43 41 14 11 32  7 47 73 75 41 31 21 
54 79 42 75 25 45 70 86 16 75 65 15 46 19 62 96 92 55 25 51 
29 30 35 37 74  2 87 93  1 17 11 20 42 88 52 85 32 99 75 21 
78 49 56 68 49 22 34 56 71 84 54 95 33 45 97 61 93 47 34 71 
92 81 46  8 82 21 45 18 89 40 45 93 97 81 36 72 65 98 17  1 
 1 10 33 51 67 24 72 16 55 24 99 20 22 12 14 35  1 47 86 100 
65 39 52 60 60 61 23 64 18 20  4 32 44 45 52 37  7 35 59 14 
55 95 49 82 63 46 86 36 70 89 11 26 70 95 51 11 67 46 14 39 
90 28 61 57  9 70 55 11 81 73 44 64 90 86 80 31 29 40  3 53 
32 42 43 48 92 86 41  1 54 59 72 75 52 11 60 63 10 45 88 28 
80 76 71 47 16 57 63 78 59  1 30 24 51 72 28 79 77 95 30 42 
 7 48 85 90 46 98 90 81 85 98  9 39 93 73  4  9 46 15  5 61 
12 43 11 70 24  5 46 49  4 70 43 36 64 87 78 100 56 57 36 74 
91 62 86 82 92 63 47 64 63 54 46  9  1 44 54 85 27 71 61 38 
58 33 22 91  7 37 86  2 33 43  1 28 41 58 61 15 90 40 34 39 
18 96 21 83 41 81 60 72 64 80 99  2 19 74 36 94 53 36 54 93 
89 81 65 66 95 31 13 84 27 69 67 48 22 51 56 34 65  8 83 38 
 9 71 53 26 28 83 17 62 61 52  3  2 52 12 100 70 29 20 80 18 
39  3  2 12 77  8 25  1 22 87 54 37 25 23 65 61 52 42 37 12 
79 29 90 68 33 59 39 53 35 90 59 40 72 23 49 96 63 54 21 47 
19  7 62 13 58 73  5 77 85 15 38 20 99 98 17 23  5 25 21 49 
 9 41 99 77  5 32 47  8 34 84 72 48 56 11 92 20 55 19 15 99 
62 49 39 21 51 36 19 94 71 92 96 53 77  7 73 73 90 42 25 50 
24 70 27 95 38 59 89 45 49 21 90 98 68 60 13 95 91 73 70 94 
34 24 24 59 86 12 99 17  3 13 58 89 54 17 71 99 57 69 36 67 
70 88 80 83 20 95 18  3 35 13 64 17  1 70 87 82 53 52 99 11 
 5 40 54  9 17 66 96 22 61 83 91 98 31 41 58 43 16 85 46 90 
89 83 96 31 39 84 48 22 38 82 16 77 66  4 94 47 57 76 49 52 
90 27 79 58 45 62 56  3 79 91 67 31 75 51 49 27 14 63  4  1 
47 72 26 41 39 46 28 54 23 11 27 48 23 23 33 84 92 11  3 50 
10 24 34 38 31 100 30 20 13 59 42 25 89 28 65 46 45 25 60  8 
96 60 61 35 12 45 26 24 86 25 37 74 74 55 33 16 73 78 15 33 
30  9 81 18 44 98 18 53 84 25 30 71 56 72 59 58 45 69 38 78 
71  5  7 55  4 66 38 45 64 54 86  1 18 70 20 71 80 65 57 20 
46  9 32 31 28 53 49 75 29 24 11 30 72  7 44 50 75 90 10 89 
93 52 55 45 85  6 90  5 17 98 68 90 58 72 90 98 100 85 52 91 
35 36 63 28 44  5 76 100  4 69 79 66 29 31  4 17 81 44 23 65 
 4 66 86 16 89 86 28 53 52  3 98 96 52 83 40 73 96  4 91 14 
58  8 22 16 60 15  4 64 62 22 88 38 57  2 63 63 55 15 30  6 
81 46 57 57 98 100  5 10 74 76 32 65 40 25 88 78 79 99 10 43 
36 55 85 88 65 64 67 32 30  9 30 47 83 30 64 85 90 92 94 48 
81 46 46 26 47 35 100 32 50 23 77  1 64 88 88 82 55 40 50 47 
16 50  7 63 81 65 49 21 65 79 66 94 31 71 47 13  2 29 50 77 
80 47 37  9 90 64 99 30 94 44 74 36 64 58 17 43 57 85 89 91 
90 97 75 10 33 59  3 18 33 11  7 48 17 41 32 55 89  9 64  1 
75 20 61 70 85 89 99 96 70 37 38 30  8 46 97  2 47 14 41 46 
30 62 80 20 43 80 50 47 58 66 35 65 19 31 64 71 34 92 54 42 
63 69 77 93  2 23 99 40 14  8 96 50 54 21 59 57 75 57 18 53 
81 74 24 70  7 57 52 56 72 32 26 31 86 39 29 40 50 80 52 71 
62 68 60 28 35 23 58 50  1 21 58 79 45 48 63 67 35 94 67  5 
97 93  5 97 98 67 96 88 42 92 65 91 73 70  8  6 20 91 11 23 
60 31 77 54 40 33 16 29  1 20 32 45 84 38 90 40 38 73 54  7 
 5 64 84 56 83 99 86 24 44 52 21 46 42 53 17 96 39 27 49 24 
62 13 68 89 66 47  6 36 18 92 43 64 75 93 53  6 11 38 79 48 
11 18 35 38 35 90 70  1 11 78 24 40 21 39 59 40 52 47 76  9 
14 36 13 28 49 65 13 22 81 49 32 49 23 38 31 44 88 71 33 68 
46 40 67 46 86 92 15 33 38 89  2 62 40 55 98 23 46 83 46 67 
53 32 61  9 32 39 28 84 18 38 81 97 55 38 55  6 24 32 23 70 
34 67 18 53 20 37 45 69 71 65 50 36 95 58 57 55 67 27 66 49 
99  9 54 39 84 71 56 62 45 65 78 33 84 30  4 35 96 43 41  1 
43 88 17 39  6 85 22 19 70 12 48 77 89 98 45 53 72 91 35 77 
30 56 36 28 22 35 51 13 37 50 23 32 90 85 45 21  6 82 59 36 
 1 43 71 24 39 32 82 20 97 93 48 77 72 32 66 68 49 67 69 55 
97 39 80  4 32 22 48 14 85 92 72 29 74 20 15  5 39 46 75 30 
98 40 81 22 11 40 14 30 87 44 88 62 62 53  5 14 27 75 45 59 
92 25 45 87 16 69 49 21 79 67 23 52 77 61 43 82 39 98 34 91 
 9 73 69 30 91 38  4 20 85 40  4 72 98 88 21  6 78 99 30 18 
93 95 32 48 89 88 64  2 95 90 65  6 54 79 87 68 69 37 28 50 
75 72 43 60 78 71 54 68 43  8 11 80 63  5 80 12 99 43 16 78 
39 51 50 70 69 11 60 19 92 97 78 11 82 29 64 90 13 69 24 60 
98 78 41 66 38 58 19 79 94  9 60 35 27 47 93 13 60 23 63 31 
80  5 19 98 25 92 83 82  4 75 33  6 74  3 13  7 96 21 70 71 
82 52 58 92 48 95 100 40  4 88 79 87 38 18 24 35 67 68 71 77 
