2 100
99 45 
91 96 
42 73 
73 75 
100 15 
63 61 
64 17 
31 32 
42 19 
83 25 
22 88 
81 73 
21  4 
 3 59 
28 49 
73 72 
 4 83 
38 88 
94 68 
87 42 
62 53 
39  6 
 5  8 
24 28 
21  1 
21 20 
56 32 
25 76 
74 81 
28 60 
84 29 
12 22 
41 44 
 5 24 
26 76 
67 77 
91 49 
80 22 
77 18 
14 49 
30 56 
15  8 
100 93 
32 18 
92 75 
11 80 
70 63 
 6 77 
62 66 
70 36 
83 94 
11 92 
71 56 
60 70 
49 42 
68 63 
38 29 
47 30 
99 89 
48 51 
86 92 
70 37 
 4 41 
94 50 
70 96 
 1 87 
73 31 
 2 51 
30 94 
44 82 
35 27 
28 59 
 4 47 
77  7 
12 61 
67 41 
75 76 
56 73 
93 44 
65 49 
32  6 
40 24 
72 44 
30 73 
35 92 
65 41 
44 80 
67 19 
92  2 
83 47 
41 50 
61 52 
10  7 
19 88 
62 63 
46 36 
46 46 
86 89 
96 49 
49 55 
