5 200
52 26 31 24 97 
65 87 65 40 89 
54 41 10 12 23 
48 46 29 90  7 
45 86 83 96 64 
86 14 15  9 31 
74 48 34 97 72 
89 46 16  8 81 
10 18 34 11  3 
63 67 63 47 46 
25 39 27 58 96 
58 42 74 85 84 
75 93 34 45 18 
91 16  2 76 30 
25 39 68 50 21 
52 36 20 59 81 
36 84 44 25 44 
 8 66 79 65 37 
23 90 92 72 92 
 4 65 93 58 65 
86 43 96 78 63 
71 32 83 62 19 
53 56 24 84 38 
51 45 90 40 90 
89 12 54 31 93 
 8 25 58 80 87 
77 23 52 88 54 
68 57 28 93 54 
43  7  4  4 69 
 1 90 11 55 16 
74 46 38 76 65 
30 84 81 29 87 
54 56 92 38  1 
68 20 99 63 67 
67 76 17 23 72 
 7 26 15 27 97 
65 30 14 41 63 
51 30 60 94 51 
51 23  6 90 86 
66 33 74 65 58 
67 45 71 41 36 
53 61 80 52 100 
87 26 25 75 21 
69 39 95 77 25 
 3  2 40 74 60 
54  1 41 28 35 
91 84 39 71 73 
77 97  8 63 60 
79 11 16 89 76 
35 84 42 91 55 
45 69 92 55 25 
 2 30 95 12 78 
 9 93 25 88 85 
13 21 29 64 32 
94 62 84 35 46 
 6 17 91 82 81 
56 49 35 37 26 
53 54 87  7 17 
77 88 96  9 12 
52 90 21 70 71 
97  7 36 93 73 
93 19 11 97 34 
50 14 23 13 46 
32 42 31 96 47 
29 44 98 31 72 
83 12 79 74  2 
97 11 62 90 67 
98 80 64  7 71 
57 37 54 75 50 
81 49  7 10 28 
10 84 57 90 23 
46  3 50 64 73 
42 90 46 50 46 
87 38 61 34 73 
85 77 91 16 27 
89 36 12 54 27 
 5 64 94 18 79 
19 29 89  9 66 
94 45 44 26 67 
40  3 99 46 53 
78 62 17 44 57 
40 21 54 69 40 
34 47 72  9 70 
87 26 73 88 80 
47 57 22 93 49 
56 65 87 35 10 
27 40 25 29 42 
85 69  6 87 81 
21 20 34 15 83 
91 62 11  3 20 
76 80  3 91 16 
25 30 31 68  8 
 2 11 73 22  8 
34 48 38 29 58 
58 23 73 64 93 
72 63 61 93 79 
53 81 92 45 46 
36 26 17 50 11 
78 23 75 30 48 
18 80 32 93 45 
94  9 36 49  6 
37 53 85 66 65 
46 59 64 50 69 
29 81 62 84  2 
28  1 61  6 34 
21 59 85  2 80 
16 74 65 67 99 
40 34 65 57 68 
42 16 23 11 47 
66 85  5 52 94 
49 15 26 51  6 
37 69 70 29 31 
89 75 65 98 10 
31 48 43 63 22 
53 10 11 26 92 
43 94 97 77 91 
50 19 83 73 28 
26  7 15 100  1 
74 18 90 40 84 
21 60  8 77 12 
11 34 45 58 32 
51 50 19 98 60 
24 32  3 94 34 
59 19 48 94 45 
71 100 43 70 89 
61 12 80 51 30 
95 14  9 23 64 
50  2 32  2 50 
100 94 62 84 29 
90 20 78 94 48 
20 90 84 74 82 
89 81 53 73 26 
62 33 33 46 85 
42 22 12 12 16 
17 88 50 46 79 
65 66 92 43 29 
 3 16 47 62 64 
82 52 30 100 18 
37 16 27 20 49 
79 10 84 62 17 
15 74 14 63 16 
73 17 90 47 46 
72 50 69 62 99 
 1 47 26  7  2 
58  7 84 41 24 
74 49 15 11 37 
70 73 22 54 70 
32 56 42 17 82 
42 85  4 70 82 
61 70 91 96 83 
44 37 30 43 64 
20 66 56 26 54 
55 59 62 22 91 
19 21 42 66 66 
55 67 11  4 29 
31 47 15 10 45 
25 93 90 81 67 
92 52 54 36 55 
65 20 12 37 55 
78 85 58 22 44 
46 56 51 11 60 
19 74 92 83 33 
54 92 72 73 70 
78 17 16 38 14 
22 32 44  1 99 
77 14 87 33 93 
58 65  6 92 85 
13 54 44 10 82 
38 96 12 47 39 
15 77 72 60 22 
63 74  3 77 63 
24 10 38 91 53 
58 10 25 49 76 
17 29 87 29 48 
82 12 32 82 96 
35 29 84 65 36 
88 18 38 97 74 
93 99 74 99 95 
34 65  2 60 90 
96 33 34 41 30 
100  1 93 36 43 
46 84 37 72 43 
20 62 46 54 70 
 5 98 90  5 94 
54  5 52  1 10 
33 47 82 25  7 
30 59 67 77  8 
66 55 59 60 14 
31 98 100 83 82 
99 83 88 67 92 
 8 83 35 60 44 
 9 97 32 73 32 
42 35 35 25  4 
74 21 57  8 31 
42  1 75 18 22 
54 75 91 61 16 
 8 32 85 61 39 
97 73  6 17 97 
21 86 86 69 36 
100 43 33 20 73 
