10 20
51 32 27 72 49 48 37 39 35 70 
49 77 92 67 43 48 89 70  5 61 
83 97 69 83 38 48 44 41 15 59 
73 10 40 63  9 33 16 86 80  6 
78 66 90 17 18 36 89 85 80 23 
17 66 80 99 10 77 82 49 94 51 
92 13 89 35 45 33 17 53 26 79 
96 49 51 42  7 51 29 13 54 35 
80 10  7 38 60  5 51 87 100 36 
13 93 24 19 17 33 49 91 47  6 
36  7 53 36 60 13 90 77 60  4 
57 12 74 33 48 15 55 71 23 38 
90 100 69 63 43 48 10  2 25 65 
79 59 19  4  8 66  4 88 91 50 
75 27 62 50 97 37 54  9  7 10 
75 16 96 36 90 18 67  5 73 31 
 2 81 75 61 40 73 62 44 29  6 
49 19 99  6 81 96  9 85 90 76 
17 85 55 81 34 42 55 50  7 76 
57 43 20 24 26 71 91 33 27 61 
