10 200
81 80 20 42 58 52 100 75  9 12 
98 13 29 51 77 68 56 98 31 75 
20 92 63 34 23 26 42 37  7 37 
25 59 58  2 37 27 72 49 41 35 
25 63 50 27 91 28 73 98 81 39 
63 41  6 14 69 23 40 38 51  1 
65  5 73 45 96 46 95 17 28 22 
59 73 28 27 25 68 44 45 69 10 
95 80 87 38 65 10 16 90 56 42 
36  2 96 73 52 55 42 75 82 70 
91 23 28 73 14 78 66 19 87 31 
35 10 41 58 70 62 31 59 75 74 
 4 89 35 61 36 68 23 81 63 67 
38 80 41 60 91 85 87  6 73 75 
36 56 31 34 15 33 23 47 19 55 
86 69 47 93 76 45 18 58 71 67 
77 21 24  2 37 13 17 80 66 27 
40 47 99  9 68  5 21 43 24 21 
37 34 76 13  9 64  2 36 88 98 
12 91 11 10  9 21 46 40 13 91 
57 23 18 30 48 35 78 45 54 41 
73  8 42 16  4 47 93 70 85 45 
39 89 37 100 40 47 83 35 36 12 
80 36 46 54  5 17 72 80 27 78 
31 30 18 67 100 50 58 93 30 45 
12 58  2 64 48 28 31 63 74 99 
55 76 32 29 13 26 10 79 84 98 
30 66  8 90 37 10 60 10 52  4 
71 90 27 84 52 61 25 63 89 46 
 4 15 64  6 30 30 57 81 38 72 
94 76  9 11 22 38 64 27  8  9 
 8 52 44 50 39 46 30  6 19 44 
26 56 23 51 57 78  4 28  1 82 
68 31 31 63 39 58 81 36  8 43 
77 34 86 14 28 42  6 91 68 59 
61 87 74  9 34 14 71 85  7 58 
43 57 55 14 22 49 87  4 68 55 
18 61 11 89 23  1 78 20 99 87 
68 79 67 71 65 28  7 18 74 69 
61 56 66 90 42 98 11 17 14 30 
15 27 97 100 37 14 77 25 62 21 
 8 75 34  8 72 76 57 74 95 51 
 2 22 99 31 24 38 40 56 30 45 
84 36 44 74 97 27 58  8 75 32 
55 58  4 69 55 35 96 42 10 26 
38 36 52 98 87 45 81 44 51 90 
96 92 54 100 11 43 60 68 58 71 
29 95 70 54 74 73 82 66 29 25 
21 94 88 71 97 21 39 99 81 98 
59 30 54 51 16 21 86 53 12 18 
47 71 71 92 55 91 49 86 64 20 
29 16 16 81 100 24 22 24 93 70 
82 67 73 15 83 59  5 59 99 79 
74 25 97 41  9 64 33 19 22 34 
84 58 21 47 41 64 15 81  6 41 
 5 17 100 65 94  8 54  4  1 56 
96 21 52 64 59 28 20 20 87 99 
47 77 85 48 71 69 15 43 11 84 
36 25  4 35 95 55 28 42 93 92 
54 41 13 88 93 46 58 89 11 18 
60  9 93 68 26 70  7 10 52 15 
25 88 17 35 20 65 91 40  2 70 
99 33 67 10 91 14 63 35 92 99 
48 79  2 73 37 26 41 68 15  8 
79 26 21 73 53 45 84 72  1 91 
67 63 40  3 31 21 83 21 30 18 
49 53 60  5 46 86 95 33 73  5 
91 71 22 41 84 20  4 34 48 80 
47 72 19 81  8 14 79 13  4  6 
 9 24  8 33 53 88 81 66 60 16 
91 44 22  9 72 79 19 88  4 85 
63 14 44 53 16 55 33 95 16 24 
77 63 32 19 57 90 25 36 42 20 
26 94 40 60 84 94 75 49  9 93 
44  3 12 28 80 84 35 37 27 70 
22 10 59 91 66 22 37 27 49 59 
52 78 52 92 15  1 10 25 40 39 
89 100 48 77  4 77 81 95 32 91 
19 60 77 63 27  8 82  5 47 54 
76 95 86 71 11 96 92 48 81 22 
29 81  3 99 96 69 37 78 90 69 
84 37 17 78  5 67  7  4 13 84 
77 27 40 75 32 65 81 82 74 100 
63 75 53 65 78 88 53 32 12 35 
70 42 26 14 26 79 62 51 49 73 
81 24 11 52 12 76 26 93 44 95 
44 59 72 54 30 53 65 39 76 73 
48 65 23 96 43 40 48 78  5 70 
73 31 96 40 41 39 62 93  8 75 
15 15 19 83  6 53 61 85 53 13 
59 38 69 11 96  5 96 90 18 29 
58 26 94 59 100 13 55 43 66 56 
15 88 36 67 12 43 29 80 44 10 
25 97 61 67 28 69 37 34 47 58 
 8 55 98  3 10 20 55 72 29  9 
73 69 15 33 20 14 23 52 18 16 
12 29 55 50 79 76 98 93 82 42 
11 12 36 47 81 41 81 72  7 94 
84 27 56 81 90 61 86 51 17 63 
17  2 52 34 45 91  6 27 25 33 
64 60 10 39 70 56 47  3 12 59 
52 35 55 68 25 47 24 76  7 54 
15 39 62 70 17 18  6 38  7 14 
95 28 46 99 73  7 29 78 57 59 
71 93 88 59 56 53 11 94 71 91 
83 13 24 86  4 89 43 82 40 26 
25  2 85 89 21 78 53 71 60 93 
47 84 74 21 50 16 92 28 92 17 
74 20 88  9 58 79 31 60 61 45 
68 77 78 45 89 61 86 28 19 89 
49 47 56 43 47 13  1 12 63 43 
79 38  5 30 48 63 57 47 56 42 
 4 21 99 15 42 82 18 87 99 91 
10 28 10 42  4 46 70 81 27 97 
26  8 87 31 55 46 59 80 15 92 
70 23 74 72 45 58 76 25 84 100 
64 63 99 69 30 20  8 87 16 19 
54 67 53 70 96 69  9 70 19  5 
34  9  1 18  8 50 96 23 70 53 
81 51 32 59 15  2 74 99 90 58 
86 36 54 57 21 61 99 27 83 47 
 5 67 78 64 63 33 31 14 80 58 
59 91 61 65 38 83 37 67 25 26 
84 36  5 62 94 74 22 61  1 72 
43 69 45 13 29 81 62  2 42 84 
42 14  8 18 67 26 67 93 48 72 
84 85 73 87 71 89 40 74 43 73 
84 19 14 66 45 35 46 18 44 40 
84 77 98 50 23 31 36 75 31 85 
99  5 24 32  5 94 19 16 94 11 
38  2 54 84 96 70  7 18  2 91 
 2 31  1 71  8 97  5  8 39 39 
22 84 90 80 57  7 28 17 72 83 
76 39 28 69 62 65 35 86 55 46 
51 41 31 57 63 13 99 12 78 86 
81 20 21 84 36 96 47 52 88  2 
48 55 100 18  6 33 83 11 12 81 
27  6 67 99 52 29 95 32  7 79 
96 31 18 55 69 14  5 45 19 91 
28 26 69 11 79 60 83 15 96 21 
91 72 31 60 68 69 73 37  7 19 
16 54 61 79 86  8 80 30 52 31 
 9 15 18  1 23 78 48 89 84 38 
80  1 60 70 96 44 30  5 18 34 
70 59 99 28 43 90 13 67 94 46 
79 57 15 11 61 71 32  2 94 56 
57 39 47 36 69  7 41 89  1 16 
82 60 100 74 22 22 42 45 100 25 
62 85 58 26 23 46  5 95 39 83 
43 65 39  5 92 61 95 25 74 78 
82 64 45 29 94 63 16 70 89 95 
84 100 65 70 66 22 53 14 66 72 
12 18 15 18 87 52 13 48 46 69 
93  8 18 55 82 74 37 43 65 54 
32  6 99 64 100 66 97 66 31 90 
100 64 13 52 95 63 55 17 42  3 
87  3 32  8  5 36 27 39 33 30 
38 36 10  5 30 51 37 91 78 18 
61 57 29 95 33 50 36 19 24 28 
38  3 42 56 24 44 50 15 48  1 
17 74 72 75 87 91 49 46 67 49 
85 12  9 67 77 86 56 36 39 96 
87 23 46 21 31 42 59 38 91 28 
71 38 97 88  2 80 45 99  4 45 
65 34 94 26 54 27 12 56 14 49 
10 14 77  8 10 16 79 61 78 62 
74 73 61 11 31 60 87 88 30 39 
90 36 61 98 13 21 58 34 37  5 
21  1 52 58 100  6 94 85 31 64 
91 82  3 52  3 47 84 32 95  2 
20 34 43  4 38 55 40 83 53 94 
28 11 58 88 56  6  7 79  7 48 
47 77  5 33 37 59 57 33 72 25 
76  7 97  4 37  5 39 30 80 44 
75  4 45 76 94 46  9 50 89 13 
27 92 63 91 10 82 84 88 32 72 
62 51 90 33 85 47 27 84 89 97 
32 79 50 58 90 97  1 33 98 84 
85 56 84 93 76 39 50 53 60 36 
18 22 91 76 29  7 10 45 28 49 
10 31 77 16 32 32 14 77 77 67 
53 78 58 58 51 19 31 27 98 20 
63 41 14 49 37 94 73 81 80 35 
11 97 86 58 80 42 91 84 64  4 
 4 17 69 33 66  5 24 85 88  1 
 1 10 72 79 32 59 10  2 36 92 
99 74 99 27 93 40 34 42 21 64 
84 26 50 86 100 88 73 73 84 63 
11 79 83 81 20 93  4 35 93  5 
50 29 10 62 92 85 92 100 59 64 
35 44 51  2 31 30 94 22 30 23 
23 24 30 61 46 78 81 76  6 57 
 4 29 59 12  4 56 73 33  1 48 
55 88 100  9 89 99  1 93 57 86 
62 86 54 35 29  3 48 58 29 60 
44 20 79 80 85 64 95 34 35 54 
25 45 32 58 40  7 35 48  2 15 
10 98 22 17 20 77 13  6 19 44 
24 40 85 21 26 16 34 79 77 67 
42 64  5 90 16  9 64 54 76 77 
