20 20
70 40  3 11 72 79  1 41 47 67 89 89 94 96 87 90 11 46 35 62 
38 58 100 91 19 29 58  7 45 44 15 90 96 50  2 83 83 73 33 90 
20 11 50  9 58 35  8 61 14 27 46  4 42 74 33 49 66 99 29 99 
43 74 14 68 41 98 21 99 17 10 52 13  9 88 95 79 42 71 55 14 
75 71 60 11 29 33 60 70 69 16 52 33 23 53 34 43 11 95  9 72 
73 18 56 87 30 87 24 35 36 86 98 79  9 53 24 100 12 36 55 38 
93 97 19  8 93 87 21 88 34 72 60 76 62 64 44  4 29 56 52 14 
 5 52 97 36 82 13 52 79 93 33 37 24 91 76 20 26 76 98 83 33 
 5 73 66  3  3 65 32 97 92 29 87 94 55 44 90 39 93  9 57 66 
55 79 20 98 95 79 89 62 79 81  1 88 13 99 28 10  8  3  6 35 
34 49 78 86 86 70  5 29 59 87 100  4 10 77 37 88 46 88 11 27 
46  6 27 66 26 57 60 17 10 90  2 49 91 96 96 88 96 48 61 12 
31 75 26 11 23 84 50 53 15 69 76 17 65  2 81 34 91 63 54 70 
77  8 42 23 41  2 90 100 95  9 12 45 60 48 81 77 25 82 18 30 
75 18  7 64 57 57 53 91 98 53 72 31 12 79 34  3 16 32 76 63 
 6 70 80 81 36 65 87 87  5 71 14 54 27 70 89 80 83 66 66 34 
87 22 78 79 59 47  8  8 13 41 72 13 22 25 47 27 32 98 59 28 
18 71 83 28 51 96 76 60 20 31 27 100 97 33 97 95 82 82 72 36 
97 32 43 17 40 61 48 50 12 73 94 76 30  5 66 13 66 71 29 47 
88 85  4 17 94 35 23 68 14 69 51 83 70 15 100 88 60 20 14 83 
