2 200
68 36 
24 40 
89 49 
79 73 
 8 90 
32 92 
70 70 
25 99 
20 28 
54 50 
56 15 
71 24 
62 85 
39 65 
86 100 
 5 47 
30 84 
22 45 
95  3 
92 14 
19 16 
34  2 
 2 85 
80 18 
54 26 
 2 38 
60 32 
25 83 
80 52 
33 22 
18 56 
96 49 
86 17 
52 18 
97 68 
 7 24 
84 28 
61 78 
71 62 
16 12 
36 67 
58  1 
15 95 
72 86 
88 25 
45  5 
74 99 
70 90 
70 43 
79 89 
68 57 
54 50 
77  3 
67 52 
12 99 
36 16 
35 32 
80 75 
41 20 
50 74 
19 97 
62 75 
 7 76 
13  9 
61 13 
 3 14 
40 24 
 5 53 
54 90 
27 14 
18 26 
23 30 
73 25 
77 25 
70 64 
 8 53 
21 41 
65 90 
72  7 
14  4 
 7 96 
52 50 
84 80 
48 32 
 3 100 
64 35 
80 34 
10 18 
85  8 
71 18 
41  9 
74 92 
 3 89 
39  3 
85 96 
38 15 
28 70 
24 32 
76 34 
39 70 
55 29 
60 22 
10 62 
70  5 
77 44 
75 46 
74 17 
76 32 
46 34 
43 48 
83 72 
71 90 
64  1 
29 59 
27 35 
72 49 
 4 74 
39 15 
87 84 
 9 93 
65 99 
28 62 
49 55 
95 81 
87 75 
 5 35 
26 87 
66 10 
18 64 
73 95 
 2 21 
58  8 
91 86 
94  7 
 3 40 
 8  7 
60 29 
45 56 
30 15 
98  6 
 2 34 
96 79 
27 31 
33 96 
86 83 
62 79 
20 40 
10 40 
49  3 
67 39 
90 17 
59 91 
86 67 
96 62 
29 62 
80  7 
86 98 
56 83 
61 22 
38 74 
13 44 
43 92 
78 26 
93 100 
38 65 
34 66 
63 91 
 7 13 
12 89 
96 95 
 3 26 
87 77 
75 34 
31 20 
63 70 
10 20 
33 59 
99  1 
66 49 
36 20 
25 53 
17  9 
57 85 
96 44 
84 95 
 3 37 
81 22 
88 12 
61 74 
13 32 
66 65 
55  7 
 6  8 
25 62 
26 23 
 5 50 
88 56 
62 74 
27 71 
67  4 
