20 20
 3 83 44 69 15 35  5 82 27 52 12 19 48 85 94 83 85 90 69 55 
43 35 14  5 66 84 19 52 87 94 87 68 38 19  6 11 24 98 82 76 
87 66 22  8 24 25 43 91 43 54 40 97 11 21 22 46 22 95 56 90 
55 44 56 10  8 45 78 66 64 32 65 68 90 96 88 38 16 78  8 36 
82 96 43 42 71 45  1 31 17 74  7 98 91 92 50 90 20 38  4 95 
50  6 24 93 10 18  1 90 83 80 31 93 99 80 80 34 31 87 35 96 
68 69 47 60 64 32 71 48 51 54 40 90 51 55 73  7 12  5 91 12 
71 95 63 84 76 90 66 76 48 59 67 84 95 93 92 11 16 22 44 73 
12 35  6 95 62 88 24 91 33 66 41 91 13 75 99 47 95 79  3 66 
67 54  8 36 22 63 13 97 98 25 27 86 85 62  4 27 50 22 72 38 
48 86 16  8 60 95  3 44 42 21 21 75 59 71  8 28  2 73 97 58 
69 32 87  4 34 49 100 18 78 10 15 10 64 57 70 11  3 15 58 54 
 6  6 94  7 40 61 27 32 77 69 82 20 85 19 21 72 65 56 32 13 
78 66 80 16 17 40 23 93 57 93 10 78 37 61 97 79 42 87 44 58 
10 79 83 67 66 78 19 65 41 85  9 59 28 54 21 49 28 46 32 50 
61 17 76 19 51  3 24 26 70 39 89 36 97 45 85 74 56 64 42 98 
99 31 69 45 16 56 34 16 38 87 93 31 82 38 16  4 92  9 92 99 
89 82 54  1 26 29 61  4 89 81 61 59 53 98  2 16 73 88 32 36 
84 12 92 59  3 83  5 67 51  8 13 88 74 82 63  9 75 56 79 30 
48 100 13 43 13 69 63 71 84 20 22 69 94 93 23 88 54 91 28 92 
