20 200
12 74 54 60  9 74 98 31 61 28 15 50 48 87 34 47  1 38 68 52 
47 85  5 50 32  8 91 10 65 50 82 11 18 70 78 36 69 89 60 47 
 5 20 95 30 60 36 28 36 23 96 65 37 61 13 44 93 67 85  2 97 
80 66 84 93  6  9 41 81 61 36 65 72 89 77 95 58 12 44 15  3 
63 95 66 65 84 15 43 86 35 87 28 21 62 12 40 29 65 53 16 81 
41 46 29 36 37 16 11 94 42 27 40 71 72 37 95 70 87 99  3 12 
93 57 82 36  4 21 52 10 16 33  8 31 50 13 66 67 50 64 24  8 
91 22 46 43 80 92 44 66 48 40 82 14 14 92 66 67 54 71 68 23 
90 78 18 45 87 39 82 99 71 39 57 42 23 65 34 87 81 14 22 23 
96 87 43 37  4 94 88 89 28 91 44 55 97 92 87 77 18 71 33 49 
14 76 38 69 88 25 34 33 16 60  4 34 78 38 11 58 48 83 22 64 
92 25 53 15 51 75 34 40 71 12 92 80 91 35 54 82  7 98 63 54 
99 55 72  1 42 13 56 88 40 48 37 38 31 89 85 33 26 37 47 90 
 8 86 64 75 14 18  9 51 63 55 23 77 36 39 97 67 76 40 73 38 
58 69 18 57 80 76 95 47 57 70 81 78 15 71 67 55 39 95 67 32 
45 83 71 66 18 71 65 40 19 49  4 59 42 79 69 77 23 48 89  8 
97 19 27 27 60 52 21 47 43 44 79 46 17 18 41 12 98 88 59 66 
16 68 99 75 33 15 97 93 29 46 16 31 66  8 67 32 76 19 43 93 
56 18 51 32 19 98  1 97 68 21 78 20 75 56 27 46 19 94 44 20 
76 100 38 34 45 54 56 60 59 41 75 89 26 29 42 83 41 12  4 18 
80 75 43 18 22 43 23 92 100 70 27 29 33 69  6 84 76 14 11 89 
37 85 10  2 94 39 44 17 70 65 16  3  3 28 27  4 59 78 11 28 
84 23 18 25 27 10  5 85 25 19 76 31 93  9 24 21 60 60 79 40 
43 91 99 56 90 37 12 44 76 94  7 34 53 10 12 41 12 46 100 95 
79 65 88 16 46 34 77 95 38 99 56 96 39 11 49 82 32 83 28 62 
65 34 74 78 31 51 35 49 68  8 26  8 36 68 56 70 99 98 87 50 
19 66 64 20 55 24 49 47 76  9 15 50 59 64 81 82 40 75 45 75 
64 83 97 44 50 64 47 16 19 37 74 90 32 17  2 28 78 79 86 19 
55 78 55 47 93 77  9 59 86 71 72 38 100 12 51 53 45 46 72 85 
34 31 92  5 49 70 65 89  5 18 45 77 33 33 27 34  3 76 11 81 
 2 19 99 39 62 21 70 98 26 92  5 81 43 88  2 60  9 38 26 54 
12 64 50 50  8 48 43 10 42 83 56 96 69 47 57 34 52 15 73 66 
90 93 38 71 34 97 87 68 70 54 86 79 94  1 82 55 48 67 81 81 
92 91 59 86 73 44 60 95 88  7 80 93 91 33 25 18 50 62 12 26 
57 65 10 29 95 87 39 94 42 24  5 18 90 57 86 60 17 70 17 85 
 6 27 20 40 46 68 83 46 73 15 44 89  8 85 91 59 95 11  4 37 
59 60 93 53 24 54  6 70 69 79 56 33 11  7 45 29 59 27 22 90 
53 65 17 94 57 21 11 83 94 27 58 12 83 18 42 93 50 98 95 67 
95  5  9 86 38  4 95 20 28 18 58 18 56 91 80 32 84 54  9 78 
26 50 45 32 53  2 98 44 74 40 15 77 95 12 99  3 61 82 39  7 
70 100  9 100 25 13 88 29  3 64 36 58 35 83 90 12 12 50 57 86 
41 77 45 77 86 35 11  6 74 90 66 63  3 34 98 49 93 57 74 75 
55 46 76 27 30 23 26 48 45 36 65 97  7  4 55 58 100 55 18 82 
75 40 90 74 60 10 90 40 23 28 45 53 75 15 37 86 36 77 36  8 
 1 21 58 52  2 42 54 11 97 28 65 97 53 92 23  6 14 41 85 66 
72  6  3 61 28 91 63 96 75 35 17 19 23 85 40 53 23 87 68 88 
58  8 68 57 70 52 28 28 45 67 66 84 33 18 92 49 27  9 98 24 
36 26 95 19 55 84 66 92 76 37 100 37 51 36 65 56 39 57 25 37 
16 69 22  9 91 58 48 14 77 78 72 39 49 34 68 62 49 23 19 29 
44 81 27 75 74  3 38 56 98 64 86 15 34 44 38 70 19 13  4  1 
92 75 80 35 12 100  9 29 71 58 64  6 92 62  2 68 75 97 51 25 
60 29 59 61 71 48 19 82 91 60 93 89 24 44 36 74 13 52 95 80 
15  9 35 14 27 53  8 83 22 36 14 64 14 71 82 52 99 66 12 28 
100 99 40 91 14 82 17 53 63 93  9 98 96 85 36 70 58 20 85 72 
 7 17  9 77 32 64 47 21 18 79 90  6 27 95 51 98 19 41 31 18 
78 47 99 71 57 58 44 86 28 78 84 94 92 45 60  8 85 81 69 43 
95 98 54 36 12 63 50 38 40 47 94 20 58 55 49 48 76 13 56 86 
89  4 48 28 24 42 96 59 40 31 60 37 22 34 61 43  5 35 72 54 
100  9 62 77  2 34 10 20 27 48 69 87 85 83 81 40 31 84 69 99 
76 61 57 100 28 44 25 43 40 73 100 29 64 87 100 28  1 17 35 97 
79 49 99 53 99 98 12 71 33 65 42 69 97  4 65 14  5 82 72 13 
23 71  8 66 92 65  9 92 40 13  6  1  2 79 85 27 85 67 74 47 
32 69 21 47 100 86 59 91 86 18 81 84 48 68 68 22 100 91 96 52 
11 44 22 78 69 13  8 19 40 64  1 40 67 44 47 70 19 13 63 32 
65 55 45 13 43 44 68  2 14 88 26 58 48 55 62 37 72 43 30 42 
65 75 72 77 28 59 72 43 73 48 52  1 71  6 91 63 47 99 73 82 
90 10 53 83 64 20 31 70 46 24 84 97 37 91 30 79 65 17  6 73 
52 19 78 17 60 100 58 86 62 50 85 55 75 55 26 57 53 34 21 25 
54 41 95 34 26 57 38 67 93 41 37 50 76 75 53  7 54 67 57 10 
17 89 16 16  3 82 24 79 53 29 92 13 45 36 16 38 54 38 72 22 
100 32 38 58  6 91  5 63 34 15 94 39 91 96 83 93  4 18 59 21 
89 12 33 49 78 13 68 23 76 65 61 95 52 10 86 93 57 14 30 64 
47 23 30 39  2 25 63 82 77 11 22 16 50 63 94  2 20 19 89  8 
76  1 40 43 89 81 48 36 38 84 65 57 63 87 98 30 59 69 73 25 
27 97 18 59 80  1 64 42 73  3 39  4 27 29  4 36 75 68 76 18 
95 83 23  6 66  3 44 85 61 50 50 29 83 74 50 23 63 19 17 57 
88 74 53 24 67 98 47 98 22 85 26 44 53 42 68  5 99 27 41  6 
 3 60 79 25 53 50 79 69 90 61 23 82 81 57 54 18 30 43 72 70 
91 85 23 23 32  3 22  2 85 66 36 72 12 76 15 20 66 30  7 88 
 1 30  2 39 29 30 96 28 35 96 67 12  9 25 13 14 46 98 58 24 
35 32 98 57  1 51 46 61 90 59 86 26 73 76 20 70 21 78 54 43 
 7 34 22 34  4  6 98 60 12 88 20 28 23 54 51 91 40 10 72 96 
89 77 84 48 98 62 69  3 80  1 35 52 90 45 88 38 24  6 80 51 
22  6 57  3 32 86 37 67 62  8 46 25 13 37 90 63  6 23 38 27 
 8  3 30 80  9 23 53  4 59 57 20  9 25 22 32 13 28 13 50 14 
95 79 23 99  8 15  7 79  2 33 94 38 36 49 20 62 100 77 37 94 
42 44 83 35 33 48 68 58 90  5 52 79 77 79  5 59 47 41 77 31 
91 83 40 38 62 32 93 93  7  4 96 86 14 17  6 60 53 47 31 49 
69 76  1 36 15 46 70 10 30  8 88 89 40 22 89 84 77 21 27 95 
51 51 99 33  1 53 41 70 94 72 11 81 24 78 55 98 83 91 53 37 
22  3 13 83 75 27 36 35 87 73 20 29 83  2 62 81 14 64 28  8 
26 25 60 48 36 28 28 94 41 57 44 40  9 13  1 95 34 11 83 11 
10 54 57 81 47  5 73 24  8 67 24 32 28 65 86 89 84 43 30 80 
19 27 20  4 67 54 75 53 20 16 15 94 93 95 54 63 53 78 31 87 
55 82 100 76 39 14 17 16 20  7 81 75 99 77 35 43 13 84 30 91 
40 52 25 43 33 20 72 49 86 100 78 40 96  9 76 35 64 53 58 54 
27 28 83 90 18 65 66 36 44 73 100 53 81 82 75 40 70 73 91 90 
14 15  6 48 47 24 47 80 89 72 38 23 92 34 47 83 33 23 91  6 
67 55 68 39 20 51 57  1 11 14 62 83 61 60 80 86  1 76 70 38 
21 56 56 76 22 13 100 62 70 32 33 64 49 94  5 45 34 84 68 61 
15 28 50 81 63 42 94 49 13 83 86 59 77 51 36 100 14 91 100 58 
57 96 17 58 86 19 85 47 46 70 60 38 74 73  8 93  1 33 33 20 
69 44 65 33 23 73  4 85 27 32 48 100 49 49 95 75  9 56 37 84 
 3 30 18 66  4 45 58  2 75 97  8 56 25 97 46 66 44 75 46 69 
83 60 64 45 79 98 25 82  6  5 59 88 26 82 46 90 48 60 83  9 
28 24 93 73 23 10 77 69 16 99 68 95 84 96 83 79 70 76  2 50 
71 73 64 88 26 43  5 12 41 87 87  4 15 88 38 93 70 89 26 74 
32 28 92 23 91 73 22 12 28 39 30 77 79 10 15 82 100 49 34 76 
57 98 23 58 21 96 30 76 47 17 87 49 67 55  7 77 78 90 62 28 
25 87 50 82 95 45 67 48 68  7 26 21 14 22 37 66 49  8 13 28 
29 27 53 99 96  8 49 78 59 90  9  2 51 67 27  3 20 42 68 77 
35 84 10 13 91 25 16 78  1  4  1 82 99 97 11 18  4 63 30 81 
88 82 23  3 82 89 55 74 97 84 39  4 30 82 32 30 91 85 72 29 
67 66 99 35 19 74 15 20  9 67 47 41 73 31 20 98 60 47 92  6 
35 95 98 29 66 63 53 38 93 25 75 73 64 53  1 77  4 69 87 94 
40 20 56 26 66 80 20 24 89 79 93 68  8 75 13 86 99 28 41 100 
42 82 36 39 81 98 79 73 70  7 67 59 66 40 23 79 66 67 95 54 
22 67 86 63 62 61 31 94 42 38 54 75 71 81  9 67 79 49 88 99 
86 43 19  6 18 17  9 97 85  6 64  3 65 90 56 48 30 41 31 44 
 4 45 18 18 42 74 16  6 72  6 15 97 99 98 79 100 56 63 90 84 
90 66 45 49 42 10 87 60 60 48 16 55 92 91 72 35 11 31 40 63 
97 93 94  1 10  5 32 37 98 18  6 15 29 74 21 34 86 49 26 29 
94 65 18 87 83 57  2 68 75 15 80 40 84 87 18 53  5 20 19 76 
78 50 37 74 87 41 99  9 16  2 12 52 28 58 50 87 54 52 46 47 
87 59 65 71  1 87 19 59 33 59 13 88 41 58 57 98 63 53 14 46 
 4 41 48  5 79 19 66 37 29 59  4 28 15 81  5 86 56 75 94 37 
63 70 50 48  5 69 89 71 62 74 16 18  6  5 81 37 15 78 29 46 
70 58 56 29 96 97 24 47 24 58 31 21 90 47 10  9 37  1 81 94 
 2 88 41 48  1 32  7 73 14 76 16 49 26  8 99 18 19 74 82 51 
61  3  1 29 22 33  4 20 89 47  1 40 30 41 31 46 88 46 76 87 
73 28 36 60 50 93 68 76 96 64 88 41 23 94 15 76 20  6 56 41 
66 53 87 85 67 52 13 76 21 81 58 57 89 52 61 71 91 90 61 69 
26 48 83 63 89 36 45 30 90 83 27 72  6 96 93 16 90 60 23 36 
47 47 90 28 65 95 43 44 66  1 57  6 41 80 85 77 32 58 53 40 
81 63 64 28 86 79  3 85 17 98 99 25 87 80 32 38 23 95 66 23 
82 53 21 20  6 85 35 83 39 54 19 82 37 54 68 79 37 28 21 29 
41 23 71 20 67 68 64 85 17 91 97 43 11 86 74 88 50 60 37 84 
58 91 36 64 36  9 100 51 86 56 55 80 85 29 85 97 70 20 20 53 
30 86 22 22 100  8 40  3 81 85 32 17 78 52 12 77 31 71 44 42 
11 46  8 92  9 39 59 13 14 59 48 76 43 25 36 83 17 61 14 97 
39  7 15 65  2 65 54 55 89 42 15 72 51 17  6  4  8 34 14 52 
71 20 37 48 96 88 30 22 20 37 99 57 85 78 41 54 68 36 62 40 
96 30 66 100 46 22 55 15 88 99 23 21 25 53 53 13 93 81 88 40 
13 31 52 24 46 91 45 66 39  4 34 39 35 59 53  2 42  2 81 25 
28 23 13  4 87 48 77 75 88 95 43 88 50 82 35 69 41 99 98 33 
36 52 24 41 81 51 27 78 97 19 47 27 46 77 65 16 18 46 85 67 
 3  1 78 14 66 83 79 54 79  3 49 93 23 85 52 73 74  3 46 53 
29 46 20 41 40 94 45 100 23  2 68 24 39 31 52  9 17 31 70 35 
51 38 29 38 17 49 75 71  5 93  9 30 76 45 19 74 92  8 37 64 
89 56 84 74 50 66 79 20 11 74 93 36 47 27 15 39 72 89  8 46 
62 53 82 30 72 93 33  3  9 26 50 25 20 86 73 82 35 47 60 77 
16 10 40  2 76 57 69 93 33 90 77 56 46 63 85 82 83 30 57 93 
73  7 50 21 75 76 91 74 74 49 68 99 21 73 73 70 35 47 30 52 
44 61 76 66 52 74  9  7 37 60 89 51 86 56 75 77 24 87 78 66 
11 28 60 96 58 68 81 26 67 17 28 58 44 89 13 88  9 28 38 27 
42 22 12 83 18 13 42 64 38 100  2 73 41 99 30 12 64 38 21 95 
32 69 79 63 29 48 37 97 17 80 23 79 60 21 76 56 93 90 91 20 
24 61 23 40  6 33 84 34 69 72 19 99 61 77 48 55  6 60 13 51 
81 57 68 82 38 64 97 11 90 52 28 81 93  7 82 100 17 91 92 96 
34 13 65 11 47 57 70 100 48 45 14 85 13 54 94  3 65 77 35 18 
95  7 30 41 44 50 72 58 58 47 66 31 14  5 66 23 54 11 30 63 
52 12 26 29 92 58 97 35 51 87 59 42 32 95 16 91 24 60 94 100 
36  9 60 85 59 49 83 47 66 75 50 82 88 44 31 26 15 60 72  6 
19 19 45 68 63 84 65 36  1 39 66  3 80 60 35 44 22 93 71 82 
83 13 36  8 25 40 69 31  2 40 65 94 88 34 51 92 18 82 91 13 
56 10  7 44 26 99  4 47  1 95 16 76 51 35 47 18 62  1  2  8 
92 71 23 87 66 15 85 88 50 66 59 57 59 84 77  2 12 55 87 59 
84 16 48  5 57 45 88 21 80 87 13 86 11 73 80 67 11 90 34 77 
79  5 48 15  4 72 35 53 77 49 71 28 70 53 35 20 56 35 83 22 
38 53 48 87 54 99 86 90 76 77 27  7 73 89 82 14 29 84 34 52 
90  7 17 50 42 91 100 64 100 96 83 77 72 96 19 62 83 53 81 82 
93  8  5  6 77 33 22 90 66 62  9 15 45 31 74 99 71 25 43  2 
57 42 86 87 19 76 32 99 48 32 28 91  6 35 28 22  2 83 65 90 
 3 46 84 49 72 85 88 58 12  3 29 100 95 53 92  6 31 86 32 86 
64 34 99  7 23 21 93 35 77 75 45 66 63 44 33 46 49 100 44 29 
62 48 23 85 20 50  2 61 22 40 45 40 46 82 28 59 69 50  4 20 
52 79 88 24 66 65 67 33 93 48 29 44 10 65 29 63 24  7 54  9 
83 27 71 71 64 15  9 24 58 41 11 64 56 39 94 19 85 73 67 84 
92 87 78 88 50 97 75 40 57 20 97 70 80 65 44 25 80 97 75  6 
41 75 38 98 27 45 56 76 24 53 37 23 39 97 33 74 31 39 87 20 
46 38 59 62 24 50 76 45 42 52 30 31 35 46  5 37 88 72  4 69 
98 38 17 89 86 65 48 89 58  3 39 82 77 14 55 18 19 97 94 59 
59 81 60 35 64 29 47  5 94  4 34 37 35  2 23 89 94 14 18 20 
46 63 79 60 72 95 93 85 61 70 37  3 58 11 57 85 47 35 69 64 
98 91 27 47 34 89 54 52 96 12 55 51  3  4 25 73 79 94 93 27 
57 45 79 12 92 54 94 46 77 80 37 55 22 75 14 42 69 34 19 32 
37 67 46 54 19 77 19 75 64 62 65 20 84  9 96 50 67 28 79 22 
36 36 18 28 42 41 43 11 74 51 13 51 18  4 42 76 89 82 59 76 
44 95 36 73 92  2 85 12 82 11 44 54 54 91 62 64  7 32 29 26 
36 60 89 28 90 42 30 81 15 73 88 68 52 71 26 78 68 71 56 78 
 9 18 39 36 99 89 30 65 43 21 30 62 77 27 24 70 15  3 95 73 
85 50 27 54 52 42  2 31  9 25 72 50 61 75 69 34 25 14 91 10 
10 13 48 66 28 38 69 94 19 72 19 34 52 26 42 44 39 51 66 10 
16 86 35 73 56 10 81 61 56 99 30 22 69 81 17 46 91  6 99 33 
 7 19 74 79 10 55 55  5 34 96 81 49 31 22 91 85 79 44 96 58 
76 69 28 20 22 100 23 13 26 15 99 15 29  8 37 26 46 48 59 71 
79 38 86 94 27 95 56 91  5 88 25 32 19 22 90 94  8  2  6 36 
32 31 42  3 63 76 70 89  6 43 34 79 62 75 43 99 40 19 100 14 
75 12 17 24 15 31 10 55 66 14 47 47 93 54 56 37 55 72 74 81 
99 41 30 47  4 91 20 80 55 37 36 57 20  3 16 67 41 77 69 97 
