20 20
38 41 95 79 91 39  8 16 68 62 43 25 85 53 90  7 48  7  9 77 
63 48 55 46 26 93 39 16 88 37 28 59 57 99 70 91 57 32 44 34 
73 80 69 43 60 31 84 100 33 23 98 65 13 50 84 16 66 69 33 73 
18 59 42 31 42 39 90 97 100 46 43 81 63 36 78 21 30 99 69 33 
73 44 98 53 87 15 92 46  6 87  4 54 90 92 63 27 71 15 74 21 
15 87 89 19 47 60 16 34 42 45 66 86 60 30 19 52  5 32 50  3 
27 78 36 52 49 10 68 85 67 58 73 90 45 16 55 82 45  9 71 38 
36 45 78 20 56 12  4 58  5 62 77 91 31 33 18 43 40 48 12  2 
42 50 34 62 97 31 22 86 53 34 93 69 11 79 65 55 74  3 50 91 
62 86 79 60 87 50 54 53 80  9 17 33 60 76 48 50 66  8 90 24 
96 50 49 58 85 87 48 65 47 54  1 54 58 94 97 98 89 43 56 87 
 3 88  8 43 11 56 79 48 69  7 42  8 65 72 90 67 66 61 49 46 
31 68 92 73 63 87 37 17 37 70 53 98  2 15  8  6 49 37 52 58 
81 47 43 18 90 44 48 39 92 18 51 26 77 81 70 49 92 49 96 81 
83 61 100 25  4 64 68 17 71 56  5 87 67 56 50 38 70 87 47 11 
31 78 48 48  3 43  2 55  6 75 36 83 85 33 94 48 32 87  6 50 
13 99  7 92 59 71 52 26 78 48 43 70 16 11 46 76 70  1 74 67 
86  2 65 47 77  3 39 74 36 14 99 82 48 84 67 82 80 32 54 83 
71 16 68  4 23 82  9 41 35 80 19  7 43 45 29 90  7 52 89  9 
88 23 15 79 21 76 28 97 35 43 49  1 40 73 80 82 86 66 100 68 
