10 50
30  3 85 28  1 87 59 47 81 38 
20  7  7  1 31 96 21 99  5 28 
 7 35 83 76 81 63 67  7 79 78 
94 98 43  9 44 41 64 63 26 60 
12  5 76 85  6 96 38 30 61 18 
39 62 77  6 71  9 85 41 94 73 
45  8 18 67 55 66 67 99 94 26 
24 33 53  2 30 55 43 12 87 72 
75 69 24  5  6 40 20 69 73 32 
57 75 96 38 98 79 47 32 82 24 
24 73 74 36 50 52 65 51  3 79 
33  1 52 52 75 62 20  1 86  2 
52 44 11  9 34 13  2 25 74 17 
45 72 86 42 78 71 93 34 57 93 
35 37 77 13 15 15 81 17 43 87 
29 71 36  5 40 37 56 28 34 40 
12 10  2 73 71 22 90 41 70 78 
40 67  4 100 95  9 89  4 96 88 
27 88 86 66 28 55 68 90 46 51 
81 61 35 86 20 79  6  4 82 77 
 2 56 49 99 97 76 97 14  7 90 
66 73 95  7  2 92 25 58 85 16 
23 49  6  4 84 41  3 78 14  5 
55 55 40 46  4 40  9 15 86 35 
90 67 45 56 46 26  4 29 46 66 
55 66 48  9 18 52 11 88  2 11 
88  9 83 73  2 79 55 34 49 63 
31 51 59  9 36 42 22 20 91 55 
72 21 61 87  8 76 59 33 73 23 
76 93 42 54 24 78 28 24 26 90 
 5 36 68 100 47 88 99 44 16  5 
69 89  9 80 96 37 93 26 76 50 
88 28 54 40 42 48 60 69 62  2 
85 59 92 100 33 14 88  7 36 23 
 2 46  9 59 37 65 19 73 39 88 
37 48 39  5 25 43 13 81 25 47 
52 19 76 16 58 68 95 27 86 20 
21 36 73 94 75 85 13 27 53  1 
76 90 70 44 82 73 78 72 59  1 
71  2 70 88  2 13  7 41 54 76 
98 28 76 90 77  2 54 46 24 95 
47 83 61 79 90 22 98 75 58 26 
63 42 19 31 12 78 90 11 74 33 
31 41 84 65 17 46 28 31 23 10 
86 25 89 50 78 61 58 86 46 73 
27 48 48 71 11 40 24 48 22 42 
28 87  2 56 61 62 49 52 80 28 
86 71 71 25  5 72 58 13 53 49 
47 21 82 59 50 82 25 24 37 20 
40 89 42 53 69  1 16 74 83 78 
