10 200
19 22  1 95 81  6 72 63 81 57 
85 20 27 60 47 77 27 33 71 48 
10 11 46 28 42 28 87 42 40 15 
 3 84 77 25 11 15 72 89 68 27 
 1 30 98 74 76 28 29 82 69 35 
79 26 62 26 62 91 19 40 16 21 
77 83  2 17 22 84 79 94 92 52 
25 38 29 63 83 63 15 35 45 68 
92  1 83 10 96 15 69 58 16  1 
77 41 34 59 18 63 25 99 38 95 
40 26 11  1 50 78 71 28  9 61 
86 49 56 91 82 38 73 25 34 26 
15 65 69 69  1 87 21 30  7 41 
54 85 86 38 72  6 21 72 72 47 
54 84 95 20 80 21 79 49 37 49 
31  4 86 69 50 63 78 57 89 18 
81 23 43 78  9 68 39 63 67 68 
19 88 56 50 49 92 94 20 76 12 
16 21 50 91 97  2 50 93 46 38 
46 26 32 47 54 29 66 30 22 94 
26 24 31 88 77 87 38 46 13 70 
24 47 23 46  2 85 42 75 86 86 
 3 80 37 58 50  5  2 88 67 12 
 6 84 22 97 89 85 41 34 79 98 
66 29 38 67 24 35 52 95 97 84 
24 72 74 99 85 20 42 35 74 83 
44 89 57 66 85 51 52 37 18 76 
72 70 24 98 18 56 34 71 23 40 
63 98 71 23 61  9 16 40 24 29 
73 14 55 33 64 33 73 90 63 95 
100 38 55 55 88 74 67 83 69  4 
88 42 86 36 24 67 85 96 47  9 
76 97 17 24 38 52 56  4 48 68 
47 59 64 18 17 70 29 96 59 44 
 8 79 32 88 78 58 51  4  6 36 
99 22 46 66 85 99 91  8 95 95 
35 87 72 85 53 32 98 41 81 38 
80 74 48 44 25 62 20 99 68  9 
12  9 63 33 24 83 56 84 76 40 
64 100 50 12 90 73 77 39 53  6 
 2 28  9 98 27  1 10 30  6 96 
53  7 74 55 10 28 76 65 65 97 
100 13 89 32 15 98 93 93 43 81 
73 48 74 78 83 20 59 67 10 45 
24 26 42 87 71 30 61 70 47 55 
65 60  6 12 65 57 10 76 40 58 
46 42 57  2 77 96 70 21 86 97 
81 21 72 81 16 36 12 90 75 90 
16 10 56 49 20 82  9 96  1 20 
42 15 43 88 56 79 74 91 34 74 
95 97 68 85 84 47 51 28 44 99 
74 46 50 47 12 29 94 34  2 34 
40 28 43 81 74 75 88 82 50 10 
78  5 47 49 85  4 70 80 97 35 
37 60 54 60 99 28 53 24 26 88 
18 70 59 30 17 58 40 77 81 92 
58 66  3 74 25 71 64 51 16 59 
80 91 98 21 99 64  5 81 45 68 
30 28 12 36 64 45 14 27  8  2 
25  5 38 37 31 96 93 36 97 51 
80 92 51 23 84 94 47 23  5 18 
44 97 19 45 23 53 85 68 49 92 
 1 75 55 46 23 91 74 99 67 100 
77 97 41  2 53 74 89 15  7 54 
61 91 87 78 98 15 94 31 34 58 
29 32  2  2 33 39 14 35 63 27 
25 93 11 35 30 70 97 55 59 77 
20 94 51 18 70 97 65 24 84 71 
26 99 49 51 91 95 32 13 62 59 
25  2 95  6 45 39 27 32 18 31 
37 95 82 97 45 24 13 14 96 99 
 2 84  7  2  4 89 67 95 49 68 
39 54 62 31 30 54 44 45 44 60 
76 55 62 32 20 13 36 35 32 97 
95 92 42 64 99 78 62 83 17 59 
 1 23 59 77 33 23 18 11 28 10 
84 65 16 56 29 49 70  9 80 93 
75 56 15 29 41 98 98 66 64  4 
50 53 70 30  3 24 74 62 59 52 
66 55 67 73 72  9 26 31 21 86 
11 98 15  2 49  1 50  6 23 11 
 8 83 86 47 66 96 27 64 72 95 
69  7 88 60 98 32 46 34 39 73 
35 43 84 73 92 87 13 79 44 88 
57  7 65 14 63 38 17  2 21 10 
77 86 75 21 97 32  6  3 76 100 
76 95 63 16 53 31 19 18 88  2 
93 56  4 15 48 65 75 16 94 35 
56  7 73 78 80 62  3 54 64 22 
53 71 30 41 17 33 10 96 94 40 
19 62 10 97 14 44 20  3 81 60 
18  6 93 15 76 26 34  9 49 52 
65 17 94 80 21  8 42 83 25 10 
29  9 68 22 59 34 88  2 66 29 
29  8 29 36 27 71 78 41 56 54 
49 29 16  8 69 96 44  5 78 24 
42 58 26 90 78 47 50 31 24 75 
11 81 53 87 31 94 51 42 87 45 
10  3 14 86 57 46 99 98  5 13 
45 52 52 45 10 77 90 98 63 17 
19 10 30 83 45 45 50 40 29 99 
63 70 82 37 16 20 76 80 100 47 
96 81 63 10 27 83 29 65 50 27 
 9 63 73 56 51 26  3 72 75 34 
57 11 70 94 18 56  1  1 25 19 
74 20 64 51 12 73 57 21 100 57 
 6 26 88 14 97 98 97 31 32 29 
91 89 82 24 53  7 49 14 63 34 
29 54 85 35 70 38 89 83 19 66 
15 83 36 55 46 84 20 17  7 11 
50 47 63 13 94 61 92 76 51 48 
28 92 93 19 17 79 55 68 67  9 
100 38 52 88 12 96 66  5 52 24 
99 64 20 81 91 61 19 73 25 78 
55 12 34 51 69  6 31  4  7 21 
31  3 37 47 38 64 25 67 35 49 
 3 21 13 26 40 28 18 28 17 58 
11 61 27 71 46 35 61 94 39 44 
44 42 42 42 36 24 94 18 26 94 
22 43 25 58 99  9 26 37 78 46 
100 74 38 68 41 22 15 39 73 17 
65 67  9 97 14 11 69 90 94 72 
89 98 60 59 90 61 29 51 58 94 
69 11 61  7  5 13 21 19 89 67 
 5 89 85 20 74 85 28 42 47 81 
 4 16 36  8 60  5 96 75 96 12 
35 14 55 60 91 47 52 15 88 33 
61 11 58 52 19 42 99 87 60 24 
54 21 29 75 16 43 40 16 18 88 
83 90 44  8 38 47 32 29 72 24 
36  3 40  7 18  7 19 21 65 22 
71  2 69 75 43 22 89 30 98 47 
28 36 91 48 77  1 24 74 39 84 
64 31 45 74 23 25 40 14 63  2 
69 90 49 83 90 39 95 88 86 95 
58 30 43 61 73 10 21  1  8 76 
67 42  1  7 17 40 16 100 20 72 
54 94 58 55 43 16 43 85 20 13 
 7 29 66 65 38 59 24  7 16 65 
38 76 16  1 88 56 38 66  2 90 
64 71 13 29 88 16  1 70 49 68 
22 37  7 77 28 92 99 32  6 61 
97 52  6 83 90 22 39 43  3 69 
35 98 27 97 74 49 48 23 46  3 
37 21 10 97 15 18 79 10 58 76 
46 90 72 67 39 50  1 89 92 28 
50 38 71 39 44 29 44 22 39 11 
 2 61 91 13 93 81 97 89 46 54 
29 44 25 43 82 28 18 75 47 40 
45 37 96 97 22 25 84 22 92 30 
 1  3 17 46 67 100 43 95  3 55 
42 60 31 65 90  9  4 56 47 76 
76  2 20 64 21 59 54 57 31 60 
22 63 57 18 92 42 63 47 59 67 
100 34 26 63 37 29 72 63  8  7 
68 33 99 60 30 91 63 59 53  3 
43 88 59 38 71 55 98 55 65 10 
34 81 60 18 69  7 82 56  2 92 
 2  1 17 14 74 11 19 42 53 53 
23  7 35 61 81 15 26 55 18 74 
100 84 23 61 34 52 14 12 78 85 
50 64 28 37 14 10 42 87  7 36 
28 20 77  9 82 89 80 95 53 99 
95 43 63 63 41 52 64 25 76 48 
78 88 28 51 51 58 54 77 60 35 
51 77  7  2 12 29  3 77 29 62 
10 70 74 22 38 49 58 45 52 41 
85 84 75  3 86 14 82 66 99 62 
85 12 87 56 47 89 90 63 67 42 
81 60 25 17 50 85 97 57 61 32 
84 98 92 40 73 65 73 81 62  8 
31 48 47 24 27 32 30 51 69 87 
 9 47 82 15 40 83 94  2 54 51 
61  9 80 92 72 23 25 12 38 58 
36 74 77 49 13  7 64 43 44 85 
75 27 71 19  1 73 21 10 10 64 
13 90 10 29 92 41  3 76 29 38 
 1  7 43 35 38 71 88 24 48 26 
13 49 35 82 94 28 48 49 100  5 
32 54 26 86 39 20 88 38 92 23 
30 60 48 92 18 80 86 43  3 19 
12 47 37 89 46 52 82 56 90 61 
88 17 34 12 27 57 32 79 13 32 
45 89 29 80 77 29 81 92 38 81 
 7 32 22 70 88 63 44 63 46 93 
57 39 68 17 31 26 37  5 53 93 
15 38 91  3 58 99 83 95 16 71 
56 18 11 53 13 17 57 11 66 54 
39  4 86 63 40 71 69 40 50 16 
79 80 89 67 58 65 56 41 65 69 
39 55  4 93  8 57 77 10  7 20 
45 69 66 86 81 89 61 84 56  3 
17 41 16 94 91 63 20 85 56 88 
50 58 33 86 63 58 14 46 48 77 
44 19 38 75 32 36 34 69 25 84 
 4 63 13 27 18  5 33 51 96 29 
48 59 13 93 31 12 11 25 45 33 
33 60 29 33 68 94 98 87 57 58 
 4 100 15 18 24 50 92 23 96 21 
 9 68 34 98 98 56 92 40 51 62 
