20 200
63  1 16 78 71 60 79 88 69 28 16 62 68 28  1 98 23 59 54 10 
66 76 25  6 95 46 67 20 89  1 45 25 43 28 100 14 97 51 50 82 
56 79 72 79  4 25 16 64 75 66 93 79 79 30 74  8 61 69  5 63 
20 33 17 48 44 15 39 92 75 14 39 39  5 49  6 63 21 16 58 21 
44  8 75 82 35 71 86 55 26 69 97  6 33 12  9 47 80 98 42 62 
22 70 85 46 92  6 22 84 28  9 29 65 64  7 18 50 90 16 76 28 
36 29 48 89 58 54 74 57  5 82 79 33 28 26 61 59 88 83 43 11 
29  4  6 76 99 49  7 88 37 76 55 28 96 80 80  3 68 83 12 87 
 8 16 84 61 57 52 68 72 31 96 21 83 20 74 40 99 68 27 15 49 
56 23 30 53 19 15  5 35 55 38 54 42 47 61 80  7 23 30 38 75 
39 16 36 70 33 54 67 11 96 29 70 96 86 76 79  4 21 84 98 37 
12 65 88 26 95 41 100  7 66 62 23 79 37 53  7 36 74 38 34 25 
64 61 27 82 15  9 84 97 79 45 28 39 11 30 57 91  6 89 79 74 
94 81  9 96  8 25 68 46 23 34  8 62 23 24 96 77 85  6 49 86 
80 94 75 28 32 37 72 54 61 84 77 36 39 60 83 18  7 38 14  3 
31 67 42 34  4  2 46 62 14 35 37 93 69 28 79 99 31 39 87  1 
67 89 67 11 48 52 37  5 38 82 94 52 65  5 16 36 53 69 52 59 
14 41  1 63 86 11 84 12 29 32 75 42 80 64 97 59 99 65  2 66 
70  1  4 11 97 64 97 54 37 20 15 98 26 32 68 26 39 19 96 20 
67 69 34 82 69 62 40 15 52 75  7  6 67 89 42 25 84  8 44 51 
20 33 96 74 23 43 21  8 57 62 86 84 100 27 30 25 64 50 11 61 
30 94 86 87 93 97 18  8 80 42 68 26 61 90  4 59 52 48 17 81 
72 15 56 19  6 40 32 11  9 44 39 18 29 98 68 92 89 36 82 26 
50 68 40 15 42 12 85 92 67 83 19 100 28 43 11 15 89 32 48 80 
41 44 81 57 89 44 33 75 83 100  2 40 70 28 54 41 79 10 32 28 
73  8 42 24 71 49 26 54 73 16 26 34 97 14 19 35 43 14 36 99 
90 17 52 28 43 39 44 92 12 62 73 80 61 93 72 21 24 61 77 93 
 4 86 64 98 59 37 94 31 50 79 59 86 88 84 56 54 43 91 54 57 
97 51 32 18 81 42 84 85 19 93 79 23 64 60 49 74 88 83 64 20 
22 53 89 37 89  9 96 96 85 42 64 66 93 87 83 85 92 14 46  3 
43 63 37 48  8 90 36 42 88 63 43 62 36 32 17 91  4 89 49 34 
 8 15 70 20 73 66  6 37 63 75  8 95 44 14 24 41 29  3 40 25 
20 72 40  4 43 71 57 80 94  1  1 26 38 29 38 41 69 69  1  1 
87 47  1 79 33 12 64 66 83 13 49 60 26 72 49 93 79 60 80 67 
16 11 46 35 98 93  8 49 13 66 25 96 97 48 83 64  1 10 97  9 
33 24 33 20 42 100 59 63 28 31 32 36 51 70  5 50 91 42 43 39 
55 57 38 47 62 17 70 21 54 40 39 18 29  2 100 75 60 29 87  5 
43 22 50 93 32 16 31 97 24 87  7 90 27 63 48 22 66 90 51 81 
 4 51 73  4 13 33 78 18 20 29 26 92 17  3  9 11 80 82 28 27 
33 54 93 54 93 27 93 93 39 58 90 68 51 76 63 60 20 38 38 94 
19 25 19 52 72 63 25 33 48 40 78 53 13 97 76 20 68 22 29 39 
89 72 31 39 45 77 92 77 65 81 68 10 10 26 37 93 98 71 53 99 
23 48 74 22 97 100  9 44  8  8 49 38 95 73 70 18 60 48 74 87 
45 57 33 78 72  3 61 33 34 25 93 26 92 51 22 37 21 29 99 71 
94 25 51 82  4 61 62 89  1  3 100  2 54 47 47 20 99 15 45 93 
82 30 61 13 41 56 30 70  9  8 58 75 50  7  6 75 25 67 85 45 
85 57 35 57 53 49 27 84 54  2 40 31 41 71 99 15 39 100 93 34 
81 47 46 42 67  6 88 55 20 27 26 59 91 52 42 91 70 33 100 90 
34 84 11 68 94  2 89 74  9 28 25 59 97 42 87 63 76 25 88 60 
76 12 38 67 39 49 35 63 48 13 59 15 41 28 49 45 10 23 97 10 
96 14 99 33  1 55 23 94 16 97 94 30 31 78 33 75 35 41 75 32 
10 33 61 20 76 85 16 40 15 70 66 70 21 67 42 79 54 12 55 90 
46 61 71 30 75  8  5 61 41 92 78 94 69 86 61 25 32 63 45  2 
 8 77 40 97 21 61 58 87 53 13 60 68 69 100 13 62  1 13 23 70 
44 66 38 38 82 99 62 59 18 63 90 89 67 76 41 51 56 34 24 82 
36 99 47 21  5 49 25 54 73  9 76 22 40 74 82 63 15  8 69 76 
69 47  6 50 75 43 55 57 93 88 88 54 64 90 96 65 31 98  8 24 
85 77  4  7 69 41 21 98 33 45 48 45 68 58 29 92 98 37 70 90 
12 97 72 62 18 10 96 62 67 91  9  7 23 45 51 81 19 100 94  3 
56 74 51 15 43 23 72  2 97 38 15 29 77 83 43 56 35 55  1 68 
44 60 27 31 48 26 22 38 75 55 93 48 59 54 23 49 81 28 90 83 
96 87 64 29  4 61 43 20 22 35 54 33 97 100 27 60 30 57  8 58 
72 88 70 61 39 71 51 31 94  1  1 32 55 56 28 43 54 68 55 78 
93 12 55 92  2 16 20  7 23 21 81 66 71 31 90 89 86 15 12 61 
58 84  4 99 96 60 79 70 13 88 55 79 38 59 74 96 65 54 85 87 
95 10 14 87  1 60 68 40 63 51 79 83 34 65  8 14 86 91 42 22 
95 79 100 27 59 58  4 21 70 52 80  9 47 58 37  2 64 23 31 26 
57 66 17 82 49 83  1 47 94 10 91 87 60  5 30 89 37 82 63 14 
45 53 79  3 66 84 30 44 40 34 89 77 89 47 44 81 83 38 66 87 
81 29 97 94 27 85 29 20 83 58 62 13 10 49 32 69 77 79 54 72 
40 88  5 52 81 18 51 98 24 85 83 72  3 86 39 88 31 70 83  5 
41 22 57 62 19 25  6 17 23 67 79  6 48 48 44 46 19 87 10 23 
17 48 53 65 31 34 94 30 16 80 97 60 43 67 73 52 87 74 68 74 
36 20 52  8 38 19 79 64  5  4 88 62  6 96 46 39 63 65 11 88 
37  4 18 94 32 83 95 96 75 13 44 78  4 92 29 80 65 15 41 46 
57 60 84 58 56 16 51 91 23  5 49 41 29 100 96  2 51 54 67 35 
69 28 18 16 89 25 27 77 31 28 99 92 92 30 71 15 95  7  9 55 
 1 45 88 97 15 27 64 27  7 94 49 34 65 45 91 92 92 27 19 86 
15 22 10 54 78 94 85 12 76 51 40 17 49 48 56 36 68 29 79 78 
63  6 72 88 77 71 53 52 59 14 40 33 23 48 97 29  6 98 15 37 
 6 43 61 83  4 87 72 86 77 99 84 92 18  8 62 59  7 17 52 30 
23 65  8 42 48 65 10 74 86 79 82 38 11 92 20 14  8 26 17  4 
75  9 72 62 85  7 16 29 39 41 29 77 12 80  7 55 66 35 91 77 
66 32 81 66 46 71 86  6 57 34 57 63 12 91 85 96 76 56 62 11 
62 46 46 55 85 35 66 51 21 49 70 50 47 81 15  2 66 15 44 10 
10 78 12 50 37 80 29 40 21 55 63  3 36 59 74 84 65 59 27 100 
57 39 42 50 49 37 31 71 58 96 25 50 85 91 76 87  8 68 37 88 
69 74 53 96 30 65 91 36 89 93 65 65 52 58 16 19 64  8 71 64 
 9 16 18 16 25 56 72 15 15 52 32 36 38 89 18 24 22 35 17 97 
95 78 16  7 81 99 32 92 63 33 65 12 34 32 45 99 38  1 80 47 
 4 44 29  6 14 33 37 58 38 39 17  1 62 10 22  5  3 12 67 29 
35 41 28 39 37  5 57 12 38 87 75 23 78 48 80 66 74 49 67 29 
 6 97 16 30 90 10  7 40 52 91  7 22 24 98 92 28 33 18 58 48 
78 85 27 85 39 93 19 12 26 53 98  6 39 82 40 41  3 53 66 30 
33 95 93 88 17 100 81 30 38 92 63 83 56 40  5 56 58 54 69 26 
 1 78 32 92 87 30 62 19 36 86 84 84 38 29 46 68 33 89 47 77 
30 64 66 41 100 29  6 80 66 59 64 36 88 69 11  4  5 63 97 77 
20  6 52 82 39 11 91 22 66 98 81 33 38 91 34 49 87 28 85 95 
80 28 28 13 16 54 76 82 76 89 48 21 72 70 93 74 71 33 74 68 
94  4 18 69 96 30 71 64 68  5 43 29 96 79 72 51 64 86 30 49 
25 59 66 35 86 24 19 41 34 90 89 56  1 53 52 29 51 44 14 20 
44 43  4 38 54 32 31 46 80 32 55  1  4  1 64 22 54  1  5 24 
33 68 89 49  6 31 10 42 87 85 31 76 25 47 11  3  1 25 19  5 
24 33 38 53 57 38 13 70 36 61 35 29 10 81 91 29 73 69 19  1 
81 48 30 34 97 29 34 50 23 91 98 93 28 97 58  8 86 60 98 35 
87 27 66 94 18 35 49 25 28 40 86 61 89 62 83 80 67 95 28 83 
73 89 34 79 92 73 96 82  4  7 91 56 28 37 64 18 61 82 52 37 
69 86 14 86 88  8 86 84 46 24 51 87 71  6 45 95 50 42 33 31 
61 93 85 98 14 43 73 28 38 90 35 26 99 18 41 49 67 93 73 48 
21 100 10 86 51 65 43 63 71  4 32 12 41 33 96 14 46 62 46 57 
25 22  2 69 53 93  4 15 86  6 78 77 60 14 28  4 16 91 24 40 
 2 90 11 43 27 72 30 53 14 11 95 72 24 49  6 10 33 41 47 15 
98 83 79 28 66 79 80  7 43  3 44 34 91 89 96 48 94 19 90 74 
20 30 51 76 70 73 61 76 35 52 62 38 47 73  1 74  3 37 94 38 
69 46 50 44 77 20 55 52 26 65 87 14  2 21 36 33  8 41 27  1 
40 96 71 23 72 75 18 62 38 83 21  1 38 83 50 97 37 100 27 77 
68 87 15 60 34  8 71 46 48 41 68 14 91 31 97 73 13 24 62 69 
47 77 57 87 25 63  7  3 85 58 72 45 68  7 80 28 26 52 15 82 
63 25 13 100 41 71 88 97 41 53 40 39 62 94 95 87 60 53 49 87 
24 31 81  3 76 48 73 29 79 57 76 38 57 56 72 21 97 55  4 59 
85 77 14 99 18 56 43 12 28 47 20 17 34 94 66 63 69 28 98 20 
17 87 11 57 97 24  5 33 43 91 54 44 66 66 97 20 95 23 78 78 
67 98 41 15 74 32 32 15 62 10 99 25 64 30 26  5 87 48 71 100 
71 44 39 11 84 97 89 89 33 46 60 66 90 69 49 51 38 22 54 13 
89 92 92  8 87 94 60  7 35 34  2 82 33 42 52 95 100 52 31 73 
40  3 26 43 95 19 46 46 23 72 79 10 65 25 84 78 47 35 27  6 
45 98 32 44 74 33 67 28 51  5 51 35 100 100 63 23 34 42 86 62 
93  7  4 52 29  5 38 26  4 86 35 41 25 54 91 88 76 55 86 39 
52 40 25 72  5 92 37 41 89 20 88 81 79 42 74 10 13 23 16 28 
48 15 43 43 31 71 63 73 23 62 69 46 37 81 18 95 41 90 36 68 
34 24 30 39 35 53 55 25 13 55 52 84 35 16 20 79 80 72 19 99 
70 35 51  3 48 93 92 53 75 84 62  4 95  9 76 56 27 86 36 14 
30 36  9 40 60 68  4 43  2 16 85 85 15 90 19 58 75 47 77 35 
56 17 44 68 13 59 26 98 38 74 53 73 48 30 14 68 72 44 67 45 
 4 34 69 71 71 19 32 53 78 39 61 15 52 56 61 31  1 22 34 17 
45 81 13  3 39 65 65 57 96 91 65 44 10 93 10 38  4 24 59 74 
52 95 41 43 27 40 22 47 86 25 62 65 55 85 17 72 86 26 59 13 
49 74 89 48 50 22 83 27 14 63  3 12 50 73 21 90 90 68 19 85 
17 78 75 63 52 90 69  1 67 89 72 43 71 88 28 70 66 49 89 15 
10 33 12 22 52 45 11 70 70 33 39 27 14  4 40 88 82 97 71 72 
95 36 44  5 29 51 33 10 32 95 64 38 47 87 65 93 21 95 100 93 
 6 48 47 37 33  6 70 62 23 26 32 86 34 39 64  8 73 28 83 23 
41 87 84 22 73 54 99 38 74 78 72 86 86 33 84 76  5 95 37 92 
55 53 61 37 93 18 76 99 52 63  5 83 52 54 41 80 21 23 68 52 
51 36  6 22  4 100 52 14  6 20 12 31 49 51 55 34 43 40 76 94 
72 24 62 19 71 59 48 47  4 91 42 33  6 19 46 20 48  2  9 41 
71 92  2  2  7 70  6 63 88 76 98 96 30 72 47 61 64 78 52  3 
 1 39  2 35 64 57  6 19 98 61  1 93 26 44 27 69 59 79 18 35 
86 90 49 17  3 81 97 26 60 92 100 67 34 53 61 11 95 49 54 81 
 9 57 34 52 71 23 29 93 31 91 56 92 53 29 91 57 93  9 31 94 
 1 81 100 57 39 100 27 78 64 90  6 87 62  6 33 74 97 62 54 40 
59 51  6 93 68 63 21 52 42 96 47 80 59 81 43 100 69 28 62 77 
62 90 56 26  8 39 65 26  3 78 60 97 76 46 77 76 11 39 100 66 
18 11 100 14 81 26 37 68 29 92 46 45 31  6 78 27 21  6 77 89 
80 67 10 57 50 88 24 67 33 15 23 10 62  5 23 32 95 35 30  8 
77 49 17 43 13 56 62 12 79 86 25 11 88 54 35 51 36 66 12 43 
83 45 86 58  6 38 57 75 66 55 76 20 52 65 21 11 63 17 76 65 
96 84 24 27 48 90 70 18 75 53  3  4 19 12 18  3 88 35 70 99 
90 86 31 13 18 92 74 20 79 15 96 36 13 83 68 30 56 30 74 29 
62 39 87 27 10 26 13 25 63 74  3 21  5 83 74 38 34 22 58 82 
 9 16 10 100 88 37 38 51 64 14 69 70 95 50 84  4 92 58 52 29 
75 26 82 12 44 48 37 58 33 71 76 15 18  1 48 32 15 18 72 42 
33 17 90 60 41 47 99 64 27 35 26 19 36 23 62 98 97 82 32 51 
73 23 37  4 93 21  6 55 78 74 22 90 91 13 56 47 82 76 85  5 
80 66 100  9 12 40 25 26 39 16 59 61 35 77 10  5 66 84 80  5 
42 75 31 37 48 89 50 59 62  3 95 72 20 93 31 38 26 63 54 77 
17 76 79 90 78 89 26 96 75 60  7 97 64 58  5 73 51 77 71 81 
88 78 91 71 92 55 98 95 35 59 38 77 70 20 64 42 39 37 45 53 
44 21 83 95 26 69 17 55 36 19 45 20 42 13 15 14 57 15 26 13 
21 50  9 23 56 80 37 34 76 94 67 98 80 87 84 28 89 20 52  7 
82 66 83 54  4 16 100 28 95 51 50  2 22 11 32 15 99 16 74 58 
54 29 55 52 46 87 33 57 30 38 74 38 87 75 21 91  4  8 53 24 
99 32 62 23 96 92 81 88 38  2 12 82 59 23 81 62 64 12 73 58 
93 96 94 27 91 30 59 71 44 78 40 89 91 98 87 19 55 56  3 12 
17 48 96 30 43 82 68 24 56 24 50 25 65 78 36  5 60 62 86 13 
46 96 80 92 94 91 73 41 47 100 78 50 58 29 75 98 41 99 61 46 
30 37 79 42 44 52 73 26  6 46  8 29 11 98 56 14 90 54 63 93 
 1 50 92 17 32 34 95 40 27 13 92 36 66 19 21 56 62 98 67 96 
44 46 20 32  2 72 45 74 93  9 79 49 36 49 97 27 100 35 57 75 
69 96 10  9 72 21 79 82 38 51  8 86 95 76 10 69 66 29 20 95 
40 54 38  1 49 91 99 31 85  5 23 97  1 45 66 22 77 80 87 55 
25 30 59 52 89  6 84 38 13 40 55 78 14 55 76 67 67 66 93 51 
91 61 70 47 63 81  2 67 29 75 88  5 58  5 83 24 21 28 80 47 
26 28  4 47 91 43 22 69 11 73 38 73 30 34 56  9 29 97 72 49 
 1 89 36 15 13 43 76 72 72 69 100 72 40 90 49 69 13 88 12 100 
90 13 46 20 50 53 11 65 12 69 90 26 10 90 25 47 83 85 18 12 
58  8 20 24 99 18 24 25 44 32  6 52 24 25 80 24 25  9 82 96 
90 21 66 80 73 81  1 24 14 14 100 39 14 75 14 55  2 97 79 39 
24 75 58 65  2 27 73 60 61 11 48 61 14 100 42 95 19 16 67  2 
22 51 50 18 82 49 87 58 36 83 58 97 87  5 40 56 27 31 68 41 
77 86 41 26 30 32 80 51 94 61 49 83 31 100 83 81 83 25 56 31 
71 13 34 49 86 31 25 37 61 68 98 65 68 81  2 28 95 29 56 26 
26 66 14 10 66 39 49 31 19 97 29 11  1 22 72 46 67 94 68  7 
24 12 67 10 34 84 54 51 75 27 90 89 20 80 52 52 48 39 26 76 
36 74 88 60 24  4  8 12 73 73 85 97 94 73 70 73 51 95 18 86 
44 19  4 39 55 54 23 27 65 37 21 35  4 57 64 67 33 58 62 84 
77 64 83 13 42 87 19 96 77 53 44 45 54 10 69  2 71 18 51 93 
30 21 45 100 95 73 55 27 20 72 50 22 22 81 60  5 88 11 75 18 
 6 53 76 52 62 53 55 13 36  7 64 11 60  7 66 52 96 84  8 19 
76 48 25 97 64  1 44 37 21 73 41 38 37 49  6 48 18 77 73 75 
