5 50
99 47 67 82 55 
37 86 43  5  9 
29 32 12 41 15 
45 82 33 91 60 
93 26 34 35 13 
67 24  5 42 77 
63 36 49 36 86 
15 42 64 100 10 
28 66 55 10 99 
65 34 93  3 25 
11 56 26 84 67 
95 72 88 62 64 
44 23 32 25 39 
10  6 22 40 77 
38 41 51 37 66 
33 62 54 94 59 
 8 57 34 35 51 
73 57 58 78 66 
12 37 43 59 14 
55 47 15 57  2 
39  6  2 35 84 
69 94  4 59 36 
40  7 79 16 38 
87 82 50 56 40 
46 52 48 67 47 
86 63 25  9 31 
78 35 33 79 60 
 5 72 50 89 82 
42 40 17  5 34 
86 92 99 57 68 
58  7 53 61 45 
68 44 65 85 65 
27 21 100 35 88 
14 44 24 54 67 
75 48 10 82 30 
100 66 99 62 97 
49 38 19 38 51 
98 16 92 99 36 
44 15 57 82 51 
38 94 18 58 59 
39 86 93 58 27 
97 60 51 78  9 
36 69 58 13  1 
26 53  8 40 39 
40 58 97 28  2 
15  3 87 33 13 
45 49 89 52 61 
87 87 90 50 35 
52 70 81  1 29 
54 75 95 43 76 
