2 100
94  8 
67 11 
39 42 
64 88 
44 52 
 5 45 
 1 84 
 7 90 
20 99 
13 98 
91 87 
51 92 
54  4 
26 82 
41 87 
23 21 
72 26 
 2 53 
84 75 
51 46 
100 80 
83 13 
20  9 
43 90 
86 82 
17 86 
94 20 
33 12 
18 52 
43 53 
45 90 
16 66 
34 50 
32 64 
99 83 
65 59 
51 52 
 4 57 
12 10 
47 83 
58 32 
68 30 
44 95 
35  4 
38 52 
96 15 
28 58 
49 30 
 4 56 
59 95 
84 100 
99 32 
59 22 
19 78 
71 46 
19 60 
85 60 
93 62 
52 76 
68 43 
97 23 
58 19 
24 36 
80 93 
63  9 
13 65 
 2 75 
49 50 
94  1 
92 100 
 2  9 
 9  1 
89 60 
85 20 
39 58 
83 64 
55 46 
79 55 
85 14 
64 76 
10 69 
 9 12 
15 50 
91 41 
92 65 
97 65 
64 70 
20  9 
35 86 
72 35 
10 98 
27 48 
96 50 
75 37 
31  6 
46  2 
98 54 
61 76 
67 63 
41 42 
