10 20
54 25 62 46 29 49 73 70 17 72 
 8 93  5 82 36 54 74 68 46 46 
41 23 83 83 10 59 19 95 71  1 
23 78 87 87 66 25 28 84 79 52 
60 71 63 98 76 83 54 38 93 35 
 7 87 21 15 71 94  7 28 41 20 
65 79 20 50 89 13 50 75 85 17 
50 49 28 42 52 59 95 49 31 53 
38 43 95  5 86 64  2 22  9 71 
35 81  2 87 89 88  1 76 41 44 
34 45 78  7 86 56 45 59 54  6 
10 74 14 54 96 69 62 62 55 51 
34 28 86 31  5 56 35 46 72 63 
64 62 47 29 49  7 66 49 49 22 
29 30 94 76 93 82 98 40 89 70 
93 14 11 88 35  3 99 77 90 72 
39 97 62 72 39  5 63 83 32 99 
63 17 66  7 44 79 76 41 23 94 
83 57 83  7 46 74 56 32 75 37 
 4 31 47 99  5 95 16 36 86 19 
