5 50
62 61 44  2 16 
12 41 76 70 56 
12 16 83 14 73 
40 16 16  2 69 
15 74 32 95 30 
84 34 47 40  7 
55 66 67 92 59 
 3 36 33 79 32 
48 33 16 55  7 
17 23  2 49 49 
 3 52 18 25 93 
74 20 28 80 37 
29 44 77 98 17 
47 11 92 22 24 
66 19 45 74 73 
71 32 41 29 20 
 8 87 86 89 10 
31 40 95 23 14 
96 64 87 54 61 
17 23 26 45 84 
40 52 90 33 10 
18 45 12 83 67 
58 81 63 36 62 
69 31 37 27  3 
76 75 62 29 59 
78 15 100 53 58 
49 15 87 50  7 
39 18 29 31 84 
83 54 31 24 86 
77 41 13 48 41 
75 80 76 52 55 
12 58 96  2 63 
74  8 90 52 43 
 4 26 46 45 47 
10 25 44 43 96 
 2 40 86 62 26 
28  4 14 57 89 
 4 67 88 58 52 
15 65 83 81 43 
41 60 48 36 78 
29 24 46 44 14 
12 55 71 98 53 
 4 81 56 42  3 
99 90 95 12 76 
21 29 70 75 39 
62 70 17 89 69 
16 44 10 88 23 
75 49 79 79 86 
51 31 49 96 64 
40 94 48 64 68 
