20 20
33 21 23 81 82 45 24  4 68 80  4 14 10 28 82 48 70 16 93 20 
40 89 38 85 36 89 23 77 41 53 21  1 84 84 24 32 50 77 37 82 
 6 27 55 69 54 97 86 31 35 94  4 30 99  6 35 48 79 76 48 17 
25 69 45 98 47 52 41 47 40 47 54  5 36 68 62 92 93 21 44  1 
45 44 16 24 45 88  1 61  5 10 15  2 67 100 54 48 33 88 96 78 
17  5 14 92 58 27 10 18 67 35 15 20 95 47 54 16 15 71 22 81 
50  5 33 86 97 39 12 80 25 86 40 93 14 47 50 48 100 51  4 12 
54 67 91 22 56 85 51 22 22 43 15 95 29 96 50 39 67 53 98 33 
81 14 60 29 10 81 92 78 11 54 15 52  5 97 78 59 91 83 48 98 
19 75 63 26 48 97 82 86 35 85 24 61  7 77 57  3 58 61 22 48 
78 73 50 22 83 32  6 45 23 64 68 18 34 48 94 23 68 12 96 85 
68 100 11 66 100 27 82 48 76 87 16 19  3 89 26 18 92 27 18 49 
50 10 25 78 23 90 81 41 29 65 39 84 91 91 84 45 90 28 32 20 
85 19 62 58 87 99 65 96 86 87 42 72 16 37 79 81 21 28 83 43 
87 81 25 93 65 11 30 18 42 45 69 86  3 24 84 98 27  9 40 64 
 7 26 72 46 26 58 90 31 91 51 28 24 70 70 44 63 45 16 71  1 
43 10 91 17  9 84 98 82 22 99 43 86 29 95 60 70 20 57 97 68 
88 18 63  5 60 83 45 78 48 94 20 32 39 98 34 41 82 37 31  1 
26 99 29 44 81 37 79 93 34 37 87 91 37 81 71 20 71 100 70 24 
 6 10 97 72 73 62 87 25 72 71  3 36 40 38 56 26 97 64 25 85 
