10 100
85 82  4 99 65 76 46 96 91 100 
46 48 84 89 33 62 34 99 79 53 
 5 39 44 60 12 47 77 80 32 96 
56 50 12 100 58 11 94 52 45 63 
87 60 31 74 86 62 31  9 66 66 
19 98 87 52  4 43  8 44 71 37 
47 68 65 63 43 90 58 12 55 62 
59 64 74 20 87 48 48 53 71  1 
28 76 57 41 67 50 81 97 12 72 
91 21 77 50 85 11 62 45 19 65 
25 47 14 74  8 41 49 65 79 47 
11 43 92 70 28 87 46 63 48 18 
72 73 96 86 76 45 88 15  1  3 
49 81 18 68  9 100 21 14 94 41 
46 33 90 93 34 94 24 85 32 96 
21 35 83 31 57 29 56 81 91 89 
 7 22 18 81 88 62 67 50 36 82 
80 68  5 30 16  4 67 66 64 74 
62 82 42 25 55 60 87 47 93 57 
62 87 38 83 91 51 31 92 40 90 
66 22 56 47 96 45  5 65 14 80 
89 96 45 83 68 42 45 34 57 83 
14 53 92 91 99 80  1 49 37  5 
19  4 78 37 95  7 74 36 50 58 
 1 84 82 64 94 41 67 23 93 98 
34 91 14 12 75 12 36 60  9 24 
91 59 63 38 99 67 13 92  7 57 
81 32 39 83 63 95 29 92 82 54 
65 53 72 53 54 73 45 12 30  8 
32 92 24 12 93 99 76 100 79 87 
83 13 62 24 21 64 31 50 82 27 
 4 71 26 95 98  7 93 49 10 90 
95 32 82 31 100 57 39 71 100 85 
72  2 79  9 16 98 75 56 42 59 
 7 76 45 29 39 46 92 34 59  5 
42 58 56 80 43  5 19 95 84 62 
75 46 30 23 51 86 26 13 91 97 
 2 37 60  4  7 65 81 44 83 10 
16 63 61 76 31 66 21 33 44 40 
88 23 62 18 11 60 52 18 61 96 
42 14 70 49 53 58 80 89 43 73 
54 97 75 26 12 74 41 67 60  1 
75 61 45 96 84 23 13 90 76 82 
43 67 81  7 83 28 42 46 40 60 
37  3 16 43 13 65 53 52 64 16 
33 11 18 57 37 41 50 46 97 42 
49  3 67 87 89  4 78 53 66  7 
100 56 42 17 85 62 26 27 55 43 
85 87 49 80 53 52 100 59 75 45 
90 29 44 70 47 53 35 96 91 63 
92 47 30 48 47 88 99 78 76 82 
75  2 79 42 89  6 27 70 11 73 
63 79 38 11 56 69 47 79 15 63 
35 82 77 91 17 13 75 23  8 56 
54  1 71 81 94 41 29 40 72 80 
85 64 57 74 88 68 39 80 33 44 
 5 59 99 42  3 55 98 97 63 36 
50 29 68  4 99 10 80 40 45 84 
69 66 85 59 38 18 50 72 95 17 
92 14 63 59 81 52 78 49 39 98 
61 97 50 73  9 25 62 16 57 73 
52 26 55 80 62 68 49 10 77  3 
74 34 93 23 47 29 88 44 46  1 
73 65 72 90  9 87 60 88 94  4 
77 66 78  8 46 31 96 74 35 73 
54 47 90 78 44 89 46 97 26 72 
91 59 85 32 53 20 12 68 97 77 
59 85 72 88 31 18 39 14 38 28 
89 36 36 96 94 91  7 56 36 26 
26 34 92 99 26 16 37 83 49 61 
60  7 16 100 93 18 19 68 40 91 
17 83  6 62 95 75 12  1 10 97 
 6 91 27 16 73  8 48 92 66 33 
88 27  9 16 78 40 22 56  2 34 
82 68 65 71 15 78 91 79 68  1 
73 100 99 33 99 35 36 13 58 38 
98 70 12 89 82 21 31 74 12 62 
99 50 65 40 85 39 66 94 32 57 
38 29 100 98 78 45 63 76 82 82 
35 83 19 86 35 42 11 72 34 51 
60  7 10 22 89  2 18 20 54  1 
50 34 71 16 29  6 89 45 69 62 
 8 66 63 43 63  9 54 73 91 53 
82 89 22 87 91 48 85 89 16 63 
54 75 52 100 22 99 89 38 14 73 
13 29 45 77 45 38 81  1 48 65 
23 80  3 99 76  4 40  7 77  2 
49 68 73  5 16 99 18 86 57 40 
21 46 61 48 78 37 45 67 53 23 
11  1 93 55 18 16  2 28 81 44 
42 84 19 17 96 48 94 56 52 29 
26 66  7 78 19 19 77 55 36  3 
83  1 20 45  8 66 96 85 86 17 
58 23  6 52  8 17 86 38 28 43 
94 84 82 47 59 26  5  6 37 50 
59 63 97 46 71 72 89 91 40  8 
40 89 30 95 69 22  7 70 92 68 
38 76 75 92 56 17 39 36 64 99 
79 60 49 79 17 10 69 96 32 96 
46 71 56 41 38  1 36 18 24 34 
