10 100
 6 49 43 25 74 54 57 55 88 93 
 7 63 20  7 45 77 29 97 44 56 
 5 46  2 68 16  5 93 91  7 84 
92 28 65 36 24 90 17  5 53 39 
71 85 93  4 76 64 39  7 57 94 
46 49  4 46 75 58 96 19 86 70 
31 93 14 82 95 35 62 60 73 25 
88 99 25 10 18 27 38 75 98 37 
23 19 48 22 61 92 87 64 12 98 
35 97  7 82 47 57 20  7 66 55 
 6 34 10 18 71 82 17 36 72 62 
33 64 49 18 87 94 73 95  8 70 
11 53 100 44 64 73 14 26 60 71 
44 46 64 68 94  5 27 32 28 71 
27 83 99 28 17 67 67 10 19 60 
41 32 75 55 76 54 82 20 92 26 
70 34 29  9 56 94 59 13 57  6 
61 50 43 62 21 70 69 13 91 98 
36 37 60 96 79 55 99 86  5 84 
21 12 43 74 83 50 56 30  1 24 
73 98 45 56 52 45 24 14  6 48 
84 68 38  5  5 59 62 38 49 52 
34 63  7 47 11 94 25 30  2 60 
32 93 65 92 53 25 21 16 13 74 
85 78 92 40  3 28 32 59 45 65 
22 61 14 57  8 62 17 22 72 98 
92 65 39 44 67 24 47 78  8 66 
70 38  7 11 24 86 84 70 92  8 
37 69 96 19 66 27 37  1 66 99 
31 58 85 57 44 77 84 95 30 92 
66 17  4 11 45  8 28  6  9 67 
 6 91 64  4 62 36  7  8 42  7 
30 87 15  8 89  7 64 57 88 72 
59  4 75 64 43 53  9 67 72 95 
70 40 94 77 55 30 44 70  3 89 
67 36 12 44 30 82 30 24  9 20 
37 16  5 62 30 92 28 77 16 27 
20 31 36 50 18 52  1 54 48 34 
32 58 10 39 51 55 73 51 100 23 
68 94 14 45 34 70 76 58 97 63 
66 77 63 38 24  3 85 45 83 13 
65 70 31 19 97 44 56 79 94 16 
38 21 46 73 100 57 91 99 51 24 
89 37 45 70 84 95 70 23 28 46 
30 37 25 42 18 31 67 41 93  7 
48 46 60 58 79 81 49 72 40 60 
41 23 70 20  4 25 69 63 32 84 
52 79 61 89 23  7 70 24 94 16 
66 61 52 92 14 11 57  3 47 44 
44 48  3 32 28 76 48  5 11 31 
 7 52 20 13 14 69 93 77 97 57 
76 49 48 40 95 13 97 25 24 72 
26 16 58 68 65 16 100 56 11 14 
39 26 62 77 34 51 60 42 73 63 
14 22 15 94 57 75 64 54 23 23 
68 72 64 35 81 66  4 43  7 45 
77  1 79  1 42 93 12 20  2 17 
91 61 83  5 99 11  2 84 21 81 
29 21 49 15 88 11 31 23 82 70 
53 32 81 18 80 87 36 90 51 81 
41 70 95 100 40 84 89 49 53 77 
79 95 93 67 51 35 31 49 26 32 
37  8 58 24 31 96 64 57 75 24 
40 66 65 61 16 42 86 16 22 91 
20 67 93 57 80 41 84 86 26 72 
99 22 62 73 96 38 19 29 24 20 
38  8 90  9 66 10 76 37 92 27 
53 71 45  4 11 86 21 74 97 29 
90 100 60 100 95 82 32 92 20 25 
23 16 89 39 100 47 88 69 26 48 
27 67 49 29 100 98 52 52 46 68 
59 95 22 34 97 17 14 26 60 87 
75 63 86  7 80 21  1 59 12 72 
55 16 26 83 28  7 39 99 90 97 
92 51 85 76 44 24 73 14 31 88 
82 52 74 85 33 77 16 74 86 14 
51 26 74  5 14 78 58 12 92 97 
95 45 61  9 54 31 44 86 27 84 
43 87 50 96 89 32 80  3 83 75 
30 92 85 95 36 49 46 95 30 28 
47 40 18 58 21  6 61 70 38 48 
45 61 56 49 88 42 30 100 22 12 
78 75 76 78 21 11 61 41 78 99 
10 26  1 17 46  4  3 47 73 20 
99 97 16 15 76 18 83 46 76 56 
39 12 71 63 28 58 53 13 18 18 
84 74 26 42 92 74  4 47 33 66 
 3 94 54 94 43 75 90 41 15 36 
76 12 45 21 76 12 16 20 43 31 
11 25 76 45 97 100 55 60 31 47 
69 99  3 40 37 42 11  1 63 47 
18 54 73 52 58 89 63 40 40 22 
90 32 92 49 99 20 43 16 95 11 
29 89  9 49 15 81 27 70 15 99 
79 25 82 61  4 41 24 92 39 43 
46 51 50 42 47 97 51 85 22 72 
27 30 93 33 84 43 66 61 96 93 
 6 100 58 66 23 15 46 39 94 41 
17 73 62 29 40 76 85 33 69  5 
22  8 81 74 74 18 84 85 28 35 
