10 20
28 40 25  9 92 73 61 85 24 46 
48 28 73  2 36 35 60 44 77 57 
 7 57 77 50 26  9 77 100 33 51 
56 20 79 52 49 57 18 65 76 24 
90 93 41 23 55 71 11 15 52 13 
18 70 86 66 17 17 46 80 49 15 
43  1 67 61 93 84 100 53 49 58 
63 11 72 57 100 52  4 46 91 49 
 6 60 88 32  7 100 98 59 99 96 
72 63 75 38 85 31 74 68  4 72 
46 36 57 37 22 67 90 39 53 79 
10 98 79 21 70 61 89  3 86 24 
40 39 57 41 15 33 73 49 77 18 
57 27 45 28 46 19 18 71 94 33 
44 77 28 61 42 22 45 23 49 42 
25  3 59 46 97 25 78 12 24 78 
12 30 40 75 56 68 48 84 59 61 
10 56 48 89 40 93 57 64  4 93 
63 22 24 39 86 28 61 22 98 10 
78  5 21 11 63 37 61 24 62  6 
