10 20
91  2 68 14 62 71 48 39 10  5 
88 43 68 62 47 16 46 94 100 14 
41 39 16 10 18 19 74 62 91 15 
37 79 25 21 73 64 32 13 33 37 
69 41 14 79 39 71 15 54 33 52 
21 59 70 14 79 51 79 91 32 94 
 6 90 53  6 81 78 95 15 71 35 
46 80 52 69 46 57 76 98 70 17 
93 89 98 61 54 92 91 88 60 61 
89  2 88 50 55 74 61 86 26 13 
88 20 48 78 83 100 75 10 14 39 
30 76 90 69 74 13 24 14 37 22 
65  9 19  7 77 40 62  9 85 37 
50 44 21 34 69 28 36 11 71 87 
46 36 18 43 89 23 57 83 24 64 
67 57 49 50  8 60 92 64 40  4 
48 64 78  5 28 60 63 19 79 60 
21  3 41 86 85 96 84  8 78 83 
86  3 90 47 52 92 90 87 87 45 
76 83 72 81 41 48 82 19  9 21 
