10 100
48 53 34 55  3 13 25 21 30 32 
19 41 18 48 43 67 59 82 28 85 
64 79 78 16  3 26 30 16 82 14 
72  6 48 34 37 27 38 67 19 70 
85 74 37  4 43 11 68 28 47 99 
10 18 98 26 47 92 13 63 57 20 
32 20 64  5 46 43 84 78 25 12 
29 35  3  5 35 66 88 82 40 39 
59 77 100 14 36  7 100 50 36 85 
35 53  1 86 89 81 78  9 21 67 
38  7 22 32 47 83 45 80 63  4 
24 66  3 54 91 37 27 100 92 52 
82 72 53 97 37 55 93 85 30 52 
94 81 31 72 93 33 68 21 62 82 
73 85 21  1 13 21 61 92 11 26 
13 32  4 21 50 19 21 82 36 76 
47 41 13 77 73  6 14 17 63 99 
33 59 92 25 73 38 43 32 26 31 
26 14 98 39 35 71 23 100 29 30 
66 35 64 29 71 73 61 13 64 59 
42 42 82 19 37 88 60 68 77  2 
41 86 43 40 25 31 36 99 64 63 
80 95 10  9 53 10 79 91 76 26 
 5 52 36 32 84 20 37 28 35 52 
66 41  5 50 11 96 23 93 48 79 
76 24 23 18 11 21 27 52 70 93 
78  6 42 33 51 51 25 93 33 32 
38 92 68 38 41 89 39 88 99 71 
82 96 53 24  2 26 83 82 73 79 
95  6 41 93  3 79 21 29 77 13 
16 92 47 43 36 13 61 58 76 94 
70 54 73 13 19 18 19 30 83 33 
 2 14 18 12 81 24 48 52 45 89 
85 77 44 66 61 51 34 39 40 48 
62 44  7 79 15 26 66 57 98  1 
 3 53 39 10 79 93 55 94 73 34 
92 19 94 56 36 32 88 96 72 90 
43 91 29 83 48 41 65 75 65 70 
32 62 27 70 74 97 92 54 43 56 
23  9  4 83 80 14  4 63  8 27 
82 22 55  7 82 36 54 56  5 59 
50 28 62 50  8 91 31 17 55 39 
 8 47 28 57 97 74 27 44 26 12 
53 96 81 34 17 31 33 98 41 26 
35 98 43 48 53 45 60 85 75  5 
38 67 25 87 15 70  2 26 52 57 
44 59 62 75 23 70 25  3 79 99 
41 42 32 10 67 61 37 36 94 20 
76 95 96 98 73 15 39 42 10 90 
15 76 35 76 92 66 78 24 85 76 
93 92 35 59 65 39 91 90 93 73 
23 86 44 91 43 96 52 45 83 26 
73  5 50 20 25 37 98 39 60 33 
80 63  5 60 21 78 72 91 51 86 
41 49 99 82 45 99  1  6 14 78 
78 66 12 75 66 68 68 77 76 21 
89 25 76  6 12 63  4 24 68 86 
75 95 45 20 18 63 60 66 14 59 
62 44 73 73 70 96 97 38 99 15 
98 92 25 94 15 100 23 43  4 43 
87 86 48 50 97 68 88  2 59 52 
93  8 87 38 90 13 93 40 79 58 
71 56 65 37 54 83 24 50 55 26 
21  8 72 62 53 47 54 91 28 61 
78 24 82 84 27  9 23 66  9 23 
84 95 50 98 27 75 55 60 60 53 
 2 29 89 54 35 34 67 83 13 47 
68 30 84  9 75 39 38 52  6 13 
56 30 17 49  6 46 39 91 63 92 
16  1 68 40 81 87 47 56 19 67 
85 99 94 35 28 14 89 70  1 30 
78 60 37 23  7 30  4 39  8 87 
70 55  4 15 48 96 55 59 39 88 
 4 11 93 76  8 77 28 89 15 70 
30  3 93 28  4 52 68 47 63 30 
47 15 37 60 64 45 76 68 15 44 
77  5 50 14  7 93 91 87 58 44 
61 11 12 88  6 15 53 66 13 62 
99  9 94 95 73 58 69 93 82 25 
 2 37 24 73 86 91 29 10 54 60 
56 71 48 31  7  3 57 80 59 51 
13 16 54  7 26 12 49 36 93 26 
36  5 40 35  3 30 38 43 74 65 
66 53 29 13 42 50 100 100 58  6 
27 30 42 47 32 37 91 39 94 33 
43 57 32 16 100  4 57 50 19 40 
21 22 27 40 30 49 10 12 12 87 
56 51 61  7 16 31 20 25 34 65 
 4 69 59 59 29 67 56 88 79 28 
10 19 66 29 44  9 92 76 81 28 
51 58 58 12 63 90 72 83 81 98 
55 83 26 73 64 60 21 16 52 62 
21 11  7  6 42 57  6 28 49 66 
98 12 91 60 69  1 55 88 56 100 
 7 88 89 22 47 35 51 90 88  1 
14 17 64 66 23 16 53 76 43  8 
51 55  4 29 47 53 91 97 11 51 
96 79 77 28 88 79 90 83 93  6 
25 52 72 35 83 12 64 99  7 17 
94 66 99 47 74 70 92 65 46 84 
