5 50
15 36 88 57 10 
41 73 78 44 34 
61 24 27 15 44 
69 53 71 62 38 
81 38 30 78 43 
10 23 24 42 64 
 9 35 56 28 59 
54 41 32 13 17 
92 30 73 77 64 
42 13 55 87 51 
11  6 10 18  4 
78 33 25 44 37 
90 57 22 16 25 
82 48 97 13 54 
12 71 78  8 67 
73 92 18 49  8 
30 46 65 36 89 
22 100 85 88 13 
31 91 85 57 14 
91 10 100 79  3 
90  8 31 26 84 
 1  3 36 64 43 
88 85 47 85 43 
18 19 66 65 89 
20 100 75 15 95 
61 100 54 16 27 
 2 74 23 56 88 
82 38 97 23 21 
42 17 84  8 36 
88 27 73 59 74 
 2  7 43 94 24 
48 35 30 62 12 
77 57 34  4 87 
41  4 90 41 54 
28 28  2 33 73 
63 83 29 26 95 
88 12 66 21 43 
64 33 27 34 82 
29 67 79 39 83 
23 90 66 21 53 
32 81 19 27 76 
73  8  3 67 71 
83 85 89 40 21 
66 81  2 86 24 
 1 61 81 18  8 
41 90 25 47 89 
85  8 63 80 95 
97 69 33 70 67 
55 77 12  1 36 
100 57 16 70 64 
