2 100
 2 25 
58 98 
13  9 
 4 92 
43 55 
68 98 
56 26 
80 33 
48 39 
99 53 
40 83 
29 86 
22 90 
67 64 
48  1 
 1 26 
45 67 
25 59 
94 48 
72 45 
67 17 
67 55 
68 54 
16 100 
88 74 
 8 62 
21 11 
 1  2 
51 17 
17 87 
13 78 
14 19 
95  5 
62 32 
35  6 
18 13 
 6 64 
26 42 
65 100 
33 89 
90 98 
38 64 
74 46 
53 31 
66  9 
37 77 
66 40 
66 12 
67 35 
25 61 
41 96 
 7  7 
56 21 
 7 56 
47 81 
36 47 
37 35 
52 82 
50 29 
58 21 
85 43 
18 41 
88 90 
40 36 
73 93 
66 52 
 6 38 
59 31 
97 45 
26 34 
13 36 
35 98 
93 47 
60 43 
98  2 
32 47 
88 31 
71 77 
72 87 
53  4 
 6 78 
85 55 
31 62 
57 51 
 2 99 
93 75 
72 44 
83 12 
99 96 
38 63 
32 64 
49 76 
77  5 
73  8 
11 47 
40 15 
17 52 
56  7 
79 100 
91 64 
