20 100
18 69 67 70 64 50 100  2 23 25 93  3 85 94 47 66 27  5 70 25 
33 93 13 79  4  6 66 63 10 87 37 78 19 27 44 15 63 25 87 51 
37 51 64  8 78 15 20 83 39 24 12 76 93  4 39  9 53 34 75 14 
88 57 12 39 53 42 26 78 76 61 71 91 22 33  8 55 15 34 90 80 
 4  3 49 56 35 11 35 10 82 12  7 90 20  9 55 48 54 44 88 69 
87 88 63  9 51 60 68 86 74 84 78 30 38 79  1 12 42 81 49 31 
20 33 69 62 18 95 49 30 22 72 66 41 25 94 95 39  1 24 23 73 
91 30 81 19 44 17 96 76 29 50 57 22 26  8 47 63 80  4 46 69 
84 33 67 21 41 75 72 30 55 82 11 67 70 59 17 61 29 41 26 82 
65 26 60 32 48 15 50 100 63 42 95 65 85 12 86 31 71 45  1 31 
53 27 15 94  7 60 55 49 85 35 23 53 60 50 89 72 69  7 41 52 
36 33 38 51 84 52 99 80 60  6 84 31 56 98 61 93 39 70 85 90 
62 14 95 69 82  6 68 74 27 45 59 85 13 64 37 70 42 49  3 93 
59 13 95  5 49 91 66 47 55 44 39 24 30 65 62 99 84 11 59 55 
96 51 94 74 65 15 85 97 50 67 78 86 74 45 87  4 70 53 19 74 
39 49 44 13 21 78 80 66 30 97  4 10 15 32 86 76 35  7 62 46 
66 42 62 11 12  8 86 39  3  9 94 68 100 49 32 61 91 22 18 16 
75 53 86 27 28 96 10 42 87 50 28 26 68 92  3 80 73 78 67 54 
 9 84 17 48 48 64  1  5 34 45 31 15 85 65 22 18 77 67 34 72 
80 70 91 66 27 21  3 50  2 43  4 39 96 37  3  6 44 95 51 55 
77 45  2 32 77 34 54 77 87 24 21 22 43 24 93 89  4 30 79 99 
34 21 75 11 43 47 87 13 27 12 77 14 19 76 56 87 92 53 13 50 
45 81 25 82 78  8  4 90 92 32 97 44  4 75 13 84 84 46 24 22 
 1 77 72 38  7 68 22 29 81 98 28 21 50 43 58  8 26 43 16 79 
60 58 42 72 35 84 40 90 49 13 54 54  6 72 64  3 79 95 21 96 
70 47 35 67 12 47 80 99 10 97 41 84  6 33 69 82 34 68 73 19 
55 72 89 56 36 24 90 69 36 13 29 12 86 76 19 19 74 10  6 26 
 3 22  2 10 62 34 85 44 50 64 94 59 16 68 76  2 67 51 37 94 
34 73 30 22 45 39 99 47 95 95 52 75 73 35 55  6  6 29 95 36 
35  1 76  3  3 34 71 58 40 98  6 95 42 16  1 13 64 98 49 92 
 8 96 29 80 70 81 80 42 39 31 100 82 30 83 38 27 79 95 24 57 
30 62 59 98 59 79 29 52 94 13 25 83 62 36 13 20  2  8 40 56 
39 37 32 100 60 33 69 92 87 56  1 22 31 53 33 11 83  8 59 71 
48 79 47 71 61 53  2 76 96 58 61 72 17 87 69 99 41 97 61 69 
23 46 95 91 90 89 61 16  3 34 78 98  7 73 82  2 52  1 40 72 
53 36 71 79 15 21 96 54 29 75 23 38 12 44 67 57 81 47 39 53 
 1 38 57 86 52 53 23 77 92 90  3 96 92 19 54 55 78 27  4 42 
74 98 67 39 85 68 93 33  1 94 54 24 32 51 91 17 84 95 55 54 
64 25 100  2 78 38 95 58 69 98 38 65 19 69 70 31 58 43 91 100 
78  7 65 11 57 97 18 78 53 44 24 99 43 47 73 95 53 19 83 15 
71 58 25 22 64  7 97 77 44 39 80 12 57 42 75 11 12  9 84 40 
10 59 28 91 65 84  9 30 49 24 91 73 66 22 90 28 27 21 31 53 
75  4  5 37 60 69 35 90 10 33 54 33 18 62  8 43 58 45 37 45 
42 16 97 48 26 91 52 54  6 49 47 16 97  9 21 26 58 53 95 48 
54 94 66 31 29 40 47 67 38 67 94 87 34 98 80 69 66  3 57 73 
 9 20 64 79 47  8 30  6 68  9 41 57 46 68 85 93 19 21 18 15 
58 25  7  4 74  1 18 22 96 12 78 46 68 20 61 45 32 12 72 79 
20 35 41 77 77  2 47 55 100 88 54 26 94 87 95 13 69 21 15 21 
47 99 72 51 62 99 82 64 24 41 47 46 23 76 39 11 63  1 86 17 
20 53 46 50 38 47 27 36 89 23 94 77 39 32 44 96 56  6 29 94 
83 15 81 83 39 87 62 73 99 12 25 95 51 46 74 62 27 58 33 67 
 8 19 95 12  9 81 30 23 93 76 33 88 29 49 38 65 46 44 67  4 
52 23 27 54 84 15 49 82 84 15 45 73  5 75 58 61  6 35 50 45 
76 30 94 21 81 56 71  2 48  5  7  9 43 74  2 88 64 15 86 69 
40 15 16 29 19 12 86 33  4 40 63  2 58 91 77 98 28 98 89 31 
92 12 51  6 75 100 33 62 13  8 12 48  4 41  9 12 20 42 64 35 
22 95 13  8 56  5 94  8  3 13 79 49 22 36 64 53 40  9 62 20 
27 59 72  6 51 53 53 59 87 38 62 30 94 31 25 74 63 53 83 18 
69 44 62 56 68 55 52 93 86 91 36 26 84  9 97 41 92 40 98 64 
22 75 71 42 26 54 51 61 30 79 65 69 47 34 87 37  4 87 57 92 
15  4 68 89 64 16 15 90 92 53 68 65 88 37 65 64 40 79 33 23 
70 33 35 30 57  2  6 10  3 55 61 95 43 81 33 32 79 48 80 41 
45 19 64 74 44 81 30  7 79 74 68 77 15  3 54  2 69 77  2 46 
87 33 27 11 81 46  9 89 62 80 13 36 95 62 51 93 52  3 58 76 
46 81 72 29 69 95 12  8 37 56 29 56 95 92 61 49 45 40 55 98 
48 95 32 72  3 86 85 17 49 22 43 68 74 38 22 70 16 41 31 76 
81 24 93 55 61 31 19 61 79 44 82 88 72 46 66 78 35 45 37 99 
66 44 13 34 25 29 97 28 79 33 69 42 30 77 10 48 82 98 54 37 
24 50 90 40 67 28 11  8 82 38 77 27 59 31  5 30 19 42  6 77 
84 51 68 76 14 20 22 15 82 38 10 58 91 22 44 13 98 52 57 64 
79 42 22 96 92 45 33 25 77 46 26 11 22 75 79  3  2 52 49 35 
12 29  3 86 35  4  5 34  4 29 91  5 99 44 47 19 73 49 38 74 
85 15 62 34 16 63 31 63 45 54 78 60 63 67 88 28 80 95 95  4 
95 43 99 53 97 91 86 26 36  9  5 35 69 19  3 87 95 59 96 47 
66  2 12 38 90 35 36 82  9  9 86 71 31 69 32 58 67 65 21 68 
91 58 100 76 57 83 60  3 83 48 96 80 55 94 70 19 44 62 48 60 
84  7 42 17 84 20 50 92  7 48 86 35 99 56 57 90 11 57 16 52 
82 81 88 26 60 69 68  2 96 93 46 51 33 94 46 73 27 13 74 82 
 6  8 18 57 14 13 39 67 16 71 86 95 51 81 66 42 10 65 69 16 
 2 65 21 55 11 60 96 71 64 17 59  2 31 71 76 34 92  6 92 20 
33 68 36 47 91 27 33 46 84 10 61 62 28 12 11  1 75 94 75 76 
56 75 25  9 55 81 68  6 63 62 40 88 86 59 80 37 60 81 98  6 
 4 23  4 61 83 41 77 49 99 46 63 50 98 78 71 17 15 97 90 47 
35 40 94 13 57  1 55 86  8 58  5 88 15 61 17 20 67 24 56  1 
37 55 93 74 94 67 30 82  9 33 50  4 53 63 56 32 33 30 40 62 
19 24 95  6 78 23 24 98 23 23 74 96  5 93 83 25 90 28 100 55 
 1  6 57 56 97  2 72 77 54 57 90 82 14 85 83 58 21 11  1 35 
63 52 65 30 10 88 45 66 89 58  9 86 50 86 50 20 15 59 75 16 
23 86 63 74 82 94 62 26 76 23 51 34 52 95 79  2 58 15  5 23 
93 94 36 82 40 72 53 11 51 20 78 70 96 17 55 43 30 65 44 30 
85 27 24 60 63 49  8 99 68 44 50 75 54 56 37 59  6 66 21 90 
26 49 76 34 74  2 45 30 91 72 59 94 80 21 85 56 58 36 16 64 
32 53 56 13 54 76 41 61 67 35 80 56  9 54 47  7 88 48 57 66 
70 74 54 58 89 53 51 12 65 73  9 16 34 26 36 48 79 13 64 41 
 6 18  9 96 80 24 17 35 85  4 31 47 54 58 98 32 63  8 77 39 
66 54 86 38 24 56 32 76 100 67 56 56 17 59  8 60 78 54 50  2 
57 14 90 74 66 18  3 27 72 20 30 17  9 43 25 34  3  5 93 70 
 9  6 47  7 99 99 60 31 32 84 16 92 57 98 46 74 63 60  8 72 
 8 50 29 43 54 19 16 66  1 26 10 68  9 10  2 64 68 81 15 72 
99 64  4 40 23 95 66 52 58 49 58 80 96  5 87 87 29 46 33 79 
