20 50
69 99 64 22 59  3 38 50  8  2 55 32 23 18 23 76 98 88 78 86 
95 61 47 95 72 45 87 56  5 23 77  7 97  1 83 68 43 20 73 73 
94 67  5 32 12 59 42 29 91 34 48 46 42 20 21 27 88 28 75 72 
58 98 25  6 98 54 36  5 52 45 81 47 75 90 74 48 17  4 46 46 
66 90  3 52 86 24 38 58 93 46 20 47 24 49 50 57 95 30  1 68 
72 94 31 32 96 46 60 21 39 13 60 73 21 36 50 77 81 86 76 80 
90  4 51 56 45 96 37 70 12 76 50 34 51 51 47 18 80 63 78 32 
84 45 39 33 27 80 43 48 25 16 18 95 29 57 70 69 49 30 71 29 
19 97 55 11 67 87 46  1 87 50 88 70 33 54 98 54 94 75 29 28 
28 26 18 16 11 67 66 20  9 89 19 99 36 13 76 22 84 24 43 15 
42  2  7 64 47 28 30 19 83 96 54 24 24 42 96 93 64 26 87 16 
62 83 77 36 77 100 27 93 81  3 13 94 59 31 48 40 70 99 28 70 
88 78 30  7 35 87 58 74 91 100 59 78  8 83  8 32 32 51  1 66 
 9 83 51 50 26 79 76 11 28 49 83 66 79 78 99 85 38 41 72 76 
65 98 59 20 44  7 45  8 65 82 89 40 93 68  7 84 13 85 43 70 
78 16 28 50 88 99 71 31  6 67  6 26 96 55 93 21 68 85 92 26 
20 54 23 28 37 82 24 95 66 59  3 70 17 71 77 37  2 20 53 82 
82 80 97 17  4 91 50 26 51 61 70 95 39 54 29 79 54 60 19  1 
74 47 81 27 55 42 59 68 41 71 97 51 33 19 53 29 14  4 91 92 
84 50  2  1 61 89 46 23 36 84 18 83 76 84 65 94 27 67 10  5 
59 56 22 19 94 50 28 27 10 21 27 83  6 45 22 54 75 82 70 78 
 5  6 45 90  5 72 95 69  5 36 37 64 54 30 43 95 78 15 97 84 
61 97 88 82 21 29 42 63  3  5 16  9 78 56 18 94 93 79 50 67 
72 76  7 19 53 68 68 88 100 67 47 51 42 25 81 92  7  4 13 51 
58 49 55 84 20  7 83 98 49 75 36  4 46 40 53 20  7 81 10 60 
35 41 44 41 40 88 14 37 100 29 94 18 73 43  6  7 47 79 79 88 
74 11 48 24 40 48 78 38 31 73 81 77 50 21 67 40  1 46 32 79 
35 61 10 76 76 56 75 32 48 21 39 34 26 58 98 41 47 36 91 98 
25 70 66 48 54 49 57 51 35 100 85 14 97 46 13 12 90 71 68 18 
84 32  1 67 71 50 98 40 86 70 52 29 38 68 59 83 45 26 31 21 
74 58 26 100 78 99 39 54 60 62 24 19 11 26 68 92 81 68 54 85 
59  4 66 57 36 19 33 95 24 49 70 30 10  7 70 97 13 26 44 40 
35 12 27 84 36 94 12  5 73 85 87 78 85  9 21 89 93 12 23 57 
83 56 16 86 35  3 81 37 11 37 25 19 87 36 85 54 96 81 41 53 
46 94 99 60 75  9 84 23 54 79 48 18 93 51 24 47 35 17 64 32 
82 95  6 52 22 22 33 80 22  9 27 39 32  7 24 23 66 72 91 15 
17 33 39 41 94 12 56 16 62 96 44 12 26 99 24 75 50 41 83 93 
36 94 40 22 73 26 36 35 11 86 60 31 25 38 17 33 31 39  8 32 
66 59 98 45 69 57 72 21 79  7 32 67 67 70 65 74  9 97 45 78 
19 70 44 99 62 22 74 14 77 11 85 84 82 52 61  8 95 71 71 21 
33 54 26 51 79 79 79 61  7 62 45 65 21 63 10 79 67 13 63 33 
100 90 14 88 87 82 100 40 62 31 90 91 67 89 70 50 76 62 21 59 
66 92 22  3 31 62 75 90 65 57 35 13 66 29 63 85 87 26 48 71 
61 92 45 52 64  9 23 41 26 10  6 14 70 38 88 89 28 85 16 54 
24 99 46 63  9 58 44 21 79 90 52 62  5 15 56 78 46 19 29 18 
30 23 82 16 56 12 74 68 93 32 62 20 18 32 24  1 75 23  5 87 
85 24  8 78 35 53 15 97 100 66 92 81 72 59 66  1 77 77 26 19 
95 28 67 80 77  5 42 54 56 53 96  2 67 65 72 20 24 100 24 15 
72 14 56 66 80 75 14 30 96 33  7 44 21 60 58 85 32 12 43 32 
31 53 89 27 57 18 27 14 40 12 78 85 66 54 89 53 87 16 68 68 
