20 200
34  1 24 87 29  3 44 33  5 94 44 81 45  7 83 60  5 19 24 66 
35 30 90 16 37 78 96 81 85 78 54 24  2 77 78 71 100 100 71 56 
60 54  7 75 22 18 34 56 47 75 16 59 77 39 25 78 64 46 89 79 
 3  6 91 97 56 26 66 44 13 20 36 87 96 19  3 58 67 39 27 90 
47 68 82 32 73 62 32 59 94 80 67 10 53 32 32 52 54 78 20 57 
57 39 86 80  3 79 46 95 37  6 14 16 61 88 23 34 92  5 99 81 
70 62 59 13  8 22  5 15 21 89 26 43  3 71 90 12 29 18 17 42 
18 23 94 42 10 52 40 98 78 95 92 77 89 54 11 98 13 46  9 41 
27 84 59 44 34 12 12 79 92 51 55 83 69  8  8 10 69 71  1 61 
60 35 57 74 66 37 82 100  1 93 52 49 72 82 54 82  4 75 60 80 
26 47 43 19 97 81 23 59 20 92 27  8 71 13 42 73 65 20 63 61 
10 76 74 59  1 77 16 53 38 54 14 85 58 44 88 11 75 53 19 96 
 1 50  9 77 36 62 77 14 50 69 79 57 50 17 59 76 94 37 88 51 
73 73 76 81 66 71 39 64 80 21 48 13 53 11 42 53 84 62 97 28 
11 36 57 92 41 34 71 49 25 65 24 60 96 45 97 28 49 67 84 100 
59 78 56 74 20  9  6 89 75 94 28 10 60 100 52  2 21 38 66 33 
15 54 16 26 33 63 30 13 66 80 35  5  2 92 57  9 74 59 66  2 
60 61 11 72 17 63 57 52  4 62 25 83 41 56 22 18 90 28 83 23 
49 87 34 26 33 22 49 53 39 41 28 67  4 94 76 82 77 71 23 59 
13 86 24 91 70  6  5 93 65 38 71 83 63 91 33 59 57 86 24 62 
98  8 44 67 26 88 33 38 12 29 47  4 32 51 39 95  8 76 71 100 
17 16 72 89 24 15 14 59 88 62 71 69 78 46 61 52 41 98 69 60 
31  7  3 46 17 57 16 78 83 98 84 81 86 25 55 55 18 96 70 56 
62  2 21 30 83 16 53 36 44 13 58 45 29 90 96 92 53 49 27 31 
84 93 15 19 16 40 61 32 54 35 19 79 31 100 23 47 17 41 18 91 
83 33 57 54 70  4 15 78  3 59 61 53 48 15 69 61 49 11 28 11 
55 32 93 93 86 26 35 30 95  1 28 45 16 95 39 26 29 52 56 66 
22 24 78 25 43 92 86 13 66 55 47 90 50 61 96 76 97  9 80 13 
100  7 42  7 22  5 90 76 54 92 11 51 59 62 10 77 81 18 83 61 
55 25 83 17 73 57 99 37 13 66  6 93 83  8 18 34 83 36 14 87 
34 100  2 17 41 78 96 57 70 65 92 42  3 66 81  2 45  9 58 56 
 2 34 30 100 73  6 32 70  2 30 20 38 21 48 15 11 35  6 61 80 
63 34 61 95 82 43 68 75 45 54 71 40  6 18 77 17 69 19 66  4 
71 96 100 32  5 69 74 75 75 18 62 36 14 79 31  8 89 32 95 69 
83 79 50 80 45 62 29 88 15 95 49 25 93 61  5 58  8 66  3 17 
78 88  6 58 64 100 21 47 76 93 82 97 65 52 39  3 87 81 87 59 
11 84 57 31  9 32 94  4 59 42 15  3 53 65 58 27 29 84  6 36 
45 12 79 89 33 53 88 95 90 27 53 46 52 24 45 99 41 95 55 45 
99 86 69 27 50 44 66  8 50 27 29 83 25 25 72 16 46 33 67  1 
25 35 58 11 49 18 72 15 72 31 27 47 24 65 10 93 10 98 80 25 
 5 93 81 51 46 57 87  1 13 72 58 86 37  6 15 44 15 52 29 33 
65 23 92 54 29 47  6 99 55 59  1  3 100 49  5 42  5 94 59 52 
23 16 77 51 91 79 85 46 62 64  1 73 96 59 41 45 56 88  4 89 
63  2 33 75 46 58 93 68 79 20 43 93 83 87 56 77 55 80  9 45 
93 76 28 38 14 51 71 33 61  7 62 86 22 13 13 13 52 17 90 46 
22 25 62 57 85 56 44 76  2  9  4 66  5 49 11 54 95 51 29 85 
24 55 88 80 78 50 92 43 37 39 64  5 70 77 22 84 74 10 21 28 
 8 54 71 71 97 91 74 58 99 20 46 32 18 87 35 52 47 60 51 52 
22 84 59 29 71 85 19 61  5 53 23 13 26 13 64  6 37 70  5 70 
79 81 62 71 44 52 43 39 48 47 46 26 49 87 89  4 12 35  8 84 
53 94 40  8 57 21 86 26 69 47 25 82 36 87 88 71 47 65  6  1 
49 33 82 61 16 83 28 45 10 89  7 65 40 94 78 80  7  5 51 93 
48 23 62 63 81 27 14 12 75 35 97 51 100 77 58 78 44 31 53 85 
 2 34 37 18 18 70 20 79 84 77 95 87 41 16 23 37 70 17 91 47 
 6 75 36 15 34 84 72 69 74  2 81 52 76 43 61 58 51 84 67 24 
25 68 76 64  9 64 57 24 77 17 66 45  4 73  3 47 67 94 96 94 
84  3 42 63 24 21 87 27 98  1 67 83 42 74 66 77  2 27 57 22 
86 85 22 17 84 45 31 40 41 72 25 26 30 82 77 53 73 89  9 79 
85 28 22 71 26 48  6 97 21  4 32 36 89 11 16 36 19 88 66 100 
54 29 36 27 74  6 92 25 99 45 48 21 24 86 45 41 25 51 70  2 
14 60 57 93 75 65 32 26 56 40 83 55 55 44 90 40 60 95  3  8 
54 71 53 49 67 11 79 90 76 93 64 65 70 41 45 13 63 70 63 27 
49 13 35 49 99 29 67 40  5  9 36  9 88 21 40 45 84 33  5 73 
 2  2  5 69 88 84 55 55 31 86 32  3 42 43 42 73 49 76 30 49 
47 43 98 77 53 51 83 27 16 90 79 52 34 90 21 69 85 80 89  5 
33 32 88 20 91 37 90 96 22  7 77 82 89 77 97  4 96 56 82 34 
65 69 45 36 57  7 54 69  5 82 32 27 34 89 15 41 99 97 43 50 
43 99 82 68 93 45 69 84 71  6 82 89 93 99  7  5 22 77 87 43 
93 33 95 53 46  2 43 60 10 85 63 84 19 34 51 86 31 84 28  6 
42 77 38 82 29 65  6 50 72  3 53 32 78 80 100 90 59 67 89  4 
 2 25 60 23 84 36 57  2 56 71 38 19 10 60  7  8 47 13 18 88 
91 96 35 59 28 81 85 77 70 18 29 17 38 52 23 74 98 37  3 82 
41 15 36 38 75  1 59 87 12 99 48 40 41 10  1 62 79 60 80 62 
91 12 87 89 84 98 69 15 89  3 21  5 14 13 76 34 43 49 81 45 
84 13 30 39 58 54 67 87 97 97 79 42 80 55 89 100  6 38 71 93 
14 45 48 56 57 66  6 50 93 94 93 44 36  6 71 65 81 91 11 26 
 1 60 24 20 99 69 43 47 34 67 54 77 75 71 41 53 94 93 27 27 
18 86 94 65 63 50 75 58 78 65 85 73 51 63 71 24 37 78  1  5 
71 25 56  2 16 70 31  4 66 56 92 88 19 18 46 85 11 31 74 76 
68 100 81 88 32 52  4 27  2 70 77 63 78 19 51 45 26  8 36 64 
24 78 67  8 26 88 49 74 57 68 22 69 21 19 72 72 48 27 62 43 
61 66 32 45 12 92 34  8 30 32 32 60  2 12  8 52 46 65  7 75 
27 69 59 30 41 19 43 73 72 20  5 15 76  9 24 23 50 27 26 37 
79  4 72 94 75 69 64 14 89 64 68 64 35 68 68 42  1 23 14 96 
40 43  6 48  5 10 80 72 100 92 11  6 74 71 25 41 16 93 44 51 
55  1 47 49 34 82 26 83 64 18 25 83 54 56 95 65 36 100  9 24 
22 88 66 29 56 96 10 38 51 12 54 58 97 79 92 54 56 13 45 39 
73 44 31 82 53 14 45 50 31 25 33 47 98 48 49 61 74 51 68 45 
27 79 96 68 54  7 79 89 98  6 55 96 43 96 66 45 93  2 71 86 
65 28 39 22 34 100 81  8 50 75 21 23 15 58 98 78 50 13 86 47 
52 17 100 84 66 48 40 38 61 93 57 82 36 58 75 81 17 44 80 74 
100 78 90 17 93 84 77 39 100 45 39 34 80 34 48 18 82 95 42 34 
 4 98 77 19 91 94 14 68 22 90 92 86 36 99 72 98 49 56 93 42 
63  9 80 94 64  1 35 53 10 33 98 32 73 71 18 28 55 82 27 28 
25 29 55 30 57 38 81 31 37 94 98 87 86 100 22 22 45 22  8 65 
 4 38 72 98 52 63 94 75 25 45 78 63 68 72 97 80 30 41 59 85 
33 19 89 81 47 21 26 73 25 87 14 17 82 12 50 23 11  6 76 28 
88 21 46 24 79 69  1 55 48 47 71 33 10 57 55 85 20 30  7 87 
42 30 96 46 72 69 77 90 59 79 53 74 63 95 33  5 89 33 68 48 
89 41 40 18 35 51 21 84 61 30 84 41 77 73 72 36 48 82 67 29 
71 86 37 46 46 60 31 35 65  1 77 47 67 16 28 40 44 38 32 97 
39 71 24 52 87 24 82 95 32 50 43 44 87 37 80 35 74 96 75 63 
14  8 30 96 55 91 76 13 65 10 67 25 47 11 17 58 71 91 48 55 
53 20 62 98 55 66 15 97 90 100 90 97 58 34 32 10 87 55 56 97 
37 94 92 73 48 12 69 64 77 20 56  9 48 72 56 48 61 16 46 75 
86 88 71 62 19 65 58 24 87 65  2 71 32 86 35 35 69 74 57 79 
56  9 82 77 50 60 26 78 24 53 11 77 19 83 63 92 99 13 95 99 
34 60 48 55 26 35 18 99 72  1 62 18 51 36 65 97  1 66 36 77 
48  2 53 15 18 48 49  9 27  6 73 24 81 81 54 92 58 31  2 72 
70 43 30 47 63 14  6 29 34 81 93 58 19 57 21 38 25 84 66 37 
72  4 88 96 79 48 32 63 41 67  5 38 67 69 23 34 43 42  4 36 
43 20 33 16 10 61 27 75 89 89  5 97 35 83 93 39 96  8 31 99 
63 65 43 11 74 77 51 21 75 60 45 56 70  3 69 98 44 54 50 39 
96  4 75 42 95 69 51 19 59 67  6 92 66  4 52 14 48  9 56 39 
65 48 32 17  3 19  1 47 74 17 44 69 69 39  4 63 49 69 58 48 
59 40 44  7 97 54 41 54 34 54 39 19 48 17 73 96 93 78 96 39 
20 31 66 72 79 48 45 68 67 34 82 27  2 32 53 86 31 23 87 22 
35 84 95 36 19 91 94 73 93 88 71  1 74 11 31 54  6 94 25 17 
 6  7 64 63 72  9 93 83 45 42 11  1 53 92 62 26 65 42 90 11 
92 64 19 15 61 67 37 77 57 41 58 43 64 91  4 11 26 39 25 88 
47 15 81  4 70  4 12  2 86  9 76  8 96 78 88 14 15 43 68 93 
88 79 50 60 91 52 64  6 96 37 100 26 32 92 76 24 69 91 87 15 
72  2 18 74 86  5 92 29 53 67 61 96 30 20 56 87 37 11 38 62 
92  1 67  6 60 44 37 58 55 55 58 44  1 25 94 80  8 66 16 76 
96 22 66 14 59 11 32  7  5 100 66 42 25 94 57 40 86 97  4 57 
 9 90 31 69 86 57 63 39 55 16 67 66 77 62 31  1 38 38 81 84 
65  6 57 70 89 30 47 100 91 54 56 43 24 98 65  5 85 82 88 84 
49 19 75 27 68 21 31 100 59 55 39 98 50  2 70 34 83 35 79 13 
62 40 72 76 93 44 94 98 98 45 78 15 31 41 13 51 46 48 98 66 
39 87 49 41 57 78 77 20 89 47  9 22 21 36 11 11 51 94 79 89 
78 25 91 38 19  7 66  1 86 88 65 98 72 49 34 72 80 66 43 93 
50 81 97 65 39 33 52  2 80 84 15 22  1  6 45 95 37 10 68 30 
84 89 41 95 57 41 78 33 55 29 35 96 16  7 16 21 14 61 36 13 
27 35  7 91 83  3 99 89 13 75 10  3 33 72 54 71 11 11 25 35 
91 68 10 98 43 63 73 29  2 78 88 22 12 72 96 66  1 89 52 18 
59 87 21 51 62 87  8 17 21 16 76 63 46 47  4 21 42  3 77 43 
20 47 11 55 71 30 49  7 62 28 47 18 24 69 70 71 16 63 73 17 
38 56  1 32 91 90 27 31 57 16 77 91 32 13 36 26 62 53 33 19 
18 35 70 34 49 12 97 17 84 76  5 49 52 73 61 57 65 34 13 46 
74 13 70 65  4 21 71  5 96 30 60 82 56 81 20  3 22 94 27 33 
40 38 32  2 27  7 67 24 71  3  7 94 98 84 46 100 32 19 57 29 
 7 83  3  5 69 61 19 38 58 78  8 18 28 57 55 82 44 76 94 38 
78 31 10 22  2 35  3 53  7 74 67 91 59 97  4 13 47 56 71 64 
67 26 41 25 17 37 18 45 34 87 36 42 28  4 55 56 14 10 76 17 
67 86 14 69 22  1 29 44 62 24 72 69 87 75 10 41 17 41 21 10 
86 37 63 49 46 52  6 92 77 70 61 78 80 42 86 80 49  3 96 60 
91 39 28 22 17 54  3 31 17  1 60 32 61 64 20 55 68 99 82  1 
20 94 43  3 43 79 58 22 99 44 82 14  4 19 12 100 61 74 53 21 
98 21 95 57 62 34 48  5 24 36 25 10 15 11 34  7 94 79 46 68 
37 45 84 43 17 47 86 22 58 93 33 44 78 75 11  4 41 62 86 64 
93 31 89 12 86 22 83 89 76 26 39 12 19 45 84 96 89 40 38 56 
70 75 69 68 16 92 99 84 59 51  4 87 89 95 21 63 41 55  7 73 
81 16 70 41 50 47 69  8 55 30 36 12 47 86 49 73 88 87 55 36 
69 69 87 56 95  2 17 22 59  9 31  2  2 85 84 30 26 12 100  4 
11 93 47 93 25 70 14 14 94 72 61 60 74 33 76 84 42 20 69 44 
88 62 93 15 37  4 16 81 56 62 28 20  2 49 44 15 27 50 38 54 
58  8 88 45 41  2  2 85 100 34  8 17 33 38 75  3 52 34 49 10 
 3 96  6 20 17 87 61 99 81 28  4 35 77 43 45 87 94  9  5 63 
81 45 83 72 57 65 21 63  5 55 67 54 95 92  7 87 76 99 35 72 
71 96 39 64 18 41  1 24 23 92 60 88 56 42 15 100 57 59 60 52 
19 94 47 74 100 88 81 72 90 38  1 59 33  1 95 88 79 41  5 26 
20 21 85 60 65 64  2 56 93 74 91 34 34 78 35 90 59 96 50 25 
69 85 60 61  4 82 20 32 38 91 41 59 33 55 44 48 50  9 28 37 
98 84  1 38 24 34 62 17 28 86 65 77 84 25 48 45 72 37 52 98 
 2 20 70 39 74 45 95  3 58 80 67 37 58 55 94 74 10 48 30 35 
40  5 73 34 80 38 16 23 35 39 29 53 99 100 18 97 57 12 64 55 
18 62 40  7 81 45 18 85 82 63 67 60 94 68 97 66  9 49 17 15 
64 21 16 74 35  8 12 25 10 74 56 36 80 91 98 31  3 75 36 99 
28 56 42 93 90 63 63 90 34 72 73 49 82 95 86 51 57 91  2 58 
16 75 64 52 50 10 43 53 55  2 28 18 53 55 12 68 34 48 49 80 
50 30 67 31 68 80 89 70 83 43 10 60 37 55 47 13 15 13  9 99 
69 52 90 55 81 75 53 32 73 100 20 24 97 65 48 37 71 60 42 58 
70 64  9 99 87 67 33 37 94 17 36 11 47 56  6  8 17 33 27 24 
71 77 45 95 64 23 56 29 55 80 81 40 56 14 98 68 100 37 29 71 
 4  1 44 40 18 86  4 39 65 41 45 37 46 19 38 92 78 32 75 29 
26 88 25 65 74 48 87 53 82 95 64  2 75 46 41  6 83 28 91 65 
42  8 58 68 83 95 99 39 20 83 97 48  2 70 51  2 50 61 90 62 
93 14 41 97 59 13 21 63 25 69 61 99 88 87 55 35 58 77 75 74 
71 14  6 31 80 65  7 69 10 14 82 60 62 41 60 72 71 15 98 32 
19 28 39 36 83 56 56 72 50 19 35 44 37 84 21 91 24 74 99 14 
97 15 59 82 77 28 31 75 37 39  5 21 74 18 15 47 74 93 58 27 
76 20 97  2 87 70 97 82 34 93 69 38 38 43 94 62 36 86 81  5 
44  9 73 95 59 23 59 93 85 83 94 46 79 38 23 72 65 22 41 90 
13  5 92 13 100 34 35 75 80 54 98 41 63 17 95 60 45 59 72 55 
80 64 23 11 10 13 23 59 84 22 81 26 31 17 93 27 67 23 27 99 
100 16 56 54 69 63 78 100 72 93 93 74 71 42 64 10  3  9 49 84 
16  7 43 100 51 10 97 35  1 14 12 43 18 28 85 29 28 45 85 65 
83 52 69 46 65 100 56 20 45 56 77  1 88 52 54 18 35 43 58 16 
100 93 87 37 15 15 83 78 58 39 10 42 22 19 70 36 94 73 50 49 
39  8 66 92 48 69  8  4  7 75 87 46 43 41 44 83 15 14 63 55 
37 83 84 39 83 76  6 48 37 78 99 37 72 83 39  1 57 50 88 29 
20 30 41 71 34 93 14 42 92 62  5 93 89 41 67 77 20 75 80 35 
28 13 97 69 44 42 48 31 39 62 55  8 32 70 22 19 95 29 67 83 
11 48 87 87 45 22 94 76 37 57 38 82 100 20 16 72 48 66 80 64 
31 17 66 25 36 61 34 30  6 12  3 48 85 69 36 95 65 50 68 75 
16  9 16 33 80  4 69  3 47 99 29 46 97 89 77 34 82 74 11 25 
21 85 33 82 83 74 85 81 77 32  1 47 24 41 16 99 64 23 37 90 
28 79 50 88 47 78 65 39 21 35 97 56 43 91 15  3 56 78 91  7 
98 23 25 87 87 66 74 46 49 48 38 24 46  1 100 71 81 61 68 13 
25 84 86 23  8 76 39 93 33  9 42 57 48 49  6 22 83 55 52 50 
