5 200
87 29  8 31 38 
66 24 89 39 54 
51 25 24 49 74 
79 18 38 48 47 
53  8 16 58 17 
44 70 40  6 45 
60  6 20 79 34 
42 64 44 66  2 
53 86  9 18 42 
31 72 17 30 78 
67 100 52 92  6 
79 92 95  4 46 
48 19 88  4 81 
76 91 86 90 72 
97 23 83 61 25 
32 95  2 57 16 
52 48 74 37 94 
37  8 22 37 73 
70 20 21 28 28 
71 30 11 89 52 
61 37 96  4 56 
51 66 27 30 24 
 6  6 84 86 72 
85 38 53 84 87 
52 21 69 48 16 
89 98 12 61 90 
82 21 85 31 69 
16 81 80 41 51 
 2 85 77 55 61 
77 56 31 23 20 
10  5 25 97 20 
76 66 23 54 49 
96 91 35 33 20 
20 64 90 33 41 
53 85  4 44 96 
22 61 97 88 54 
72 56  1 67 76 
15 30 64 42 98 
50 42 98 96 70 
 7 19 62 13 14 
17 41 30 87 56 
67  7 24 94 68 
97 17 62 74 24 
55 26 35 15 90 
36 42 43 93 78 
48 77 28 66 27 
59 19 72 54 73 
85 23 94 92 17 
13 19 14 62 40 
16 87 43 93 95 
26  9 23  4 88 
16 65 73 23 66 
33 56 79  8 27 
 8 91 91 42 48 
60 90  3 17 49 
35 76 78 99 46 
64 22 23 58 29 
94 12 97 11  3 
78 29 23 75 30 
54 78 12  6 20 
19 15 13  1 26 
27 69 53 44 84 
27 86  3  9 78 
44 53 61 99 66 
82 88 36 15 98 
81  5 83 52 23 
54 40 29 25 14 
97 99 77 70 50 
61 20  6 55 30 
 4 94 21 46 48 
 3 77 64 12 85 
61 14 88 19 58 
98 52 37 72  2 
98 99 51 91 15 
60 56 90 21 18 
61 79 88 41 83 
63 24  9 26 19 
92 16 35  8 23 
30 44 55 59 65 
33 14 31  1 100 
21 22 50 45 43 
97 18 90 36 82 
 5 44 80 67 45 
37 77 44 20 90 
46 79 72  6 48 
50 35 45 54 94 
66 29 30 55  8 
 2 21 82 15 98 
62 33 15 67 61 
27 20 98 96 76 
61 47 94 75 66 
95 79  5 40 100 
15 42  5 88 88 
83 87 48  2 43 
72 10 86  7 54 
16 100 59 64 100 
69 78 21  6 22 
53 54 87 54 58 
83 39 83 81 48 
 3 44 26 26 80 
20 23 70 98 46 
 2 85 47 48 70 
70 31 95 62  6 
74 66 66 20 25 
85 60 62 91 43 
42 30 12 100 43 
44 70 68 83 57 
29 37 72 96 86 
65 97 93 27 67 
73 28 36 81 70 
17 47 91 88 95 
81 98 98 95 47 
75 64 13 46 22 
29 44 57  9 92 
69 94 87 82 39 
55 96 19 47 39 
83 26  3 74 56 
60 94 34  2 70 
 7 54 98 75 39 
98 41 54 96 51 
96  8 17 86 73 
94 83 88 97 57 
15 31 32 39  5 
84 15 86 77 50 
13 60 64 79 17 
57 36 30 23 97 
21 51 32 80 81 
38 41 93 66 45 
42 52 14 35 41 
65 57  1 28 40 
 8 69 26 47 29 
52 100 72 39 42 
29 82 22 99 52 
48 61 79 29 44 
79 42  9 47 83 
99 10 73 98 28 
26 16 79 80 93 
47 85 35 17 66 
75 32  5 12 37 
45 35 79 89 36 
57 22 19 16  7 
25 46 14 92 40 
19  9 98 35 55 
84 57 30 60 63 
28 44 61 33 14 
73 52 64 74 12 
35 68 17 97 41 
22 76 74 92 39 
33  4 25 74 77 
 7 47  8 29 12 
 6 90 68 94 64 
58  6 26 32 41 
 9 44 20 52 92 
48 64 85 22 20 
29  5 32 73 78 
17 22 70 89 92 
91 58 64 27 47 
83 91 64  1  5 
86 83 19  1 73 
 8 82 27 69 80 
55 84 11 57 94 
100 73 87 48 31 
55 33 51 49 49 
12  8 12 53 33 
43 92 54  2 98 
 5 68 54 63 54 
63 96  4 30 15 
16 53 35 81 17 
85 14 90 56 84 
 8 13 76 74 56 
 5 42 53 70  3 
87  2 58 79 38 
67 82 96 34 31 
22 34  8 65 62 
74 69 34 49 23 
52 97  5 41 53 
71 35 65 71 43 
62 39 74 65 10 
89 11 34 95 52 
81 41 69 93 15 
75 54 37 88 25 
87 54 72 75 77 
61 94 51 95 25 
76 70 76 63 44 
90 97 20  9 19 
10  5 62 72 65 
79 60 34 71 76 
87 49 91  4 67 
78 91 96 71 90 
69 79 69 17 95 
 5 64 30 64 58 
46 77 70 25 91 
69 100  5  3 57 
86 43  6 89 74 
25 78 86  6  8 
 5 27 75 36 44 
29 94 99 44 74 
55 71 58 89  6 
 2 73 67 55 82 
11 75 12 100  7 
