5 200
65 63 20 63 87 
 2 46 66 91 57 
 8 97 47 98 54 
 8 25 14 74 87 
60 20 99 17 66 
53 86 56 10 76 
54 13 50 77 63 
38 97 48 44 92 
42 15 50  7 36 
60 50 35 100  2 
80 64 52 41 86 
14 54 65 50 29 
54 31 60 66 25 
67 57 26  9 84 
63 88 23 65 78 
17 88 34 54  4 
19 87 86 67 25 
 3 22 15 85 91 
76 55 82  6 20 
 2 30 31 87 54 
68 66 75 54 14 
71  5 75 98 12 
75 47 30 10  5 
33 80 14 39 24 
36 85 28 76 53 
92 65 40 54 54 
42 41 80 93 78 
31 86 30 16 81 
23 10 47  3 90 
48 49 52 71 10 
42 23 49 37 94 
26  9 68 45 87 
76 60 95 79 11 
97 17 59 81 75 
 3 99 32 31 35 
11 27 89 45 11 
10 77 59  4  1 
 3  1 78 85 73 
77 28 35 100  5 
 2 24 13 94  6 
58 63 14 63 96 
57 95  6 100 62 
77 56 43 52 34 
65 76 77 88  7 
45 91 100 24 55 
21 74 19  4 86 
28 92  3 99 65 
100 56 45 56 98 
12 74 57  8 79 
24  5 81 29 58 
66 59  5 10  4 
89  7 47 17 55 
54 89 74 67 94 
88  4  1 19 74 
37 30 57 66  8 
47 76 89 30 41 
71 74 30 66 37 
16 76  2 13 100 
39 45 49 62 38 
66 96 82 96 81 
13 32 68 98  2 
59 55 37 47 19 
65  3 79 82 37 
97 28 17 86 67 
65 81 83 99 91 
17 11 52 27 18 
74 26 18 54 25 
11 98 66 46 89 
32 43  8 75 27 
17 33 31 63 57 
36 85 77 62 87 
 2 14 92 37 68 
 5  3 26 15 31 
 6 57 76 48 52 
54 99 32 94 45 
19  1 40 40  3 
19 62 77 94 86 
78  5 17 74 97 
32 19 72 93 52 
69 76 25  1 18 
76 50 40 55 64 
75 59 40  8 38 
46  1 84 19 18 
53 29 96 36 74 
68 39 34 67 32 
33 76 24 75 33 
50 51 42  2 80 
81 76 81 27 32 
36 69 85 32 29 
61 96 35 61  3 
 3 92 88 21 19 
12 69 11 28  7 
76 52 89  8 65 
86 79 66 82 67 
63 89 17 91 21 
71 19 38 90 71 
73 14 11 46 22 
47 84 23 33 45 
41 56 24 48  2 
41 64 93 84  3 
83 28 14 25 100 
 9 93 13 95 43 
63  8 95 81 55 
27 100 42 53 66 
96 24 88 34 98 
51 71 40 68 84 
24 54 62 67 49 
28 11 40 32 63 
 3 90 30 43 99 
29 30 57 82 79 
10 89 13 65 80 
40 55 86 18 62 
34 97 100 81 52 
68  3 72 83 79 
26 23 97 88  4 
56 28 46 20 12 
25 77 20 95  1 
20 17  6 24 90 
31  5 50 81 54 
75 54 66 24 50 
 3 38 97 36 21 
74 42 85 40  3 
89 55 21 74 93 
26 19 78 82 35 
86 60 24  4 65 
93 53 21 74 45 
62 18 50 84 76 
96 22 59 17 57 
39 85 24 88 82 
41 97  9 62 47 
61 95 70 94 86 
91 65  7 88 38 
54 66 96 96 98 
70 32  2  5 61 
 2 13 46 28 49 
80 48 14 20 99 
12 82  7 21 54 
41  1 69 78 72 
26 44  5 29  8 
95 43 47 65 37 
70 51 48 97 56 
15  9 80 42 93 
81 82 43 17 13 
 3 63 16 49 77 
78 16 36 58 28 
50 94 42 46 34 
 8 42 10 64 11 
18 30 17 15 23 
83 86 79 62 21 
 7 13 74 51  6 
36 93 27 59 50 
92 59 100 57 54 
89 83 79  4 55 
71 100  3 43 63 
36 31 47 22 55 
36 16 58 56 54 
31 16 44 19 48 
73 95 40 58 13 
95 25 18  2 22 
 6 53 90 93 55 
91 78  8 97 91 
97 60 22 78 36 
92 75 73 20 92 
94  7 85  4 29 
55 76 93 63 40 
22 19 38 75 40 
 3 38 58 34 61 
31 81 11 89 29 
40 32 87 84 59 
87 43 20 85 61 
60 72 77 53 83 
31 59 78 69 33 
50 27 11 100 56 
92 53 77 84  7 
82 58 41  5 95 
57 15 13 83 80 
12 47 38 98 72 
15 72 43 75 36 
39 77 65 69 28 
52 32 100 24 78 
41 33 84  7 77 
96 87 43 70 18 
93 86 77 44 77 
11 96 45 28 12 
38 15 15 41 32 
38 60 23  3 12 
10 76 53 49 35 
60 86 54 37 85 
31 59 13 65  6 
 4 95 21 14 26 
68 32 90 68 95 
47 51 50 24 36 
82 68 89 42 63 
76  8 49 64 72 
50 13 45 70 80 
52 17 39 90 23 
100  1 94 15 19 
 9  9 52 70 43 
 5 48 88 30 82 
10 97 15 27 60 
