5 50
37 46 21 33  4 
18 70 51 63 50 
 1 71 51 33 41 
11 58 80 22 13 
 1 19 88 73 18 
88 54 17 27 36 
38 29 88 27 63 
89  2 55 37 40 
20 39 71 33 67 
26 53 72 88 71 
17 93  2 65 82 
67 67 79 59 78 
82 95 95 85 55 
24 70 71 75 65 
 9  1 91 31 39 
 4 25 66  3 27 
12 20 58 74 11 
75  4 41 72 19 
44  2 57 44 11 
33 66 74 99 34 
27 66 75 68 56 
64 49 82 11 95 
56 39 41 91 35 
66 83 64 49 17 
47 25 23 63 58 
87 38 27  3 82 
91 38 82 64 41 
91  1 46 39 24 
52 62 58 68 16 
43 13 39  4 51 
44 64 17 17 42 
99 73 71 48 54 
97 15 69 24 99 
15 85 14 71 19 
45 69 96 29 96 
42 14 34 21 79 
52 94 82 79 19 
54  1 49 34 82 
36 60 60 90 93 
45 57 28 78 56 
 5 85 75 75 16 
34 71 52 47 62 
28 79 96 33 64 
67 65 85 66 70 
11 60 13 33 88 
87 88 53 53  2 
40 64 43 44 90 
38 11 29 71 26 
92 89 26 93 20 
70 15 29 69 99 
