10 200
25 83 16 52 80 59 35 11 52 92 
68 56 26 27 65 98 33 52 71 41 
68 75 94  7 66 100 66 23 22 94 
 9 46 96 25 89 47 83 100 38 12 
72 34 95 46 29 57 25 82 18 45 
44 49 92 37  3 71 95 45 93 14 
 4 87 11 68 60 28 56 40 26 64 
61 49 99 73 72 35 22 27 46 26 
 1 24 19 63 36 47 25 78 39 87 
90 55 95 56 39  2 37 39 54 92 
67 68 76 87 60 71 50 28 33  2 
65 26 21 20 45 49 57 44 13 23 
84 58 76 13 63 36 66 95 41 44 
90  5 21 61 75 30 84 45  9 76 
72 79 39 41 11 48 29 77 42 32 
58 77 57 67  5  1 70 28 99 99 
69 73 59 20  8 34 54 10 15 68 
32 74 42 25 38 58 30 100 73 52 
64 30 67 40  4 80 39 77 41 84 
78 99 12 47 27 100 46 51 97 44 
15  4 18 62  7 52 54 60 70 53 
61 63 78 95 14 20 28 88 90 54 
 3 36 62 89 81  7 57 60 58 41 
80 44  5 23 82  6 29 87 73 52 
 8 100 12 47 56 31 94 71 57 84 
69  1  1 50 24 21 60 53  3 97 
51 91 41 67  6 36  3 36  1 88 
66 97 53 89 84 84 94 86 40 58 
78 22 84 32  1 21 21 13 33 74 
66 70 15 25 57 80 40  1 71 100 
32 58 14 79 76 61 95 39 58 45 
84 42 50 86 88 77 64 92 16 32 
71 19  9 39  2 96 96 60  7 67 
83 65 38 25 12 23 45 89 66 71 
91 17 82 10 78  9 58 74 35 52 
64 51 64 33 29 87 26  5 96 35 
71 70 61 67 26 54 54 63 95 52 
27 49 11 73  7 49 16 93  3  5 
45 34 25 27 63 75 57 28  4 67 
52 17 99 26 57 36 10 42  6 61 
24 26 99 14  5 31 16 32 70 35 
58 97 50 29 50 30  5 47 65 100 
13 55  6 79 39 10 23 60 69 42 
73 58 51 12 91 23 48 57 44 68 
69 21 22 72 58  2 17 41 21 43 
52 41 63 69 34 80 32  9 92 87 
37 59 13  9 91 28 81 84 45 48 
14 35 22 75 76 57 37 78 90 17 
39  9 74 99 38 28 79 40 51 70 
85 44 62 18 39 44 14 43 63 93 
100 23 42 85 44 70  6 19 73 65 
80 45 20 70 30 89  7 64 60 58 
37 17 24  6 68 36  4 49 100 40 
79 70  6 40 32 59 22 20 89 82 
22 61 51 76  3 97 69  4 23 27 
19 13 41 50 83 54 69 25  7 51 
36 43 82 29  4 69 62 68 90 67 
50 83 23 25 59 28 81 39 81 69 
64 42 39 31 25 38 11 51 19  3 
68 97 59 38 67 85 29 53 90 13 
78  5 26 53 100 65  9 48 17 37 
23 67 66 36 32 83  1 96 18 47 
55 84 60 61 58 14  4 66  4 15 
94 32 12 49 48 69 85 35 49 43 
27  6 58 10 28 58 29 65 75 45 
78  7 58 24 47 90 47  1 24 58 
18 97  2 36 30 11 81 68  9  7 
50 77 26 25 95  3 17 78 95 66 
18  3 65 25 76 87 42 52 95 36 
57 39 78 82 61  1 79 48  6 98 
37 73 16 22 56 23 83 67 87 13 
55 42 70 17 44 23 14  4 69 62 
39 97  7 42 12 19 74 28 59 82 
18  2 67 52 46 57 89 75 16 28 
45 71 44 14 34 100 36 31 23 39 
75 88 30 69 74 87 61 56 59 84 
51 41 77 25 19 79 25 68 87 12 
25 26 91 34 50 67 74  3 40 64 
82 23 85 58 20 66 48 40 63 96 
10 70 86 66 15 27 61 41 30 82 
49 20 82 85 11 15 48 78 35 49 
41 65 42 34 49 73 62 40 31 88 
20 82 43 34 98 10  5 66 72 30 
73 81 99 17 81 79  1 16 30  5 
70 93 55 33 35 13 33 40 85 26 
85 98 49 11 36 82 65  8 86 98 
69 45  3 20  2 80 30 78 96 100 
11 77 90  3 50 46 76  8 72 27 
89 31 13 67 88 84 92 37 45 81 
41  9 54  1 59  8  3 77 49 37 
41 77 84 78 84 69 95 58 82 24 
 3 43  3 50 83 56 26 44 68 10 
29 89  3 88 47 89 31 95 32 26 
26  3 40 59 93 41 96 66 40 58 
40 24 21 84 39 56 59 83 52 43 
24 12 98 35 93  5 40 72 29 32 
91 87 18 28 32 94 35 17 15 48 
12 24 34 65 34 13 91 97 61 73 
41 32 47 76 61 12 46 57 83 50 
80  6 18 18 97 83 39 47 94 68 
 5 90 59 77 57 23 93  8 95 42 
 7 66 83 15 52 39 42 86 78  3 
 9 95 47 28 47 69 54 12 21 36 
12 47 42 18 14  6  3  7 51 39 
86 93 56  2  5 20  2 90 50 51 
11 77 99 62  9 20 53 61 37 37 
25 14 35 96 99 60 98 64 59 100 
10  8 59 86 82 15 70 58 77 89 
 6 11 85 99 66 92 16 29 23 11 
42 72 96  9 56 82 70 99 34 78 
26 51 87 15 47 45 71 41 59 95 
95 65 87 24 88 29 76 77 61 20 
47 14 57 95  2 73 57 41  1 85 
79 56 70  4 46 75 96 10 43 79 
89 15 79 78 16 100 61 41 21  4 
54 53 19 58 16 98 89 78  2 47 
 1 41 35 80 24 74 35 17  2 95 
79 67 57 76 10 79 11 83 88 16 
 9 72 40 69 91 36 17 42 33 48 
86 82 38 91  6 88 33 11 76 32 
86 76 73 100 97 15 70 89 96 31 
38 83 29  4 26 40 49 86 85 97 
69 49 81 62 40  6 45 31 27 77 
20  3 54 53 11 76 49  6 57 83 
15 30 90 47 84 23 98 10 97  9 
42 57 62 90 53 27 57 25 56 43 
75 85 53  5 46 62 32 90  5 56 
64 69  7 58 17 88 73 86 43 46 
14 98 88 56 90 50 93 44 55 41 
15 78 66 58 95 59 82 100 64 80 
82 97  6 71 64 43 84  6 27 80 
65 55 46 22  6 78 31 26 50  9 
 1 46 19 51 33 22 29 70 90 80 
54  4 27 13  8 98 61  8 63 77 
80 75 98  7 40 78  8 82 37 50 
44  6 77 87 86 81  4 78 34 89 
61 69 60 48 56 74 90 34  6 49 
39 38 58 65 52 52 22 68 22 45 
78 67  8 38 99 20 90 21 61 27 
100 52 92 70 46 92 59  6 41  3 
47 31  1  4 90 11 41 64 68 94 
80 69 11 79 59 33 53 28 19 79 
11 70 92 31 28 86 27 45 56 96 
 5 75 39  3 70 16 91 91 49 27 
92 29 24  7 92 54 49 17 98 38 
63 35 71 83 54 68 52 45 99 65 
24 18 42 65 62 24  5 99 25 16 
 2 96 90 22  5  6 56 47 16 40 
91  7 43 68 74 92 99 83 38 90 
91 90 79 67 27 32 22 90 38 51 
63 73 83 72 33 94 85 61 57 35 
38 81 68 29 28  3 95 54 63 70 
96 13 43  6 81 32 84 30 54 38 
67 65 21 19  1 29 65 40 38 87 
34 76 98 31 32 28 88 99 32  6 
10 48 38 93 65 94 21 72 48 19 
78 39 38 98 86 99 24 95 56 69 
65 32 83 21 68 34 34 88 41 82 
 3 94 75 81 89 99 20 92 30 11 
58 83 94 79 11  1 14 26 70 23 
25 33  2 49 48 19 95 63 22 62 
41 52 52 79 23 74 92 38 61 69 
50 13 54  2 74 22 78 29 76 48 
 1 83 51 69 83 52 27 13 23 42 
69 77 63 67 79 82  4 31  3 94 
62 27 54 86 33 77 80 70 15 61 
81 25 39  1 53 17 94 55 95 80 
91 17 44 91 10 82 39 87 27 37 
44 91 82 91  6 41 54 18 31 85 
40 47 99 18 87 25 84 26 81 20 
59 78 52 91 47 46 10 47 89 27 
 3 16 97 97 25 21 47 91 52 17 
64 90 58 50 67  8 68 50 72 93 
 8 70 46 45 22 19 59 62  7 18 
73 78 89 72 25  7 17 93 89 87 
 4 46 31 42 82 33  7 44 65 40 
33 16 92 30 11 86 76 52 51 17 
80 93 36 51 36 28 78 93 23 85 
34  1 19 32 86  5  5 45  5 48 
23 77 91 91 88 20 37 41 21 62 
84 76 28 93  2 48 50 37 10 68 
31 16 40 45 40 54 100 56 47 71 
85 79  1 28 80 80 82  9 72 38 
14 10 67 33 70 64 87  2 17 71 
77 78 37 23 15 79 29 33 32 72 
12  4 37 25 54 50 46  1 16 42 
49 69 46 62 54 89 77 60  5 19 
25 39  1 35 52 33 42 25 72 81 
73 79  2 68 66 31 19 63 59 43 
11 17 17  4 58 68 84 60 24 38 
 7 65 94  2 87 75 13 75 46 64 
59 62 75 93 44  3 82 10 14 51 
26 41 56 26 65 59 36 48 35 39 
39 97  3 76 15 88 36 23 80 20 
87 96  2 55 45 96 79 20 43 65 
30 94 99 35 25 81 19 10 90 85 
85  5 89 57 25 35 50 63 43 33 
17 76 84 19 30 72 22 35 26 31 
11 68 81 96 58 31  1 94 78 73 
40 12 27 42  7 59 11 62 59 81 
