2 200
49 82 
32 59 
82 21 
55 95 
17 58 
10 96 
97 75 
52 29 
53 97 
93 28 
97 40 
26 59 
11 51 
57 85 
14 22 
49 22 
57 96 
99 63 
89 90 
76 60 
27 78 
 1 53 
84 10 
22 28 
40 33 
36 15 
84  6 
74 24 
15 18 
55 79 
36 24 
44  9 
38 23 
88 79 
94  2 
43 33 
29 40 
80 77 
25 92 
60 46 
 8 10 
61 12 
81 93 
43 51 
19 64 
88 77 
83 86 
86 24 
67 24 
96  2 
76 73 
49 81 
 6  7 
57 74 
15 68 
60 13 
57  4 
57  6 
54 49 
67 99 
93 67 
70  7 
88 10 
60 33 
66 90 
51  4 
19  6 
32 73 
48 15 
49  2 
52 99 
100 46 
12 37 
27 94 
75 92 
71 52 
13  9 
17 100 
85 57 
77 85 
11 52 
48 69 
100 22 
52  1 
 5 83 
85 27 
76 38 
83 86 
46 32 
24 26 
92  5 
74 70 
27 62 
61 82 
19 82 
 8 88 
50 71 
 5  8 
67 82 
47 91 
24 59 
25 83 
82  5 
55 86 
96 46 
94 24 
55 48 
90 42 
87 86 
100 77 
14 100 
63 73 
50 72 
19  5 
10 69 
48 91 
40 85 
90  1 
61 87 
42 91 
64 53 
17 70 
33 63 
45 43 
74  9 
96 53 
35 78 
18 83 
99 35 
12 84 
22 27 
66 18 
11 29 
10 19 
83  1 
58 16 
18 46 
69  9 
85 68 
31 52 
92 82 
 6 15 
24 48 
17 32 
58 35 
43 49 
65 74 
72 58 
95 54 
17 46 
74 25 
77 36 
94 45 
33 35 
94 17 
12 74 
59 91 
24 14 
38 12 
98 15 
86 21 
47 28 
61 27 
44 59 
63 15 
19  1 
23 35 
58 10 
82 45 
94 98 
83 27 
47 36 
22 53 
47 10 
 9 29 
13 57 
49 49 
83 25 
90 65 
17 97 
54 98 
69 30 
52 28 
59 30 
88 100 
100 40 
19  1 
 4 57 
34 76 
 9 69 
21 47 
88 48 
57 29 
36  4 
19 50 
57 34 
96 32 
11  6 
19 22 
51 73 
