5 100
87 34 37 13 14 
65 64 55 28 82 
81 77 91 49 45 
97 14 58 17 51 
70 47 40 55 57 
65 39 74 30  7 
28 85 30 43  5 
79 98 88 54 76 
12 63 15 35  9 
98 75 48 34 71 
47 47  6 49 38 
47 71 94 55 52 
64 68 88  6 89 
78 25 91 62 56 
39 18 34 34 14 
67 47 21 49 36 
19 51 20 82 66 
87 25 68 35  3 
14 27 86 75 83 
28 58 47 60 27 
93 49 94  5 80 
32 73 84 80 99 
57 99 19 99 75 
47 75 41 95  5 
90 94 90 82 14 
64 42 80 82 37 
 6 18 83 76 19 
89 31 37 24 24 
91 88 83 79 57 
19 28 19 23 63 
11 77 18 43 71 
65 31 86 60 48 
52  4 45 49 56 
63  8  2 44 21 
78 38 61 84  7 
53 11 84 64 35 
55 11 66 22 24 
77 51 73  4 38 
31 90 51 92 92 
78 53 45 96 19 
48 44 30 15 43 
14 61 65  6 40 
66 47 29 89 23 
51  6 32 59 12 
 5 37 83 83 88 
24 59 62 11 16 
20 45 74 12 77 
86 84 96 57 100 
58 85 87 37 47 
47 65 72 40 70 
63 53 50  2 17 
51 37 38 11 31 
29 86 74 36 58 
54 84 23 48 50 
24  2 100 72 52 
53 98 60 94 20 
83 75 14 82 11 
100 90 19 44 19 
14 70 98  5 21 
12 19 25 15 77 
32 70 69 85 15 
14 53 67 75 48 
79 97 100 42 40 
 2 49  1 79 95 
41  3 63 54 97 
99 16 55 63  5 
76 83 90 55 65 
100 71  2 37 97 
41 56 91 94 69 
55 19 72 20 76 
93 17 78  9 53 
16 39 59 27 55 
 6 46  1 53 58 
81 69 62 73 77 
 7 41  6 59 30 
 6 86 86 40 99 
28 96 97 88 46 
22 33 54 11 83 
48 65 77  3 12 
55 11 35 20 26 
43 31 60 96 13 
33 25 75 52 79 
98 63  1 10 31 
84 51 65 52 88 
60 25 97 35 31 
68 39 17 96 14 
93 46 41  2 59 
100 52 67 81  6 
 3 48 13  6 91 
28 56 62 67  7 
 1 37 59 96 71 
 1 28 85 19 37 
81 100 69 52 60 
60 72  5 91 20 
50 44 98 88 47 
 8 23  9 81 90 
65 54 41 27 61 
37 17 72  5 18 
94 32 42 71 56 
59 41 41 51 54 
