10 100
74 66 41 43 16 36  2  9 14 24 
40 87 96 26 63 12 38  1  6 95 
24 73 79 51 89  2 14 48 79 91 
31 99 11 27 92 95 99 15 81 57 
69 88 25 20 38 92 92 26 14 72 
22 16 21 91 90 79 49 11 91 64 
58 27 41 67  9 10 68 76 73 95 
29  3 90 95 93 84 99 76 38 48 
48 90 80  6 60 98 50 37 32 55 
71 90 15 16 30 27 59 61 23 36 
84  9 17  2 28 50 93 62 50 76 
70 66 16 96 71 72 36 37 67 15 
10 71 19 11 58 20 53  8 21 44 
75 23 54 73 53 84 41 15 38 56 
82 63 13 50 42 61 48 29 72 28 
39 78  2  7  5 37 41 14 62  6 
31 48 66 41  4 24 43 37 62 42 
22 94 53 44 51  2 48 75 70 49 
64 20 46 66 48 19 45 55 15 55 
72 82 82 79 66 89 95 18  4 19 
79 85 26 98 41 26 20 68  9 43 
75 90 18 15  5 10 71 52 91 13 
90 70 88 74 39 63 36 15  2 88 
42 12 16 87 89 97  1 75 87 16 
87 70 20 99 71 68 23 98 37 51 
94 64 60  7 19 72 12 48 40 82 
16 87 36 24 80 37 31 41 80  3 
87 38 44 28 76 69 51 67 71 59 
27  1 55 86 35 84 20 30  2 54 
66 65  5  6 54 50 82 49 40  6 
11 13 11 16 62 73 90 29 71 16 
86 82 47 73 49 26 70 67 86  6 
84 76 26 96 57 93 58  5 91 46 
15 22 12 40 81 62 53 63 97 50 
 4 37 58 48 66  7 70 36 17 13 
59  1 10 55 70 47  7 12 26 74 
 2  6  9 43 12 19 74 15 93 61 
30 97 94 99  7 38 89 21 33 56 
 4 43 34 10 11 74 18  8 70 83 
27 51 92  2 50 31 18 18 59 39 
26 97 36 54 56 24 50 83 25 80 
57 26 78 34 42 38 38  4 68 93 
41 33 56 70 58 81 19 26 75 62 
17 71 11 49 42 82 10 14 99 55 
84 24  6 100 28 96 57 94 20 68 
87 47 72 69 43 19  3 11 33 89 
23 30 43 29 100 46 83 51 31 15 
70 77 44 11 40 15 58 46 53 11 
32 98 88 43 48 34 50 43 16 62 
27 28 97 22 51 14 40 63 47 88 
21 15 27 88 100 20 26  4  1 61 
75 100 59  6  8 93 94 96 42  6 
92 17 51 25 77 62  1 14  8 28 
33 36 99 34 85 56 74 70 20  4 
68 10 19 61 65 48 26 60 68 83 
87 12 50 55 67 24 22 53 62 91 
63 28  3  9 78 45 25 79 59  2 
23 97 67 39  1 35 82 60  5 48 
68 90 35 23 45 31  3 68 86 25 
 1 15  1 78 22 23 38 54 36 64 
 8 96 86 75 89 28 65 36 34 82 
65 44 33 83  7 88 92 76 77 51 
63 37  3 47 45 59 44 56 17 45 
38 40 40 66 61 55 37 34 84 18 
92 11 33 42 57 69 40 30 73 94 
81 84 42 37 79 21 31 90 43 65 
66 76 52 37 90 51 94 99 64 45 
29 33 68 88 31 82 61 41 86 69 
34 89 64 38 36 92 87  8 97  3 
21 56 44  9  1 54 73 75 42 10 
63 27 31 79 36 32 10 56 11 73 
54 72 50 64 58  7 64 96 84 75 
72 53 22 100 79 56 91 80 26 79 
40 87 100 38 80 58  1  2 50 36 
44 51 42 22 67 76  1 36 51 90 
41 24 72 75 36 92 98 53 23 70 
18 70 31 90 47 16  4 23 16  7 
52 54 74 80  8 73 80 82 97 39 
52 23 34 24  3 74 48 77 45 40 
50 71 62 97 12 12 47 94 98 79 
76  4 16 71  8 58 90 56  8 43 
66 87 50 59 98 63 95 34  2 29 
82 52  1 71 21 91 42 54 49 57 
23 26 13 49 49 98 28 22 26 49 
28 67 66 80 23  1 15 55 85 99 
86 79 96  6 20  8 24 13 89 56 
48 98 74 57 42 54 20 91 30  2 
39 26 84 44  6 88 100 95 31 86 
99 76 97 29 50 95 19 64 37 57 
36 79 21 78 33  5 73 74 55 25 
72 12 10  8 44 38 22 33 27 95 
54 45 65 90 37 25 59  7 74 10 
29  6 99 17 33 98 35 88 96 86 
50 64 14 95 59 46 91 25 20 16 
65 99 76 45 25 14 53 90 76 90 
36 31 67 87 79 91 90 62 42 38 
88 62 62 55  9 21 30  6 28  6 
 4  1 98 62 34 64 14 42  2 81 
85 100 83 53  9 22 46  9 62 81 
27 12 80 73 69 92 51 84  9 78 
