10 50
81 62 50 27 59 57 91 31 74 32 
84 51 77 56 17 95  2 90 47 72 
100 89 50 21 51 18 70 36 69 40 
56 33 48  2 54 26  8 92 10 44 
 1 23 30 36 70 94 65 15 22 32 
98 94 10 94  3 10 11 45 21 17 
48 13 33 34 70 77 48 69 83  4 
67 31 39 42 55 99  6 31 66 18 
 7 88 85 93 81 42 51 33 50 43 
73 14 11 87 77 71 12 73 21 42 
93 96 10 58 12 51 47 75 96 73 
97 98 79 20 89 95 42 60 60 39 
41 67 14  6 75 73 92 81 53 100 
38 52 42 66 95 48 88 42  7 69 
97 91 72 89 79 71 21 51 48 35 
67 62 87 73 45 85 33 95  5 23 
20 70 77 30 41 43 84 85 28 40 
43 27 35 99 16  8 50 83 17 62 
13 48 21 36  5 44 88 91 95 52 
80 15 76 34 67 36 85 13 36 35 
81 80 50 38 77 51 91 10 46 57 
16 82 27 82 37 57 84 15 94 68 
30 72 89 30 91 60 90 47 55 53 
64 19 91 83 40 76 24 27 30  9 
92 32 62 97  5 29 56 40 77  5 
74 94 63 94 81 91 95 51 67 78 
30 69 100 45 20 42 64 67 94  1 
69 91 78 32 23 11 19 88 75 58 
67 45 66 59 50 77 51 84 29 89 
 9 66 93 88 17  7 55 79 76 11 
59  4 19 36 89 62 100 53 88 31 
 3  4 79 23 69 35 58 91  8 73 
19 62 42  5 23 65 57 84 72 76 
53 44  8 82 43 92 59 51 45 43 
69  8 25 61 14 25 49 71  9 98 
58 88 93 72  8 29 60 81 83 10 
97 10 64 13 34 73 85 35 36 26 
36 36 14 35 98 86 84 86 53 24 
93 84 80  6 10 75 16 75 14  8 
64 45 100 100  4 93 80 96 85 13 
81 82  4 36 50 34 56 25 60 45 
67 50 43 24 88 86 33 20 95 96 
21 51 90 26 13 24 42 69 15 66 
24 96  1 23 23 75 30  4 15 77 
89 76 70 57 54  4 87 80 25 93 
62 44 86 34 75 58 96 85 15 13 
44 78 65 92 81 44 43 25 74 70 
63 14 62 35 79 68 22  3 58 77 
 9 52 85 34 12 66 48 76 67  5 
34  2 27 75 38 97 16 66 63 65 
