10 200
19 87 41 56 30 10 62 76 12 95 
80 54 18 96 43 72 84 12 50 59 
89 49 46 39 69  1 99 55 94 43 
22 93 45 19 30 99 30 20 32 46 
76 80 44 71 95 43 12 52 79 34 
62 83 34 83 34 87 36 24 31 84 
30 21 64 57 78 92 44  5 12 52 
13  1 91 78 55  3  8 86 70  1 
91 73 59 37 72 44 96 78 74 32 
71 50 39 35 60 49 83 50 88 54 
43 68 84 31 38  1 36 77 21 10 
71 89 63 53 11 41 22  1 90 62 
 6 13 38 76 98 23 34 67 92 25 
70 88 81 27 55 59 44 99 81 22 
70 15 75 40 40 78 75 53 51 59 
93 45 67 79 40 73  8 68 79 36 
67 21 86 36 62 99 99 10 84 35 
83 21 23 57 69 45 66 57 16 37 
30 92 35 61 26 47  1 78 75 13 
17  6 41 56  1 39 88 26 53 26 
94 39 24  6 16 85  3  1 38 19 
 5 83 20 57  4 53 10 29 84 51 
67 12 15 28 30 49 36 74 14 13 
29  6 86  6 83 50 74 37 65  7 
72 20 76 60 36 49 62 77 85 60 
 4 96 50 15 88 61  2 51 85 31 
70 75 31 78 92 60  9 38 91 71 
21 35 67 68 39 16 42 34 65 94 
34 70 21 81 53 83 33  3 52 63 
74 27  5 43 58 84 76 20 45 90 
32  3  9 64 50 54 10 82 56 49 
23 76 54 28 92  5 70 42  3 22 
12 49 40 94 27 79 40 92 23 83 
76  7 31 44 91 98 97 92 39 27 
74 32 91 46 12 34 57 85  9 23 
31 38 77 23 50 65 71 41 99 32 
34 73 56 17 70 68 47 77 28 26 
63 47 88 29 49  1 39 56 16 93 
21 17 81 46 46 33 58 53 21 92 
19  5 13 94 73  4 77  7 19 69 
31 95 47 17 38 74 99 52 19 73 
78 42 17 97 10 36 30  2 47  6 
76 10 61 17 52 67 25 69 41  7 
94 92 58 38 56 35 21 47 22 13 
27 88 96 20  4 68 51 57 79 72 
33 34 81 85 67 55 64 22 62 26 
89 28 68 31 58 35 33 13  6 11 
32 71 34 42 51 82 19 72 28 84 
 7 72 72 84 88 76 81 98 72 97 
11 23 94 97 72 72 66 61  2 36 
32 18 96 12 27 15 63 35 25 34 
57 39 19 63 30 79 80 27  2 75 
82 97 78 21 55 62 28 28 67 64 
37 73 68 35 61 42 34  4 99 40 
99 74 38 74 36 41 68 17 48 39 
91  7  9 67 15 19 80 23 17 27 
35 27  2 25 39 88 46 64 15 46 
29 40 36 34 79 66 32 65 57 48 
62 17 61 46 20 74 17 53 55 42 
21 44 15 14 14 28 68 45  5 51 
18 80 39 76 53 21 47 51 48 10 
24 82 11 43 22 51 21 21 58  1 
 2 47 65 14 98 60 97 93 10 71 
80 27 87  1 91 59 44 41 41 76 
15 32 23 83 77 85  1 79 21 72 
22 59 100  7 65 96 38 69  8 16 
32 43 98 84 10 39 96 13  9 20 
27 19 30 18 10 80 74 74 29 23 
15 58 83 17  3 20 30 38 91 30 
72 45  8 47 27 85  5 86 62 96 
61 24 17 82 47 15 74 52  6 98 
32 52 56 74 16 90 40  9 94 62 
 6 43 92 72 31 31 72 17  7  7 
84 26 82 26  7 59 43 19 10 63 
31 31 97 73 51  3 95 21 12 53 
30 73 39 61 41 91 79 33 94 55 
72  9  8 71 25 73 26 58 39 35 
44 21  7 77 91  2 35 96 44  2 
85 72 48 35 77 31 77 99  2 96 
46 69 39 92  6 21 37 12 99 27 
99 39  7 10 84 28 77 56 94 75 
72 94 20  7 46 19 67 69 39 27 
61 15 98 68 69 84  4 69 50 39 
20 73 43 39 28 43 78 96 93 17 
38 76 19 23 74 89 57 91 12 11 
17 85 18 53 18 12 16 58 61 48 
57 47 91 52 49 73 10 41 30 26 
76  5 88 91 78 11 67 45 54 31 
68 63 50 58 53 62 66 95 69  1 
57  7 63 35 40 52 96 87  4 95 
86 40 41 27 96 10 89 13 65 23 
 1 74 63 70 12 68 37 48 71 85 
38 61 25 44 83 30 40 47 52 66 
14 30 49 33 13 87  8  3 59 60 
13 12 17 88 79 76 97 59 11 62 
81 95 66 22 40 85 15 29 53 81 
16  7  2 51 100 21 84 44 25 27 
76 38 57 44 72 62 93 70 14 66 
42 99 20 90 52  7 27  2 68 62 
46 38 10 10 78 90 60 64 78 80 
 7 67 70 88 21 32 19 22 88 84 
58 72 33 97 28  2 90 43 98 61 
44 56 75 48 34 75 82 94 78 30 
27 14 61 65  4 13 63 50 61 39 
 6 59 70 81 39 71  1 31 22 64 
13 64 63 13 13  7 60 57 65 69 
21 80 16 12 54  7 54 87 23 96 
25 58 70 61 77 89 74 64  1 93 
 6 56 17 93 13 61 18 100 80 98 
55 62  7 61 83 61 89 71 52 58 
56 79 78 80 33 88 19 37 37  7 
14 84 47 17 41 72 10 19 13 66 
61 28  8  3 19 68  8 35 28 14 
60  7 78  8 23 46 41 61 63 36 
84 58 35 34 29 74 88 33 86 58 
42 51 31 73 21 81  8 74 68 31 
37  4 62 15 60  5 87 98 79 94 
38 90 73 92 40 95  4 90 39 60 
48 95 38 96 69 68 61 53 37 18 
90 78 44 61 48 51 57 44 54 98 
53 85 86  7 73 34 33 45 41 15 
16 29  9 78 56 19 12 66 75 76 
55 45 41  9 23 51 43 91 94 60 
90 34 98 49  5 67 95 96 47 79 
83 88 15 13 81 86 16 71  8 81 
83 17 17 19 97 100 20 42 60  4 
80 32 93 55  9 24 74  1 53 27 
83 79 93 84 22  8 52 25 93 74 
35 26 90 73 68 23 62 86 62 31 
98 76 43 94 26 18 48 91 72 59 
63 17 20 52 90 12 78 19 11 12 
60 100 69 96 35 41 20 29 63 40 
82 45  1 79 55 62 46 96 100 86 
 6 79 43 48 51 24 10 79 93 86 
36 84 50  2  4 11  7 33 92 20 
53 29 58 36 81 42  7 42 61 80 
21 17 22  1 45 50 16 17 52 23 
10 93  7 36 59 30 63  7 95 43 
38 90 66 93 37 37 68 63 99 61 
64 74  4 66 74 84 34 96  1 92 
99 70 29 58  3 13 37 89 30 83 
78 98 43 47 37 28 75 36 12  1 
62 96 74 18 42 19 31 12 13  5 
92 82 15  2 16 29 49 89 41 92 
69 17 25 37 20 70 54 60 80 74 
27  1 68 22 29 55  7 36 76 90 
78 13 18 100  4 72 17  7 61 41 
58 100 42 79 73 42 42 79 15 84 
30  9 73 67 20 90 77 33 49 70 
91 23 44 58  6 52 50 65 47 80 
57 52  9 39 30 57 25 23 79 14 
70 90 46 41 43 55 51  9 11 49 
33 31 62  9 36 87 29 71 65 86 
27 26 39 73 57  8 40 96 71 62 
30 49 53  3 60 81 19 63 70 70 
24 79 23 68  4 17  9  5 81 32 
51 100 85 42 31 10 94 99 33 35 
41 100  8 60 70 97 21 70  5 37 
88 29 46 19 95 50 98 37 43 95 
67 17 99 94 31  6 35 24 75  3 
25 84 67 45 26 61  5 83 73 99 
13 50 17 48 88 84 38  1 27  4 
88 26  3 76 43 92 99 30 87 80 
 9 65 90 16 12 74 57 34 90 28 
25  1  2 53 54 94 89 18 11  4 
11 57  8 43 35  6 10 49 91 51 
56 62 85 77 72  4 37 65  3 23 
54 89 29 59 47 26 97 32 21 13 
37  3 91 43 15 21 78 24  6 31 
73 49 11 80 63 41 23 52 35 83 
13 43 28 77 46 29 51 42 75 37 
94 86 76  8 85 92 89 23 84 100 
47 68 27 64 22 27 14 11 48 23 
59 60 45 78 54 32 39 94 41 25 
32  3 93 31  1 92 94  6  8 45 
59 54  9  2 37 43 78 77  5 71 
88 52 52 10 13 53 26 68 38 33 
13 25 28 62 39  9 67 99 20 59 
73 21 11 83  1 71 61 23  1 64 
70 46 20 88 85 82 75 99  2 76 
29 91 90 50 31 57 16 35 41 45 
23 64 86 74 21 28 19 65 99 55 
64 84 23 80 89 97 55 74 93  1 
76 21  9  1 59  1 48 24 70  6 
48 66 71 85  5 18 77 86 89 30 
64 20  6 86 53 99 69 75 99 14 
39 28 94 78 87 45 18 71 33  7 
54 22 28 94 56 77 57 76 50 97 
64 97 19 42 52 68 88 59 51 40 
 7 80 14 53 48 49 28 63 44 62 
49 29 29 72 58 42 26 60 62 33 
89 14 90 83 44 88 41 77 32 100 
46 56 18 35 45 58 38 82 80 13 
55 40 59 54 16 75 95  1 84 60 
30  8 67 25 91 52 78 90 61 70 
89 37 26 35 10 85 71 89  9 71 
58 16 35 86 10 41 36 11 52 31 
90 64 48 53 18 91 71 20 17 84 
90 28 78 36 68 86  8 86 15 59 
55 63 23 24 59 52 75  1 44 94 
