10 20
77  5 86  8 92 90 34 33 30  5 
 6 66 92 29 93 97 29 33 57 10 
26 28 13 78 98 44 87 91 28 72 
45  4 52 37  4  6  5 64 59 33 
97 95 37 42 62 47  6 89 84 63 
100 43 77 50 89 13 63  8 43 48 
51 27 23 40 98 91 53 77 52 53 
58 50 96 68 33 56 25 93 31 55 
78 17 38 94 82 99 66  1 97 55 
 9 56 36 93 60 79 72 89 41 74 
94 89  4 32 59 95 15 41  9 15 
96 97 53 53 56  1 54 18 96 26 
44 32 56 43 86 75 95 36 44 84 
77  2 35 90 11 19 100  6 20 28 
54 84 47 70 46 37 70 18 97  3 
72 83 33  9 45 83 29 49 31 24 
73 94 84 49 93 27 87 27 97 29 
19  3  3 99 69 36  3  9  7 85 
71 96 64 94 89 88 42  9 74  3 
45 44 96 80 72 70 20 51 81 56 
