2 100
36 84 
40 43 
73 89 
24 29 
97 45 
18 71 
60 100 
48 43 
59 11 
97 68 
31 55 
26 90 
60 40 
100 67 
26 37 
38 88 
43 41 
22 15 
68 83 
58 54 
24 25 
20 94 
47 65 
15 12 
90 56 
72 94 
 7 68 
90  7 
57 51 
68 52 
59 13 
92 38 
19 55 
17 29 
11 30 
24 69 
10 91 
35 99 
28 54 
80 52 
12 10 
 4 70 
35 20 
23 90 
42 15 
72 22 
63 28 
70 38 
24 73 
57 19 
99 45 
81 65 
78 58 
44 58 
77 25 
37 60 
95  5 
47 12 
21 23 
97 38 
91 39 
85 22 
78 13 
16 87 
81 33 
75 25 
72 83 
69 38 
36 45 
96 42 
57 41 
85 57 
 4 100 
60 57 
17 66 
95 48 
84 11 
84 63 
89 78 
 6 70 
74 60 
20 71 
18 56 
33 26 
95  2 
91 98 
32 30 
73 75 
80 45 
10 85 
41 17 
21 32 
53 93 
87 37 
 8 73 
60 70 
 1 85 
18 23 
92 40 
77 20 
