10 50
65 66 82 39 44 73  6  1 10 86 
55 31 17 23 73  3 94 70 88 23 
19 20 60 50 49 14 70 75 93 29 
82 93 80 62 65 71 23 89 43 59 
25  4 22 99 23 45 70 52 35 28 
23 97 68 100 29 12 97 90  4 20 
88 53 99 89 48 55 71 43 67 69 
58 23 23 39 56 86 83 45 33 84 
65 30 91  1 96 58  2 76  4 18 
 7 42 32 41 25  4  2 40 79 44 
83 18 75 62 99 66 61 91 37 17 
85 84 95 83 77 76 33 49 22 94 
52 21 75 69 65 72 93 60 62 18 
39 80 88 68 15 35 39 52 60 89 
98 15 36 26 21 46 73 89 20 79 
38 40 47 97 74 57 64 33 42 19 
87  8 90 60 35 85 27 53 44 29 
23 100 79  9 91 41 61 49 75 76 
68 23 63 41  1 67 50 30 99 34 
99 99  9 50 24 35 43 39 28 98 
34 50 66 36 51 72 34 19 95 52 
46 95 64 25 87 70 10 96  5 75 
51 51  3 71 70 45 84 42  3 49 
90 13 45 100  3 86  1 92 89 48 
18 63 81 42  6 59 77 54 37 37 
55 48 32 27 26  7 25 32 100 82 
14 34  9 74 100 91 42 42 54 37 
14 52 87  3 84 94  4 74 74 61 
44 81 24 66 37 10  7  1  2 32 
67 81 85 97 17  3  9 84 19 81 
14 32 77 45  2 23 48 96 66 93 
91 44 33  2 54 26 50 75 30  9 
 2 75 40  6 32 95 93 86 45 38 
61 83 24 90 18 18 86 15 70 92 
42 71 74 88 70 34 17 47 41  2 
96 24 87 63 15 92 45 65 51 58 
43 83 92  8 16 96  5 74 14 53 
28 24 75 83  5 45 12 77 17 24 
26 12 97 30 21 24 47 74 17 87 
99 57 58 29 69 61 25 93 96 26 
78 47 64  5 59 99 41 76 56 61 
62 60 46 70 92 88 98  7 76 63 
 9 58 90 90 72 62 63 25  9 15 
26 39 94 10 76 95 48 96 11 66 
77 80 45 94  8  2 70 24 99 12 
33  6 18 81 52 78 81 22 28 93 
46 12 35 13 26 59 56 90 18 21 
 4 83 59 57 60 93 28 51 35 35 
86 65 69 26 44 69 54 47 11 30 
32 86 21 53 25  5 37 63 59 81 
