5 200
80 64  4 39  6 
37 16 83 21 57 
72 74 92  4 36 
45 39  5 38 77 
68 78 67  3 12 
49 50 83 12 82 
48 28 36 64 32 
45 51 83 52 96 
41 49  8 48 42 
 6 75  8 34 52 
59 37 99 51  8 
33 19 31 12 16 
49 88 66 98 89 
100 44 85 66 34 
63 22 39 63 19 
39 66 70 86 43 
20 68 47 84 83 
92  4 58 54 82 
29 79 33 25 76 
69 52 68 80 35 
94 80 16 72 25 
68 10 97 51 96 
13  3 52 99  7 
52 94 55 94 72 
 3 65 90 96 29 
 5 60 69 86 89 
79 62 15 33 73 
79 27 63 70 39 
18 97 21 91 96 
88  8 30 16 42 
21 82 31 58 86 
28 80  2 70 51 
78 29 68 71 68 
 1 81 15 38 87 
 7 12 91 16 45 
53 31 91 31 69 
29  9 92 67 77 
97 26 49 33 16 
54 19 79 93 21 
54 23 56 73 24 
76 91 81 52  3 
 7 89 98 75 38 
56 55 36 79 63 
49 57 36 48 43 
58 24 31 15 18 
55 31 17 19  1 
87 91 52 79 43 
40 15 10 23 86 
24 77  5 65 15 
87 32 24 29 95 
71 80 37 75 66 
89 97 59  4 16 
11 90 51 44 80 
83 44 78 12 15 
58 27 33 79 22 
24 78 58 67 81 
94 79 24  2 98 
99 82 53 19 60 
96 29 35  7 30 
 1 21 15  5 53 
 6 45 44 89 21 
73 30 68  7 98 
46 80  3 68 16 
99 39 19 92 32 
73 28 54 30 36 
90 55 93 78 74 
 3 49 59 84 55 
82 62 63 65 21 
18 98 69 19 40 
 2 10 36 66  3 
25 61 37 58 34 
64 37 18 76 98 
77 92 19 81 75 
43 83 25  5 57 
93 15 26 76 23 
43 31 100 33 59 
18 88 20 22  1 
51 21 67  5 87 
68 18 18 34 98 
84 98 31 37 53 
17 75 85 78 51 
32 73 92 75 52 
95 31 96  1 60 
79 46  7 97 20 
27 96 66 98 27 
62 28 70 16 73 
 9 47 67 90  5 
71 95 22  9 53 
75 73 77 81 47 
80 68 100 87 26 
98 26 93 26 98 
71 94 75  3 16 
24 68 72 19 27 
42 73 47 32 80 
38 89 86 37 84 
15 80 31 20 11 
 2  5 39 24 24 
54 51 60 50 23 
87 75 96 63 19 
17 24 71 79 63 
42 26 23 53 44 
71 88 11 18 87 
40 17  4 14 38 
23 52 33 25  9 
15  8 76 72 46 
64 71  8 47 15 
65 11 93 77 95 
72 99 78 28 73 
 4  3 48 12 98 
45 87 58 29 19 
55 65 85 32 57 
15 88 50 22 63 
37 47 81 36 53 
48 37  6 63 73 
 4  2 32 61 39 
54 68 30 51 10 
72 85 33 58 82 
78 85 13 87 39 
 8 83 87 76 14 
56 65 63 66 57 
45 80 55 21 94 
65 67 88 12 34 
43 21 92 98 92 
27 98 11 37 98 
 2 46 90 98 34 
82 97  9 55 94 
28 32 44 75 82 
41 26 28 89 77 
59 37 63 36 44 
84 41 99 81 38 
57 26 73 84 88 
100 21 74 38  7 
85 68 44 38 100 
26 31 23 52 89 
39 25  2  3 39 
11 29 97 69 18 
43  2 78 68 27 
72 98 62 37  9 
49 61 69 65 57 
12 24 70 80  9 
72 23 84 47 66 
12 53 84 47 39 
99 15 74 56 59 
61 99 17 47 11 
92 17 49  7 33 
44 52 76 60 33 
83 15 25 76 90 
62 92 100 47 21 
15 63 73 11 89 
45 42  3 37 29 
25 94 55 16  7 
40 53 29 56 18 
39 10 53 22  9 
24 91 91 28 53 
91 67 81 14  6 
21 100 31 10 83 
45 40 81 53 10 
100 42 98 72  4 
20 41 72 99 23 
32 77 62 25 48 
24  8 48 89  8 
59 74 31 50 82 
95 78 63 34  6 
44 57 50 86 63 
71 72 18 75  5 
96 32 70 72 56 
 1 23  1 99 93 
52 53 55 94 98 
75 53 18 33 70 
55 23 24 27 69 
33  5 98 63 46 
52 45 28 99 50 
44 53  5 49  7 
12  3 33 48 82 
98 72 51 20 52 
15 43 87 21 51 
29 39 16 53 89 
22 40 54 66 62 
38 25 57 44 96 
99 16 56 81 68 
47 79 63 58 62 
12  1 65  8 89 
 5 29 63 24 25 
96  9 79 80 77 
73 17 39 41 29 
72 93 81 12 24 
17 59 69 70 30 
15  4 14 83 97 
70 29 65 70 22 
28 16 36 44 24 
61 17 34  2 50 
92 91 38 17 82 
17 83 23  2 66 
11 88 17 30 69 
73  5 92 85  8 
63 23 50 35 14 
87 97 44  9 87 
42 53 24 47 73 
16 53 38 53 78 
98 28 30  4  6 
