20 20
92 57 50 79 60 41 22 51 59 86 56 78 17 41 90 39 84 89 74  9 
47 99 41 77 35 25  7 87 47 76 38 95 87 72 20 37 84 18 39 86 
 2 88 22 82 19 27 23 25 64 97 94 68 18 45 98 78 40 15 98 59 
 8 72  1 70 66 89 63 92 64 80 85 68 18 20 79  3 37 55 97 48 
77 14 23 84 70  9 44 48 12 22 98  9 17 28 20 37 86 96 95 55 
75 38 22 39 38 99 64 17 93 60 33 53 17 32 31 32 76  2 45 71 
88 68 83 35 32 86 20 72 63 31 14  9 43 83 42  3 85 61 48 58 
22 71 38 56 56 71 40 83 97 99 36 49 21 23 49 34  9 87 17 70 
41 90 33 93  2 42 28 51 28 84  2  5 12 21 31 73 21 15 83 33 
34 97 25 62 62 12 65 28 98 37 21 74 56 15 89 65 53  9 75 46 
43  8 72 72 100 17 63 16 56 47 42 89 59 75 78 18 14 56 67 36 
 6 16 13 88 78 45 38 15  6 82 39 28 95 16 82 88 73 51 25 85 
79 20 31 92 19 88 39 21 33 41 83 25 39 94 40 21 90 22 61 72 
70 40 29 60 98 11 71 21 69 78 43 97 19 11 48 99 34 69 57  6 
74 33 25 43 96 65 98 92 89 64 91 54 80 11 95 47 30 79 53 59 
57 98 46  3 20 84 87 15 76 79 45 42 96 78 66 32 12 76 60 26 
78  3 35 19 93 34 11 15 74 35 86  3 53 23 29 94  6 43 49 46 
 5 95 87 67 29 14 54  9 11 30 83 98 92 81 61 48 54 69 97 64 
22  9 38 77 18 79 51 41 73  9 65 28 37 61 26 24 16  3 37 28 
81 69 37 49 90 72 65 55 30  6 93 61 31 66 83 90 11 35 57 78 
