5 100
26 89 47 30 38 
92  4 49 57 20 
56 91 60 94 93 
28 44 77  3 70 
36 17  5  3 64 
37 68 62 97 79 
72 10 38 81 60 
 7 99 54 83 75 
32 41 39 92 13 
96 39  5 30 66 
37 59  4 91 11 
22 90 75 82 34 
69 49 28 42 45 
11 60 73 89 36 
63 13 44 86 75 
20 32 94 68 18 
19 16 69 44 43 
88 51 44 99 37 
31 31 36 90 37 
11 72 20 63 68 
49 23 12  7 49 
35 10 95  3 91 
85 90 84  6 14 
77 63  1 26 65 
89 14 31 36  8 
14 55 29 31 95 
14 12 99 74  4 
34  6 27 27 14 
100 15  2 30 79 
 7 32 87 13 33 
65 25 45 31 21 
96 82 81 61 25 
26 82 61 52 75 
10 18 58 13 16 
94 40 55 91 78 
31  7 97 71 63 
21 58 98 77 79 
84 84 93 99 66 
44 99 14 45 97 
42 24 73 58 11 
15 38 45 75 87 
96 22 24 65 82 
36  2 47 76 74 
20 11 96 81 83 
40 18 17 23 35 
85 75 30 21 81 
34 90 79 40 81 
 2 38 12 41  9 
54 74 26 46 20 
71 29 27 66 96 
12 76 32 72 19 
54 57 62 64 84 
56 71  1 28 23 
25 69 34 87  9 
22 18 44  9 32 
29  1 56 49 88 
60  7 39 50 39 
24 76 75 86 62 
80 23 30 91 67 
29 23 86 62 41 
69 25  5 13 33 
47 92 74 40 34 
35 81 15 37  6 
32 49 35 34 55 
69 74 21 64 67 
34 73 15 10 72 
94  1 57 63 51 
29  3 74 80 57 
91 85 42 90 47 
18 57 61 98 30 
37 74 86 30 71 
70 42 35 64 49 
67  4 12  5 73 
66 58 95 35 55 
12 67 70  6 50 
27 91 44 63 16 
15 14 32 83 27 
 4 68 72 41  3 
20 78 23 43 26 
35  1 66 51  8 
 8 84  1 27 75 
85 42 46 92 68 
81 75 93 73 36 
80 31 87 17 95 
 9 90 68 35 88 
87  1  5 97 100 
81 58 92 80 92 
48 85 47  2 64 
22 97 15  4 53 
69 22 88 21 80 
99 28 12 99  3 
22 58 26 75 28 
76 56 91 79 42 
100 90 64 74 52 
40 85 99 90  8 
47 51 37 10 79 
55 89 48 46  6 
 3  3 45 12 56 
100  9 71 53 94 
18 19 34 97 56 
