10 50
91  7 87 15 83 74 56 46 48 84 
39 47 22 97 36 13 41 60 87 90 
77  2 26 22 60 55 96 34 55 92 
54 82 11 13 30 96 79 18 15 51 
47 59 26 88 74 65 68 85 94 47 
13 59 79 76 80 17 63 52 90  6 
11 93 51 59 51 80 66 52 81 18 
32 97 16 71 71  9 99 31 15 89 
82 24 91 22 63 80 34 49 37 54 
38 21 27  8 49 62 26 61 21 31 
96 45 52 90 85 89 23 75 34 32 
60 74  7 39 86 81 58 42 55  6 
87 96 61  4  1 100  2 100 100 25 
13 100 40 16  8 52 45 91 45 97 
62 21 79 96 63 88 79 83 44 97 
51 48  6 93 55 63 34 37 70 77 
55 29 97 20 16 17 65 31 94 47 
25 41 74 10 22 39 65 92 36 80 
40 53 50 25 75 37 62 28 72 68 
 9 94 94 43 92 64 63  7 43 19 
37 65 96 13 99 51 31 72 58 26 
100 73 43  3 94 20 59 14 63  8 
36 12 98 45 32  4 44 58 54 59 
57 89 59 54 84 31 73 49 40 88 
62  5 52 79 60 75 87 89  7 91 
72 63 56 82 21 54 23  9 21 77 
21 68 63 84 84 42 96 92 87 26 
41 34 91 28 85 93 20 80 14 27 
12 91 14 14 47 21 67 84 91 19 
34 93 94 80 94 70 77 76 42 32 
66 43 20 58 31 23 25 45 46  7 
22 93 37  3 88 65 69 94 61 74 
78 98 53 82 16 43 39 86 63  7 
39  6  2 85 58 73 99 28 58 85 
51 96 65 58 65 36 77 43 51 80 
23 24 37 20 82 39 59 85 27 31 
28 70  4 61 97 92 85 14 18 38 
 6 53 53 34  4 46 34 83 13 16 
95 44 52 25 32 57 55 66 33 55 
68 61 73  6 47 55 97 12 54 68 
45 99 10 26 28 98 13 60 14 13 
 1 48  8 72 99 28 72 63 32  6 
 4 40 68 10 95 84 70 51  1 29 
76 87 31  2 48 25  6 96 59 65 
91 38 23 62 15 99 11 34 45 36 
61 78 54 51 20 10 60 89 72 97 
53 79 54 41 21 16 10 39  8 96 
59 88 50 13 37 68 46 100 10 31 
 2 51  4 56  1 51 21 35 37 78 
26  3 38 39 71 83 97  9 94 58 
