20 100
35 60 81 69 47 53 86 57 83 18 100 76 57 31 38 62 11 22 74 13 
94 80 13 100 90 62 34  8 49 33 81 23 81 73 59 39 17  8 39 37 
91 25 79 62 88 77 93 81 69 72 75 79 20  1 51 85 92 44 74 33 
80 11 72 33 70 32 45 70 90 64 32 95 39 16 98 10 17 37 60 100 
35 12 58 44 74 56 57 44 83 80 92 66 55 95 27 40 39  5 55 87 
79 37 44 47 74 100  2 92 82 78 64 63 64 78 81 13 42 27  2 37 
30 41 57  6 69 94 91 86 28 97 22 30 86 61  2  2  6 19 38 64 
 9 40 94 42 35 90 17  6  7 44 13 22 92 37 43 47 91 27  3 82 
11 93 89 29 71  8 40  7 93 93 72 36 27 19 19 60 51 59 86 98 
56 77 71 89 74 13 70 42 76 54 27 91 71 71 15 57 34 13 71 30 
58 15 79 97 33 93 86 18 99 83  9 22 42 81  2 29 12 19 32 47 
34 44  6 41 81 70 10 95 87  7 50 63 32  6 28 100 96 21 90 56 
45 57 17 11 12 86 34 57 43 33 22 93 95 65 95  3 66 19 44 61 
40 55 83 39 94 61 30 97 65 45 47 93 82 86  6 96 29 86 75  3 
15 30 30 26  4 64 67 13 52 76 12 94 91 41 90 16 92 81 80 70 
77  2 54 53 75  3 95 91  9 16 57  9 84 24  4 21  3 97 16 56 
71  3 70 76 65 27 47 70 16 25 10 84 94 13 83 23 20 55 18 62 
82 59 93 44 49 100 97 89 23  3 31 76 80 10 60 73 55 20 47 69 
21 23 56 40 46 92 98 23 66 57 75 34 45 62 50 28 68 60 70 81 
48 93 92  1 72 78 23 11 43 67 28 88 74 71 18 51 26 56 16 71 
29 96 51 16 63  4 68 45 49 42 34 76 57 99  2 55 81 85 64 98 
75 60 36 61 78 96 95 34 84 44 15 94 19  5  6 14  4 20 81 83 
44 27 25 96 31 37 76 28 78 78 61 61 74 34 95 45 40 59 22 98 
75 62 58 71 47 67 66 10 32 46 61 47 14 50 74 65  1  5 80 91 
64 85 64 13 35 14 73 74 80 59 88 13 39 92 35 44  6 35 91 77 
10 43 77 59 10 62 35 79 80 55 56 96 74 91 72 86 66  3 30 93 
 4 51 31 75 14 76 22 80 83 33 90 45 65 55 17 43 19 71 64 14 
71 77 61 35 51 100 99 47 65  4 79  2 54 30  6 13 39 21 66 40 
69 24 81 15 28 21 93 33 12 34 87 63 48  5 40  1 63 13 100 92 
17 79  8 56 61 14 50 13  5 10  7 58 79 45 100 46 88 97  6 42 
89 62 89 13 36 59 74 41 39 100 13 34 95  4 41 38 14 65 27 56 
34 20 18 94 51 63 34 20 80 48 18  2 55  7 71 32  6 87 57 44 
 6 48 83 56 33 82  6 37 24 99 94 22 26 51 29 91 54  7 64 49 
79 93 70 70 45 37 40 12 21 85 29 29 56 78  7 41 15 100 85 71 
49 22 57 56 15 63 22  2  7 47 56 46 84 20 96  1 83 20 75 10 
31 85  2 85 45 57 99 32 83 47 25 41 39 84 91 32 82 85 99  8 
23  8  2 48 58 77 26 11 95 42 80 48 36 86 16 76 79 90 100 72 
88 11 38 59 90 69 25 81 95 73 41 41 77 21 31 11 14 67 14 95 
29 52 24 40 25 18 22 44  3 21 14 90 47  1 15  9 54 25 58 56 
85 12 74 93 86 37 72 54 14 55 53 78 51 94 75 31 75 42 66 62 
30 54 96  8 81 39 61 56 65 93 67 30 77 37 13 67 27  9 78 51 
60 27 34 12 15 43 69 96 86 97 35 13 50 72 42 27 89 96 33 30 
95 96 15 53 63 87 13 39 92 68 76 19 87 84 43 57 53 67 11 36 
18 82  1 52 94 24 54 35 50 88 42 23 97 90 27  8 37 94  5 57 
68 100 96 22 58 11  6 39 72 24 13 81 75 27 87 14 100 75 18 30 
56 51 39 79 95 77 17 70 78 13 63 42 77 77 61 19 97 65 43 45 
73 66 70 41 18 37 66 46 85 10 33 35 39 92 40 20  2 64 62 98 
23 62 70 100 72  1 54  2 70 33 24 28 10 33 79  9 21 85 71  7 
27 56 65 31  8  9 86 59 72 90 72  6  1 35 16 83 97  3 50 92 
25 39 44 17 28 61 44 12 60 26 15 82 86  6 46 75  3  7 63 24 
15  2 48 16 89 19  3 91 78 96 91 29 60 36 22  8 71  8 72 57 
22 79 52 72  5 95 31 79 44 48 73  2 82 61 22 86 55 33 24 98 
 9 64 36 14 98 72 45  1 76 57 92 68 63 65 94 61 37 25 50 14 
45  5 55 57 47 39 65  2 44  6 87  5 16  5 77 97 13 41 72 25 
24 92 94 69 47 68 64  3 26 64 24 71 92 22 67 51 69 14 33 43 
97 63 53 13  7 100 75 64 44 22 31 26 18 91 15 80 95 34  3 55 
47 91 51 60 81 98 69 57 19 20 69 14  8 90 42 68 47 68 97  2 
29 23 37 79 79 11  7 13 41 69 87 15 88 58 11 67 67 48 56 62 
 6 14 50 96 42 12 46  8 61 26 38 73 80 41 45 31 12 41 36 64 
 2 63 46 16 81 52 52 33 21 97 67 81 64 45 96 64 19 80 69 72 
33  7 69 65 54 63 37 85 81  8 42 61 37 52 50 43  9 53 81 97 
41 57 73 10 35 32 27  7 78 73 92 18 25 39  4 32 22 70 71 18 
45 71 61 34 85 81  7 71 100 31 21  4 17 32 15 16 17 74 52  8 
30 96 97 63  7 98  9 35 79 27 98 81 91 71 18 39 54 36 43 15 
22 47 34 28 76  7 36 87  4 43 53 90  1 49 61 60 58 73 36 45 
81 80 67 78 99 19 83 51 40 31 65 67  3  7 15 81  7 87  2 14 
94  3 85 71 46 85 68 51 20 67 48 82 79 11 98 37 40 64 96 52 
32 75 97 78 16 60 54 83 66 92 50 96 15 36 91  4 23 10 62 22 
10 34 21 18 78 59  2 34 84 80 56 40 72 65 72 90 23 10 22 55 
58  4 63 36  5 21 93 68 15 37 11 19 85 95 83 84 32 58 12  1 
67 19 34 83 46 79 17  9 97 78 83 88 35 93 51 26 63 12 66 33 
73 94  2  3 95 45 78 51 80 71 46 18 24 70 57 10 19 83 85 20 
39 32 25 14  9 79 92 68 45 11 38 68 18 13 46 94 90 71 58 45 
52  6 68  7 18 29 20 51 36 29 33 24 63 53 25 28 63 53 84 55 
32 35  5 19 55 40 90 62 16 39 82 96 86 17 46 20 55 95 21 71 
 7 54 79 48 49 45 60 87 63 26 93  4 22 90 39 79  5 28 68 52 
27 52 89 36 43 43  8 20 96 40 47  6 14 60 38 58 79 75 99 92 
10 31 95 45  3 53 68 23 41 25 53 63 75 69 81 67 27 75 46 90 
70 36 94 58  9 52 37 77 54 40  8 51 51 48 41 24 51 81  7 48 
33 14 96 59 73 54 82 29 23 17 59 42 92 86 27 76 10 63 97 96 
95  7 99 86 41 98 34 42 34 71  9 21 85 68 71 16 98 79 88 44 
48 26 31 37 14 96 21 58 72 28  7 51 88 13 32 55 50 82  2 94 
42 33 56 13 22 82 93 69 16 53 22  1 78 34 22 24 25 43 78 55 
75 54 75 69 51  6 63 73 83 39 10 53 23 90 12 38 85 11 73 27 
96 27  7 73 97 53  2 49 51 57 82  1 28 84 54 57  3 37 47 21 
13 24 64 35 84 19 91 37 84 97 90 48 32 60 40 90 56 64  7  2 
81 29 10 26 57 53 40 98 17 40 92 18 70  1 55 11 41 36 82 23 
26 39 37 63 30 52 36 62 73 75 37 64 68 72 18 40 45 24 69  6 
12 85 84 91 30 24 46 11 15  2 79 49  4 12 31 54 80 74 79 90 
39 34 81 37 79 33 46 87 87 68 42  4 86 82 30 53 94 13 45 67 
27 77 66 63 23 36  1 59 80 24 28 87 94 39 29 75 72 45 54 22 
23 47 78 79 65 47 26 49 47 58 44 11  6 22 30 76 72 89 21 86 
11 96  4 93 60  9 41 57 53 62 72 41 51 58  7 73 29 28 86 52 
81 24 47 85 68 84 25 95 60 81 89  5 73 96 57 38 27 80 61 75 
52 30 10 88 19 48 75 70 38 87 30 87 64 92 97 79 30 63  2 29 
53 83 19 12 46 87 85  8 72 98 81 17 12  2 76 45 59 74 69 11 
23 81 60 76 20 55 74 13 53 91  6 85 74 43 34 37 47 49 50  3 
60 34 22 45 59  4 100  9 31 67 15 11 15 39 68 37 65 68 15 65 
35 23 67 88 81 57 51 26 67 73 81  4 38 54 13 39 65 31 73 56 
82 82 25 28 25 56 74 31 28 88 18 10 79 71 71 51 64  2 45  1 
