20 50
68 87 86 17 45 99 84  8 50 52 27 41  6 28 73 89 49 83 62 61 
59  2 69 29  6 86 63 76 19 64 61 32 49 64 33 48 24 19 65 32 
22 54 99 78 97 37 31 67 33 43 88 47  9  1 32 29 96 98 90 79 
18 24 52 41 82 57 16 64 29 99 95 25  4 52  3 61 18 43 78 51 
41 22 95 75 60 97 51 90 93 61 15 53 20 71 95  6 39 11  2 99 
93 85  7 30 87 44  2 17 28  3  6 47 24 74 39 58 64 92 31 24 
47 98 21 65 64 32  9  1 90 49 33 76 89 20 64 49 47 48 58 66 
100 33 94 17 42 62 97  6 60 17  3  5 35 16 21 44 13 50 78 13 
65  4 49 41 98  3 26  4 88 92  3 63 17 68 70 68 68 38 46 13 
25  1 55 88 95 57 55 35 52 94 76 86 11 98 86 87 13 40 37 31 
35 10 42 24 14 90 45 39 70 96 51 58 66 93 58 29 91 30 80 70 
 1 42 67 16  7 40 93 38 38 48 73 52 46 79 100 30  7 95 50  6 
74 87 31 31  4 36 11 50 57 29 12 86  8 75 44 96 85 67 77 81 
66 59 73 53 96 45 78 38 47 76 57 67 13 82  4 16 35  9 14 17 
48 27 50 36 39 82 99 33 54  9 44 28 27 76 30 23 41  3 60 14 
25 66 24 73 29 71 77 71 17 75 95 62 54 27 38 74  8 35 46 95 
29 19 38 39 60 51 98 23 12 34 64 56 12 59 15 72 13 100 26 69 
57 52 68 94 91 64 39 58 11  8 71 89 39 56 46 70 50 79 98 31 
23 45 26 18 45 97 26  7 88 32 50 76 22 59 48 75 10 99 66 80 
43 27 73 78 49 10 10 15 17 55 37  4 44 100 93 36 87 57  9 14 
98 67 64 22 20 12 97 99 72 26 79 94 21 41 47 17 96 40 46 13 
 1 31 57 91  3  4 74 57  1 97 75 12 30 37 28 64 70 42  9 66 
53 49  9 63 86 70 52 91 19 90 41 55 22 89 61 97 68 93 37  8 
82  9 63 59 44 38  5 27 67  1 57 79 94 73 70  7 35 38 69 13 
30 30 93 48 18 21 35 62 17 47 54 24 71 73 76 37 30 41 35 95 
84 76 10 100  4 10 69 42 40 63 80 59 71 47 42 71 13 62 77 32 
51 20 33 22 10 79 24 59 83 43  4 73 78  6  9 53 11 28 21 36 
66 75 22 72 10 55 68 89 92 59 79 92 63 64 92 26 44 47 80 85 
11 18 64  1 76 57  9 18 17 38 40 37 27 94 31 14 66 34 41 51 
69 89 90 79 48 37 18 47 74 27  3 47 69 52 96 77 64 12 42 41 
39  8  1 95 30 41 100 98 95 70 34 94 15 49 50 88 70 32 87 21 
13  2 43 95 99 18 15 45 51 85 27 94  6 19 57 62 67 35 82 11 
20 23 39 45 83 41 57 79 78 88 92 21 15 43 54 70 87 62 97 20 
14 50 66 50 28  5 21 55 88 24 47 73 84 21  8 82 11 68 91 99 
59 26 15 19 52 65  3  1 98 71 33 96 31 40 11  7 93 61 24 24 
36 51 19  7 73  9 76 92  4  7 77 62 95 73  3 27 42 90 69 67 
17 59 88 94 77 24 17 89 36 15 79 95 73 67 68 19 46 93 33 39 
23 100 93  6 69 13 67 48 36 39 26 85 45 86  2 27 30 80 32 24 
65 75 51 44 34 30 45 63 87 42  8 51 53 62 16  3 13  5 53 17 
100 45 35 58 10 26 15 80 93 51  2 13 39 82 33 12 71 40 11 48 
67 38 99 91 27 49 99  4 57 16 50 16  6 36 72 38 94 91  2 13 
23 12 94 64 56 72 84 37 21  1 88 93 37 62 64 61 53 92 51 79 
82 38 11 19 89 51 72 58 56 39 35 72 71 20 98 45 45 82  7  1 
16  5 61 76 99 19 78 41 77 63  4 60 13 86 39 69 98 41 89 83 
73 41 33 11 68 54 14 100 38 87 77 99 60 17 31 41 22  9 72 34 
95 62 98 14 22  1 82 35  5 47 60 84 55 29 73 12 93 63 94 94 
75 23 92 16 74  4 39 66 56 33 64 32 29 17  4 57 48 88 26 66 
38 65 100 42 68 43 21 51 44 10 23 13 61 30 25 87 55 62 34 19 
13  7 28 63 91 66  1 100 21 98 19  5 82 45 90 58 99 78 88  3 
21 67 82 98 48 45 28 31 67 84 17 92 98 62 86 60 39 55 57 86 
