10 20
89 51 36 82 47 63  5 98 76  3 
11 32 43 64 31 100 63 91 100 79 
100 93 31 69 97 36 93 43 28 46 
54 45 25 95 66 38 55 44 64 100 
63 22  5 91 61 56 28 59 63 23 
98  6 91 24 13 59 28 41 19 69 
41 61 24 25  3 52 72 65  1 27 
 1 75 66 60 12 63 23 22 72 44 
49 49 32 75 14 23 36 100 58 46 
70 36 44 57 20 49 22 54 88 42 
49 11 80 61 46 17 70 95 41 40 
30 73 14 51  6 82 78 62 84 28 
33 33 78  7 61 66 36 20 68 92 
48  4  3 20 37 44 76 94 23 30 
35  5  8 58 33 69 74 25 33 74 
65 17 50  5 86 62 60 31 89  9 
20 53  4 72 16 45 45 64 27 10 
86 94 11 86 33 76  7 29 49  6 
50 53  2 29 27 94 15 83 40 97 
61 16 59  6 32 14 49 15  9 49 
