2 200
58 71 
65 95 
32 31 
 6 58 
29 57 
39 57 
79 27 
22 31 
53 48 
 8 58 
67 88 
73  9 
 8 23 
18 67 
62  2 
50 54 
70 88 
46 46 
55 14 
87 32 
13 96 
84 84 
11 50 
 3 79 
37 30 
 6 84 
 9 40 
43 93 
74 60 
47 58 
27 50 
100 92 
53  8 
36 63 
30 19 
61 66 
76 48 
31 21 
53  5 
93 57 
57 11 
 6  1 
16 37 
83 23 
 3  7 
26 80 
91 61 
34 35 
36 18 
92 54 
34 97 
38 17 
79 79 
13  8 
 8 45 
97  4 
18 81 
94 48 
85 85 
11 14 
50 30 
100 18 
86 66 
92 45 
61 69 
47 92 
24 73 
89 81 
85 85 
35 39 
76 35 
 9 67 
67 60 
37 84 
27 21 
24 28 
36 42 
48 18 
18 16 
19 97 
32 93 
83 59 
64 20 
91  2 
36 64 
48 31 
97 84 
54 80 
19 36 
31 45 
85 90 
46 38 
100 29 
12 73 
50 71 
16  2 
81 31 
60 54 
91 36 
87 79 
84 87 
42 99 
 8 91 
51 46 
31 99 
74 91 
19 25 
57 62 
40 57 
39 100 
54 22 
85 92 
44 89 
15 51 
65 91 
30 31 
27 54 
61  6 
54  5 
 2 43 
84 59 
82 29 
35 42 
98  9 
89 73 
57 55 
94 84 
76 44 
 8 46 
94 91 
 6 29 
82 82 
64 18 
74 89 
83 68 
56 50 
30 13 
25 98 
 9 81 
96 52 
16 97 
56 50 
14  7 
52 59 
84 14 
77 40 
77 38 
77 26 
 3 96 
97 31 
88 58 
84 57 
82 66 
 6 36 
10 81 
86 79 
 3 27 
22 55 
52 55 
 7 80 
45  4 
 3 59 
98  8 
88 85 
30 81 
100 29 
61 95 
28 22 
91 96 
84 16 
 9 48 
13 93 
98 62 
14 84 
94 25 
92 38 
 1 10 
24 56 
33  7 
11 68 
29 25 
99 16 
20 37 
 6 23 
85 97 
 3 22 
63 53 
 8 58 
25 53 
17 86 
69 83 
14 59 
72 11 
 5 55 
93 50 
64 57 
 5  4 
 3 93 
55 70 
24 82 
