10	200
24	14	17	10	16	23	8	30	19	16
5	2	18	42	44	27	18	36	41	32
39	31	34	39	24	50	30	5	30	26
3	4	38	45	19	10	4	40	3	16
25	40	5	44	9	21	40	28	36	9
13	34	36	8	7	43	30	29	36	17
43	3	50	44	13	1	14	23	23	34
23	28	33	25	7	49	27	41	30	4
10	3	20	21	13	20	19	31	39	27
30	26	4	37	23	22	40	12	32	9
7	18	5	2	36	35	2	11	1	8
17	40	49	33	8	41	34	30	31	44
32	34	34	46	4	48	25	47	2	36
10	15	10	22	48	42	48	18	36	28
18	9	30	32	11	41	28	22	30	33
38	11	31	38	28	24	35	9	48	39
11	6	9	16	49	2	31	28	36	16
44	17	44	4	26	24	4	2	36	14
21	3	17	20	48	49	34	22	44	24
8	39	21	47	17	12	50	15	34	9
11	50	37	15	39	22	17	28	13	4
20	33	24	34	19	8	39	40	18	50
18	9	34	12	8	5	47	48	37	14
25	39	19	28	4	21	17	3	31	26
33	7	10	41	4	25	16	37	29	9
24	10	47	35	41	2	17	26	7	35
26	20	41	49	30	32	15	46	31	49
42	37	10	43	18	12	50	44	8	33
40	10	19	28	41	15	43	35	37	3
4	42	46	47	1	13	17	11	11	23
11	20	6	31	18	37	1	5	17	30
2	24	18	25	45	16	2	13	8	15
39	31	10	29	45	50	41	13	42	5
46	40	33	35	23	20	5	39	11	4
15	38	18	8	1	30	24	22	2	36
12	4	3	46	34	31	11	28	36	18
47	38	14	13	34	13	42	34	3	25
12	14	3	5	1	2	13	2	29	15
27	20	12	7	44	43	37	37	1	42
10	28	3	43	8	27	25	5	24	38
39	41	20	27	25	49	1	49	46	33
18	9	50	21	42	28	27	7	20	42
27	5	33	11	16	34	11	11	47	25
27	8	28	41	27	37	50	35	33	45
42	38	42	19	25	1	29	32	2	31
1	18	36	33	12	34	8	10	12	41
38	41	2	21	7	10	32	10	45	5
28	42	25	25	1	39	14	15	37	15
6	30	9	16	25	9	23	46	29	43
29	41	24	42	7	1	37	21	12	15
20	20	37	47	3	9	43	11	32	24
21	43	23	47	35	9	32	36	47	48
38	36	31	2	27	38	19	34	19	50
3	44	3	22	46	37	43	13	13	17
16	12	15	5	23	36	18	27	8	48
20	1	24	15	27	34	39	36	21	16
40	10	43	33	22	27	41	1	2	48
17	20	23	31	32	27	22	26	30	41
20	42	27	21	31	2	20	39	46	12
49	8	43	48	27	6	19	32	34	46
46	17	26	10	32	50	28	43	33	1
13	13	6	30	47	48	34	23	2	20
8	3	6	41	50	10	27	26	5	26
8	40	43	34	45	3	17	17	39	31
25	27	6	45	50	36	2	13	2	29
23	46	31	14	39	44	12	35	10	22
23	2	39	8	43	23	21	23	35	44
32	17	35	22	45	31	48	12	42	14
9	15	25	26	4	13	10	29	46	2
42	32	8	17	8	24	39	48	2	27
16	30	28	9	48	6	12	10	19	8
46	50	44	46	14	9	28	13	5	31
14	42	27	34	2	50	10	18	14	22
43	50	11	15	49	30	37	17	29	48
1	1	10	38	6	43	39	12	3	49
46	26	44	21	14	24	3	45	7	49
46	44	46	48	16	47	40	30	48	35
23	11	35	7	30	14	32	40	28	10
11	49	15	15	26	17	6	40	2	25
27	42	10	31	3	8	5	13	23	10
4	10	14	19	27	35	42	38	41	50
42	14	18	48	38	47	30	31	22	49
41	50	28	23	9	31	2	5	5	23
9	20	18	19	7	2	36	47	39	41
26	19	49	2	34	14	25	12	43	6
29	25	42	24	19	4	32	41	10	47
34	38	34	19	42	23	46	49	42	36
12	33	42	31	24	23	1	26	40	45
6	40	12	49	45	34	28	44	50	3
21	45	37	43	8	39	36	31	10	11
18	27	21	8	44	46	33	12	1	47
3	7	1	16	41	45	26	35	25	9
45	2	50	40	16	17	46	50	23	35
37	21	16	30	27	30	19	5	6	49
2	17	44	4	50	15	44	22	3	14
14	1	7	2	17	16	27	32	42	27
1	34	39	16	10	33	41	22	39	11
26	22	30	26	8	28	9	47	40	2
24	25	48	10	22	37	15	15	13	11
3	38	13	29	49	18	29	28	44	18
24	22	33	42	38	42	22	31	45	39
8	31	42	41	4	26	36	29	45	24
19	27	10	28	8	38	9	1	28	40
50	31	3	23	28	2	42	7	23	30
15	35	20	25	4	22	46	22	26	23
33	50	34	20	49	48	13	5	34	1
34	21	3	6	39	27	29	20	14	2
34	30	7	15	9	35	7	35	25	36
42	38	26	6	7	50	48	33	24	30
39	37	23	22	47	45	32	15	36	27
44	27	9	24	39	4	44	19	12	15
42	28	31	48	9	46	45	48	49	40
30	46	46	34	13	47	7	35	19	15
3	43	49	49	42	15	29	3	17	4
7	30	22	10	39	11	7	26	14	1
50	35	16	47	47	49	32	25	11	43
47	10	1	48	13	50	30	33	6	44
18	43	32	45	33	1	24	37	46	2
41	32	22	18	15	19	27	3	2	44
34	5	42	25	7	48	30	25	47	40
32	24	20	20	34	7	4	21	14	47
26	45	29	9	2	16	38	33	33	45
23	28	32	13	10	13	2	8	39	36
22	50	40	7	20	17	12	2	35	9
15	6	39	5	18	40	26	33	23	42
10	47	42	3	17	5	43	8	10	21
6	46	33	29	26	26	6	23	39	36
5	37	49	25	30	18	39	27	45	21
38	19	35	47	27	25	8	37	41	16
24	5	42	14	3	19	23	11	29	43
35	4	44	38	38	23	49	18	24	49
16	16	13	40	34	38	12	36	2	2
19	19	33	24	12	50	46	35	22	11
46	29	48	3	37	35	25	48	10	5
27	41	14	42	50	8	42	3	30	16
8	37	9	28	25	16	22	21	26	38
28	14	47	14	4	37	19	11	4	50
13	14	27	48	25	29	5	41	25	4
9	43	6	6	3	9	21	21	29	21
13	4	22	22	27	13	44	1	39	13
40	32	50	31	3	45	11	12	3	47
12	31	47	23	30	35	9	41	11	45
17	48	32	33	37	9	42	5	21	13
35	5	2	12	15	27	44	25	3	9
49	9	18	33	10	33	8	50	43	43
5	3	40	45	47	42	50	17	44	45
3	6	42	41	12	8	30	35	9	4
41	34	39	3	46	8	31	50	24	5
2	43	12	29	8	32	15	8	16	23
27	28	31	9	7	43	18	27	21	3
3	23	42	40	2	21	15	38	49	39
12	1	43	40	43	11	44	14	33	31
43	23	20	37	27	14	3	31	47	3
41	4	30	22	2	29	1	23	27	38
18	27	9	27	11	27	35	42	16	47
50	5	45	41	10	31	4	6	14	39
18	35	42	46	48	9	21	22	39	15
10	22	37	46	13	16	14	43	26	50
29	12	15	1	4	37	9	39	13	21
26	45	10	38	20	34	36	13	30	3
6	14	4	2	37	29	18	50	28	44
18	11	30	14	11	7	20	42	43	12
50	33	10	18	40	15	12	49	26	30
31	2	14	24	44	15	8	14	14	26
19	10	11	19	4	15	15	46	28	13
14	44	21	18	3	24	5	36	12	22
17	19	24	49	14	17	48	7	21	46
50	7	28	18	43	40	22	41	15	26
50	17	22	13	17	37	31	47	21	20
11	22	2	42	10	1	36	13	6	37
18	9	26	33	14	8	16	4	25	14
3	14	22	37	23	1	48	11	33	27
36	2	36	1	35	28	5	37	8	43
4	9	36	28	8	42	42	39	50	10
21	28	22	8	18	48	1	16	20	9
3	26	31	29	2	17	24	25	48	37
3	30	46	33	10	45	28	45	29	32
10	9	12	23	6	8	30	28	34	37
28	40	17	50	40	29	28	8	26	42
18	17	41	13	7	42	33	40	49	24
21	6	37	39	50	44	14	8	23	45
37	46	41	12	9	14	14	47	43	31
17	21	19	38	14	43	18	49	17	15
25	41	30	11	17	22	3	29	50	46
16	20	35	32	6	23	27	30	5	43
29	37	48	18	7	50	38	50	26	8
27	15	42	9	20	47	16	30	45	38
12	35	47	47	16	47	37	37	33	41
16	39	45	24	37	38	44	12	5	18
34	4	4	42	20	2	29	26	13	9
7	47	36	18	32	44	40	2	3	10
14	2	18	35	42	38	20	18	23	32
4	4	26	28	4	9	32	6	27	14
19	11	25	24	34	20	3	28	43	43
48	43	10	45	4	33	36	19	1	33
32	12	4	31	6	3	21	9	15	24
12	35	25	39	42	3	28	45	2	22
35	42	26	30	34	12	45	32	24	21
23	13	5	45	33	7	7	44	18	31
49	45	14	19	32	13	18	22	3	1
