10	50
15	39	34	49	46	46	4	47	26	31
31	1	39	13	4	22	22	38	33	35
38	20	27	18	36	46	40	12	32	4
15	34	46	27	4	23	1	34	15	19
5	1	36	13	37	24	40	15	7	34
29	25	14	16	42	46	13	16	14	1
6	43	16	23	16	47	6	13	10	31
22	39	24	14	30	38	35	14	32	12
7	25	6	48	26	40	20	31	35	8
11	36	21	15	14	13	36	13	47	40
19	27	6	26	13	40	2	50	36	4
12	49	34	2	45	31	37	18	48	26
27	26	28	2	21	37	18	10	1	18
3	22	18	43	44	30	20	30	36	36
39	20	45	31	47	13	2	19	20	33
26	18	16	21	13	43	49	5	6	27
22	43	50	19	2	40	32	42	8	15
12	8	32	12	38	7	32	47	5	8
35	50	40	18	42	35	7	47	30	2
31	15	25	9	14	46	21	26	30	7
32	10	12	6	21	19	36	4	34	6
12	3	1	48	42	23	4	32	28	18
34	35	13	7	35	48	33	24	49	42
37	6	18	48	27	26	38	35	48	23
49	3	14	24	40	29	15	28	17	41
43	39	48	13	24	47	48	6	21	24
37	13	5	42	19	6	35	3	22	17
36	19	35	5	19	32	22	39	17	6
34	6	7	8	49	49	9	6	25	30
28	33	14	25	37	36	48	23	5	35
44	12	7	1	6	25	5	43	44	43
26	10	39	16	41	31	6	47	43	21
48	30	29	42	39	3	6	11	19	33
34	50	34	33	13	22	50	7	3	25
45	16	12	32	5	19	45	49	34	6
30	1	30	34	37	14	34	15	12	3
19	44	25	11	9	27	26	7	3	19
32	50	45	19	27	33	19	47	38	21
9	8	27	14	3	33	20	50	46	50
39	35	46	50	7	1	41	1	23	28
44	38	46	15	24	31	7	12	8	5
45	37	28	41	45	11	17	12	8	27
7	26	11	4	31	48	5	45	13	27
42	18	24	10	27	21	12	12	40	23
27	9	43	42	5	3	8	5	6	46
34	30	43	47	21	18	28	42	35	27
27	12	49	32	13	28	13	18	15	24
49	6	22	36	50	49	34	20	50	29
40	50	39	18	43	13	25	28	40	10
44	20	28	14	47	15	10	12	29	27
