10	200
25	48	45	11	5	22	40	50	40	16
43	34	33	33	10	29	39	41	18	43
26	24	7	35	33	15	33	38	10	31
21	16	7	31	22	41	27	31	50	47
47	20	38	4	16	34	29	6	20	3
30	23	9	21	17	1	41	10	29	41
39	2	40	10	46	28	28	3	11	20
2	8	41	21	47	7	37	4	19	50
36	28	19	7	1	48	7	37	14	21
50	17	3	10	9	45	30	28	8	39
7	27	46	1	2	22	32	38	25	11
15	38	42	29	5	11	34	33	9	48
21	41	39	40	21	35	6	32	13	2
27	10	46	30	43	10	33	19	6	29
17	20	12	4	7	12	26	24	5	48
12	47	19	11	18	16	39	6	30	17
17	50	25	23	34	6	42	12	37	46
29	16	27	31	31	2	30	35	33	9
10	32	27	16	41	31	41	36	12	28
21	27	39	40	13	17	45	40	21	2
21	14	38	10	20	46	20	39	30	17
37	4	24	22	7	36	24	10	33	4
15	7	50	9	25	2	27	38	18	15
7	41	14	31	39	47	44	18	47	45
11	2	6	45	42	17	4	18	34	27
44	35	7	18	38	15	14	30	36	18
20	33	21	16	11	47	40	43	33	10
43	7	14	38	43	13	1	5	18	8
49	10	4	42	21	22	34	47	44	25
34	15	33	29	26	28	32	41	35	46
27	12	35	25	35	38	22	20	25	25
14	9	12	28	19	10	30	30	45	40
13	44	49	9	26	29	25	35	13	16
32	11	21	23	31	37	25	30	7	34
1	15	23	20	11	26	3	5	11	16
48	2	46	46	33	34	14	27	49	7
14	37	7	9	44	4	38	40	48	32
36	1	24	12	40	49	22	29	48	1
26	20	25	47	18	30	15	26	41	47
24	49	31	50	21	14	8	14	27	8
38	13	8	29	31	48	29	35	6	34
13	35	29	48	31	44	12	10	41	14
39	12	50	1	9	38	20	25	42	26
42	8	3	41	13	14	13	47	17	21
2	31	20	7	35	40	20	33	19	27
2	48	23	13	19	26	14	7	20	43
28	5	43	31	42	6	32	39	36	18
32	16	44	21	12	9	43	43	17	20
18	37	6	15	24	45	35	40	22	37
50	6	27	24	44	48	38	40	15	30
8	31	48	1	46	37	5	3	1	11
34	22	41	1	26	41	49	29	7	48
21	42	18	49	19	26	39	20	28	15
21	3	28	37	12	38	40	6	20	37
40	32	39	11	4	29	15	26	49	3
50	10	33	18	9	16	14	50	33	21
48	35	26	37	41	31	44	4	40	39
2	44	9	21	8	39	4	8	46	40
11	14	21	25	16	11	21	11	29	46
24	41	23	49	40	5	7	3	20	23
36	11	37	11	2	6	1	13	10	20
13	6	4	44	10	35	15	1	22	30
11	34	26	44	15	11	21	10	31	3
33	1	38	23	5	50	28	10	24	10
10	8	1	9	34	18	37	30	40	6
41	6	32	40	13	2	36	43	47	41
36	41	32	7	38	12	19	31	39	11
7	5	28	12	20	3	33	17	10	47
24	42	21	26	13	27	20	48	11	3
15	35	14	33	25	20	27	45	22	22
50	6	41	30	49	37	29	20	20	10
20	20	33	50	18	45	21	6	45	11
43	22	20	37	47	23	41	45	38	1
27	39	46	39	48	18	1	42	28	27
49	1	28	2	34	45	2	14	16	31
50	21	1	11	30	29	36	5	34	26
46	34	32	20	34	31	25	45	3	50
44	29	29	18	13	42	44	19	3	2
22	28	30	8	2	6	38	35	10	20
32	47	9	3	32	15	19	9	18	3
21	8	12	17	37	21	43	33	48	38
35	18	2	33	5	19	5	25	18	28
43	40	36	34	18	48	21	26	37	49
23	35	1	50	31	15	16	13	21	31
14	6	37	22	35	15	45	26	49	13
10	45	41	40	10	32	22	28	50	39
50	17	46	50	15	50	17	3	2	41
3	42	4	38	15	38	4	14	50	3
4	45	28	24	39	29	45	12	40	50
43	39	14	32	31	47	10	38	8	35
49	42	24	9	11	18	41	4	26	23
29	9	29	47	36	6	39	23	11	37
6	6	13	3	48	14	29	22	7	19
28	16	7	16	5	12	21	20	13	22
38	42	36	18	22	34	11	18	47	26
8	38	27	22	29	43	30	22	11	47
40	20	48	7	45	13	2	14	42	24
35	20	10	40	49	15	20	46	32	14
4	11	26	31	11	41	40	36	37	12
33	50	10	16	32	19	44	30	23	9
32	48	26	23	42	39	29	38	23	15
24	35	40	47	44	29	45	17	47	5
24	17	27	31	42	35	11	44	9	31
21	41	23	23	32	7	36	3	40	23
12	2	13	22	39	48	10	13	23	3
24	28	33	19	36	16	21	46	31	7
29	36	30	43	44	34	12	17	15	37
44	42	28	24	43	22	4	5	42	45
25	48	21	6	7	44	8	5	38	17
37	40	22	33	44	27	23	21	28	6
36	44	48	37	9	33	1	9	26	15
12	16	4	37	33	31	15	24	37	1
26	8	30	49	1	5	21	45	31	16
49	34	27	37	9	32	50	35	47	25
43	49	29	24	5	21	36	36	1	13
12	50	34	28	30	29	15	50	36	5
12	6	29	11	16	29	39	18	29	1
32	31	28	13	9	28	30	7	44	30
19	36	45	18	5	50	50	50	8	30
18	1	49	43	13	38	20	19	8	27
33	19	7	50	32	32	22	22	20	3
49	9	6	7	37	27	11	12	7	17
29	39	10	49	34	32	33	36	50	21
8	12	49	18	48	50	29	45	36	23
28	28	31	5	32	10	45	43	6	36
27	9	13	41	48	44	9	9	17	1
50	37	23	49	45	38	10	39	10	37
48	17	26	34	40	2	8	6	18	24
37	40	30	14	44	50	50	9	20	4
41	21	28	36	24	41	6	33	11	44
1	7	33	20	38	11	33	29	2	47
37	4	41	44	14	10	8	9	5	46
39	1	19	7	46	28	39	41	10	49
46	26	45	24	24	31	7	10	26	33
18	21	8	23	18	37	30	35	23	15
34	48	28	15	6	50	38	27	24	11
23	43	20	3	2	11	9	18	20	33
3	48	33	23	29	18	44	46	39	10
49	4	18	45	16	49	49	31	18	24
44	31	36	16	11	25	1	5	22	7
28	12	16	40	13	36	15	6	37	38
7	42	39	15	12	20	25	25	38	4
13	29	50	47	40	23	13	17	13	4
17	39	25	33	32	37	39	29	33	31
34	43	44	31	18	2	42	22	4	41
1	26	18	19	45	49	13	19	50	40
24	48	44	34	22	18	18	6	34	26
32	46	43	7	20	20	36	20	29	39
31	42	14	22	3	42	22	6	38	33
24	20	30	44	8	36	50	10	9	50
35	37	38	28	10	6	34	11	49	25
14	44	41	11	10	32	35	22	32	31
47	12	18	1	2	12	17	50	50	35
20	26	11	29	5	45	4	36	12	48
8	11	8	14	19	31	29	19	34	26
1	29	29	29	4	23	19	37	26	48
40	35	11	14	5	39	33	12	7	15
29	50	10	34	23	36	5	5	32	22
33	48	16	25	35	42	47	32	26	33
27	17	10	15	9	23	50	44	9	31
48	18	13	19	47	2	19	46	7	18
19	14	6	5	16	42	20	37	30	13
42	2	37	24	39	13	40	46	26	50
37	11	47	2	24	16	35	47	28	33
24	2	26	8	15	13	12	5	49	17
4	14	15	46	40	47	31	39	31	34
12	23	20	7	32	8	18	5	31	50
8	23	9	47	40	40	26	30	10	26
2	35	47	10	47	24	47	1	12	27
36	46	16	44	22	1	32	20	26	7
46	8	25	50	9	31	5	18	6	50
22	2	29	5	33	28	27	11	10	9
12	17	43	5	15	12	7	15	26	40
9	7	4	4	31	45	11	48	1	16
19	30	45	13	6	35	17	12	12	45
25	22	10	18	46	29	15	20	36	47
24	40	42	17	42	15	48	26	25	39
17	29	11	44	40	32	23	30	49	31
45	46	4	32	16	37	47	36	9	2
30	41	13	4	43	29	38	28	22	41
37	42	38	23	28	46	12	16	28	14
7	35	22	5	2	29	37	11	2	5
19	13	18	23	10	26	17	7	2	12
45	45	9	8	45	4	8	31	4	20
26	31	9	45	45	45	20	8	2	14
43	28	27	17	23	24	25	16	14	3
29	5	15	17	19	13	27	14	11	49
21	6	7	32	30	38	5	23	28	15
7	10	5	38	19	18	18	43	36	21
30	43	17	2	42	21	17	42	26	33
19	6	47	3	44	37	21	45	38	35
20	2	38	49	47	20	50	27	48	2
46	35	28	41	20	28	39	5	41	9
22	13	48	46	47	1	14	2	45	33
47	24	5	2	2	28	6	19	6	22
21	40	45	24	38	34	29	7	34	16
48	17	4	29	13	7	5	42	2	46
7	49	33	15	6	22	30	27	40	43
23	21	50	19	39	32	19	24	9	14
23	7	19	29	36	31	20	26	39	45
