2	100
23	36
26	1
30	45
34	5
7	25
26	43
2	36
48	14
31	40
32	36
7	5
2	47
25	31
6	3
38	18
45	43
32	25
24	23
44	46
24	34
30	34
31	9
14	7
31	18
25	33
47	35
12	14
35	19
35	29
27	50
39	32
18	39
31	34
12	28
13	26
20	36
16	49
7	23
24	43
34	18
50	39
28	5
22	11
31	18
40	6
38	16
20	25
45	48
17	43
28	30
46	4
6	50
14	12
19	14
8	12
45	42
45	9
50	1
4	14
18	21
4	44
38	7
38	4
17	42
4	9
7	32
16	5
22	47
33	29
41	11
42	17
11	28
11	46
21	11
25	45
45	3
25	8
27	3
16	49
13	10
45	27
10	49
6	14
27	41
38	3
18	26
23	7
29	37
34	10
47	42
34	7
18	10
15	4
7	9
28	20
32	34
17	31
16	16
7	12
23	47
