20	100
1	14	9	2	20	4	1	6	14	12	15	17	2	4	5	16	20	1	3	11
10	18	20	9	19	1	5	5	10	17	13	7	12	19	16	5	18	2	3	6
17	9	5	2	18	6	6	9	12	19	3	12	4	4	11	3	15	20	4	20
20	16	16	17	19	9	6	3	8	1	18	19	18	18	14	1	13	18	11	13
15	16	13	12	15	1	3	8	9	14	10	19	18	3	7	2	14	9	4	10
20	4	2	12	1	5	15	7	11	10	11	18	10	11	6	4	3	5	3	18
6	19	15	15	11	20	1	15	11	13	8	5	15	2	14	11	14	2	11	10
7	16	18	19	3	13	9	8	18	4	19	9	7	6	4	2	10	8	2	2
5	20	17	18	3	6	3	8	18	15	10	2	15	13	12	10	1	16	12	18
11	13	18	8	15	20	19	9	18	12	2	7	20	10	6	7	20	20	17	17
11	2	10	3	14	17	14	14	15	15	1	14	17	4	11	12	3	10	4	3
8	14	11	7	14	4	2	6	7	5	11	2	20	15	8	10	3	15	14	18
6	5	15	4	11	9	11	17	19	15	5	11	16	14	10	17	12	4	10	11
16	9	8	10	5	20	14	2	17	1	9	9	17	7	17	4	20	7	16	6
14	6	7	13	1	20	6	6	6	12	19	20	6	3	2	17	17	5	20	12
15	9	1	18	6	17	15	10	17	6	18	5	9	5	18	11	3	15	10	5
15	8	17	6	3	10	4	14	5	20	7	15	8	4	11	5	6	9	7	4
6	16	10	20	14	14	11	2	6	12	15	2	15	16	18	7	12	15	16	17
14	1	6	18	20	3	18	5	14	13	6	14	9	6	19	19	19	18	12	9
19	2	9	13	6	5	20	12	7	5	14	11	14	11	11	6	11	13	1	12
17	7	8	13	7	2	14	9	17	20	8	15	4	7	18	12	13	13	12	15
3	6	18	10	20	15	1	18	15	14	8	7	17	1	13	13	15	16	6	5
12	11	16	8	17	20	7	7	14	20	13	19	1	7	9	11	9	19	14	12
1	17	14	4	12	2	18	4	14	6	17	17	7	8	4	13	11	11	13	20
9	15	5	16	1	9	7	11	12	3	5	16	3	14	4	15	18	12	16	16
3	4	13	8	3	17	13	13	3	17	20	19	6	15	4	7	12	19	3	4
15	7	12	11	2	2	15	13	5	9	16	20	15	18	18	5	2	17	13	5
17	15	8	16	4	6	10	9	11	18	3	19	10	13	1	16	12	2	7	2
3	20	8	15	2	1	4	8	17	20	6	16	7	19	7	1	19	16	8	16
12	7	3	8	6	17	11	2	18	2	13	20	10	11	2	18	7	14	15	3
2	2	12	12	12	8	12	11	6	1	18	16	15	12	10	16	17	1	9	5
11	3	11	16	7	7	6	16	17	10	14	6	2	5	14	10	15	12	16	19
6	20	16	17	5	18	5	19	1	6	1	7	5	10	13	20	12	17	5	6
2	16	14	17	8	13	15	10	18	1	2	6	6	11	20	11	7	14	12	10
2	8	16	11	9	8	1	12	13	14	19	19	7	10	17	10	6	20	10	13
3	16	1	1	5	16	2	15	11	2	14	18	6	16	5	15	1	4	8	1
12	3	17	4	3	3	19	16	14	11	5	8	5	20	7	6	7	15	6	14
7	7	2	11	1	1	14	11	6	3	9	3	12	10	1	1	19	17	19	3
17	6	1	1	18	7	14	7	10	20	8	6	18	14	15	6	2	7	4	2
10	8	11	11	2	3	16	15	19	7	7	11	17	4	18	1	6	2	14	15
8	8	2	7	16	4	6	18	16	15	19	13	14	17	13	9	16	11	19	15
11	19	8	3	13	18	10	14	17	14	1	1	13	9	15	2	7	5	15	19
17	18	20	4	8	15	17	20	12	10	6	15	3	19	4	9	20	19	14	19
14	12	2	2	15	19	20	5	3	11	2	12	16	1	18	13	20	4	16	19
1	10	3	7	9	6	19	15	6	7	3	9	11	17	5	6	17	18	10	10
15	12	18	1	8	14	20	2	1	12	10	17	4	16	19	5	10	15	14	10
1	6	20	17	9	14	1	19	17	13	17	2	15	6	4	9	13	2	20	15
7	17	14	15	18	6	5	15	19	1	16	2	5	1	10	10	13	1	12	14
14	1	6	8	15	8	2	18	12	10	12	8	16	19	4	4	12	6	20	3
9	6	1	17	18	16	18	15	17	15	17	12	10	6	2	6	12	6	20	10
5	8	4	10	9	8	6	6	17	6	18	7	2	10	5	8	1	10	11	20
11	7	1	18	14	20	18	10	18	18	13	7	7	10	19	2	3	12	8	10
10	12	18	12	18	10	11	1	2	15	6	3	15	1	20	18	8	7	16	10
10	16	9	20	14	12	1	12	11	4	5	9	2	2	10	19	10	9	1	4
10	18	9	3	13	10	12	7	11	1	15	17	16	18	20	14	3	19	19	6
9	19	10	18	10	17	1	14	11	1	8	19	7	13	1	13	8	6	8	4
20	15	2	11	9	8	14	4	2	17	16	12	11	15	15	11	8	11	14	16
10	18	16	10	13	17	11	4	18	7	7	18	12	16	6	15	17	20	10	2
4	17	13	15	5	17	8	12	18	10	6	17	13	12	15	3	19	12	18	13
18	10	6	15	10	19	20	16	9	1	14	8	2	12	13	13	6	2	6	17
9	19	6	9	2	11	6	20	1	4	16	5	3	17	5	14	11	18	5	6
17	13	4	18	16	19	15	1	20	2	18	18	7	2	4	20	5	18	14	20
14	1	15	5	6	9	5	5	8	19	2	8	18	20	20	17	15	9	13	4
16	5	1	20	6	19	19	2	13	6	10	14	5	6	13	17	18	19	12	7
14	10	14	1	20	11	20	8	2	8	5	16	6	11	4	9	20	16	19	8
11	4	13	2	10	9	4	13	7	3	19	16	17	6	10	7	11	20	20	16
19	11	20	6	2	14	8	14	2	4	17	3	1	5	17	10	18	12	12	12
7	8	1	20	10	9	20	20	1	18	19	1	16	3	9	20	4	7	1	17
1	10	11	3	6	16	16	12	10	1	9	19	9	8	9	11	11	1	17	13
14	9	14	5	6	17	7	18	17	17	7	11	12	16	11	18	18	19	14	14
13	8	11	1	9	20	13	8	15	19	10	4	11	8	3	13	16	6	18	10
9	19	16	13	14	19	8	13	18	12	13	12	7	3	1	7	19	14	17	7
4	19	4	18	8	3	1	4	13	19	3	12	1	4	5	14	12	18	7	10
12	20	11	3	6	18	17	8	8	16	15	3	10	12	7	10	16	19	6	11
19	5	20	19	9	2	12	4	19	7	15	1	7	7	15	4	9	1	13	10
7	13	16	18	5	1	3	10	18	15	18	14	13	16	12	8	20	12	14	5
7	14	10	1	2	14	16	3	17	3	2	16	6	16	5	6	9	3	15	9
20	2	6	4	9	1	8	12	15	8	5	17	7	9	4	14	3	15	16	11
5	20	13	15	13	3	8	17	11	6	19	17	18	6	5	5	8	7	13	1
7	4	8	10	19	6	10	18	13	12	4	15	8	5	4	20	9	11	11	7
13	11	1	9	9	8	20	2	4	19	6	17	3	15	4	1	12	3	17	8
14	10	5	20	3	4	10	14	2	5	17	17	16	6	8	16	4	19	2	12
7	8	15	15	6	8	12	13	1	4	9	6	15	3	14	3	7	2	7	5
18	6	1	19	3	10	1	17	8	9	18	13	2	6	2	6	16	10	14	16
12	18	14	19	17	11	2	13	13	5	10	3	13	17	14	1	8	16	13	17
7	16	6	13	6	16	4	9	2	9	8	17	8	11	13	20	13	3	3	12
8	8	5	3	19	16	20	6	12	2	18	20	17	18	9	17	13	1	13	1
7	14	12	5	18	13	15	2	4	14	8	6	14	1	9	20	12	3	14	11
16	19	17	20	11	8	20	11	3	17	8	12	10	2	6	15	16	20	5	6
1	19	3	19	15	12	6	17	9	10	6	10	8	2	6	9	17	13	14	10
13	5	20	7	7	16	17	13	16	15	4	12	19	8	11	18	16	19	6	20
3	4	2	14	11	19	5	8	17	17	19	4	7	16	14	16	19	16	13	19
16	14	1	15	6	15	12	20	12	8	14	18	7	15	8	9	4	7	17	8
11	9	16	20	17	1	5	3	15	15	20	20	7	7	4	9	4	7	8	17
8	5	17	10	4	1	17	13	9	5	13	13	20	5	9	8	19	2	19	6
10	9	6	17	9	14	11	1	11	19	6	17	19	20	1	7	12	7	16	16
4	13	15	11	3	8	1	3	19	17	11	3	9	3	8	20	20	20	1	11
10	17	2	10	19	16	14	20	5	2	16	12	7	3	2	17	14	15	14	2
13	9	3	14	9	4	9	16	13	2	7	13	7	5	6	7	12	6	12	8
14	1	19	17	2	19	17	6	1	12	6	5	6	20	18	2	15	9	1	16
