5	200
48	67	49	80	91
36	36	22	27	46
79	25	35	35	91
39	20	60	48	97
61	48	65	73	95
91	27	23	49	84
87	66	35	26	61
20	75	76	80	43
1	16	7	44	38
6	62	52	54	51
76	11	51	73	47
100	2	76	86	1
10	14	74	43	60
14	91	9	75	72
65	45	81	5	96
45	42	22	35	90
29	76	69	98	9
76	15	62	79	61
19	99	90	80	34
88	42	64	84	25
16	54	77	83	86
31	31	47	78	3
59	80	41	97	72
35	45	77	34	85
100	29	30	15	53
67	55	2	71	8
4	79	38	11	75
76	99	86	13	78
45	68	85	77	2
40	58	94	8	100
43	66	30	100	26
87	24	62	31	19
76	30	76	70	99
81	42	31	23	96
36	60	64	57	40
32	45	54	13	14
10	62	94	72	65
39	49	38	86	88
53	38	56	94	3
16	92	15	78	22
98	27	72	12	65
84	2	74	61	94
43	71	49	17	10
15	36	5	5	61
32	4	45	35	44
99	4	71	54	24
40	30	76	92	17
83	90	82	8	82
37	75	78	93	46
82	89	40	85	88
80	88	10	18	91
94	82	38	68	67
81	32	20	38	54
13	96	58	1	28
26	55	98	24	25
57	27	53	89	63
10	65	86	67	44
53	20	59	2	23
1	52	14	42	1
6	56	41	39	34
87	31	39	58	63
26	91	87	93	34
67	30	49	6	57
17	46	54	94	1
93	37	57	78	27
74	41	56	23	19
2	87	15	56	76
79	26	29	5	19
63	34	66	68	56
72	4	8	85	85
61	3	48	38	41
50	75	62	31	89
86	35	64	74	32
81	15	94	31	79
91	17	49	75	39
59	72	89	22	56
71	33	72	39	59
100	40	77	15	26
5	65	99	16	34
28	71	92	36	76
57	10	78	7	95
44	54	73	100	83
79	86	40	76	19
53	64	26	16	33
42	39	80	5	75
27	18	33	42	11
89	80	53	47	99
61	55	65	44	16
46	67	77	32	48
19	25	24	98	81
65	46	77	4	34
19	31	73	33	68
26	21	32	89	94
99	33	94	77	58
98	100	82	100	87
76	62	48	58	56
3	95	36	62	47
44	4	50	13	81
31	83	32	77	90
26	36	89	39	49
86	32	48	40	83
66	64	77	17	59
57	83	15	78	66
32	85	71	43	51
95	84	81	96	28
16	68	6	11	62
40	74	10	9	70
71	48	97	79	82
80	27	33	55	24
49	68	55	11	59
41	66	47	88	55
3	51	52	13	67
98	59	67	56	19
84	74	7	8	95
84	89	92	61	72
69	51	26	73	80
49	13	95	52	22
75	28	22	55	68
21	97	84	12	84
21	61	78	36	41
75	62	48	16	75
52	75	86	17	87
52	25	80	34	19
86	64	15	35	45
57	52	52	41	75
88	5	80	78	51
8	74	91	33	5
87	65	80	77	70
1	42	6	69	16
96	17	51	94	98
57	46	44	91	84
24	10	8	41	88
48	95	9	66	79
78	35	48	29	32
22	85	38	65	45
16	47	84	25	80
71	55	87	80	94
63	31	100	49	82
78	58	39	90	23
6	33	40	91	39
61	70	22	62	77
73	8	79	47	69
77	27	84	62	17
93	9	30	73	16
48	35	99	48	55
65	47	49	43	40
83	7	93	87	19
1	33	26	3	22
56	53	54	80	5
52	74	78	74	30
98	4	68	75	91
26	72	75	8	13
27	60	37	7	87
70	34	97	44	16
61	83	27	51	61
96	82	19	43	3
91	70	76	13	42
79	40	19	96	93
30	59	19	91	96
96	16	47	94	35
19	78	34	58	69
15	78	17	14	96
45	53	32	5	22
57	85	24	66	8
31	15	2	51	87
3	65	36	56	65
80	35	26	9	85
14	36	18	44	28
2	24	6	100	49
78	28	14	69	39
12	92	82	86	5
4	76	84	72	67
50	42	62	49	17
10	27	23	20	9
22	67	81	38	7
8	10	2	3	9
76	51	67	17	54
88	54	40	4	81
38	52	47	77	78
60	62	57	84	39
51	5	95	61	17
46	12	44	80	98
95	75	82	63	92
99	76	45	96	29
56	88	20	39	72
71	21	4	61	47
46	53	18	64	58
71	57	7	100	8
77	11	60	7	87
63	71	84	86	79
85	17	62	56	83
64	86	56	89	47
25	9	83	34	52
42	58	18	5	21
43	70	46	88	53
46	28	13	52	10
100	37	18	82	63
29	92	62	81	95
86	2	18	54	83
68	28	27	55	46
