5	50
26	11	13	13	29
6	41	15	31	19
4	2	3	39	9
47	50	42	32	23
11	30	17	6	20
41	23	3	41	11
49	45	14	44	3
46	8	31	50	47
15	38	44	5	36
13	40	15	5	14
49	2	38	23	9
47	44	7	44	39
34	39	24	20	21
10	39	10	37	14
39	20	42	36	8
23	36	13	21	8
2	9	49	27	13
48	7	41	35	6
2	2	38	12	13
27	15	25	35	26
24	31	29	41	26
30	10	2	15	37
12	31	37	36	37
25	41	47	7	23
4	48	26	31	12
37	32	31	23	31
9	12	29	45	34
21	30	8	2	34
39	6	27	49	45
21	15	2	25	38
36	18	18	12	23
27	6	48	29	40
48	29	29	34	28
1	3	43	3	17
46	34	46	23	35
48	22	27	37	41
22	30	6	35	46
42	44	17	22	7
16	33	29	13	36
10	27	43	21	45
19	23	50	9	43
3	22	45	28	26
5	29	12	38	18
19	24	45	39	37
7	36	21	46	1
13	5	34	37	25
22	30	7	43	23
49	31	48	42	43
21	49	40	47	3
38	21	42	45	18
