2	100
13	17
6	1
1	10
6	1
18	10
8	3
16	11
9	14
7	4
11	19
11	11
10	12
4	15
16	17
17	8
19	20
3	19
3	12
8	3
2	18
2	1
17	4
19	9
11	2
19	16
14	12
19	13
8	3
7	14
17	7
15	9
5	10
11	9
1	18
8	17
6	4
3	14
18	11
15	7
14	15
4	15
18	1
15	8
2	10
11	1
5	15
7	16
4	13
17	7
13	11
9	14
14	2
10	10
9	5
15	18
9	1
1	2
4	20
12	4
16	3
7	11
8	8
13	12
18	8
11	6
14	8
14	3
7	10
1	17
11	5
20	18
15	13
12	5
15	5
13	4
1	13
11	10
4	18
7	7
10	19
13	1
14	9
4	1
7	18
15	14
20	15
14	12
4	10
16	15
16	8
18	14
16	8
6	2
18	4
20	9
4	15
8	13
12	19
4	7
10	12
