5	50
2	28	48	38	36
8	36	6	42	40
9	23	12	30	8
2	34	33	41	24
26	46	40	43	25
48	37	20	11	12
34	37	33	44	15
42	24	26	1	45
26	18	29	25	49
30	50	18	34	9
21	25	50	42	32
6	39	5	14	39
21	16	46	30	6
22	40	19	15	16
29	9	33	47	48
9	17	15	45	45
48	20	37	2	42
10	38	41	12	9
3	19	12	13	24
10	22	49	20	27
40	32	3	18	31
12	42	4	45	24
39	25	11	19	41
2	30	44	39	46
35	50	7	7	13
10	47	20	23	38
37	19	45	19	5
17	17	19	22	31
18	34	47	39	20
29	9	44	23	22
30	29	10	25	42
41	25	47	5	22
15	22	31	7	37
21	30	43	14	25
36	11	23	9	28
1	4	18	38	35
1	4	48	2	8
9	9	21	27	15
42	21	15	50	16
46	4	40	3	50
49	17	30	48	37
19	6	2	47	41
37	7	10	21	21
12	25	30	49	28
12	10	16	49	34
16	47	23	44	32
48	14	16	39	36
35	24	1	15	39
4	8	24	36	28
35	11	45	30	4
