2	200
19	7
2	8
6	13
11	10
14	2
4	10
1	20
14	6
19	20
9	16
10	5
18	16
20	20
17	14
17	13
7	8
15	10
17	18
9	11
1	8
10	18
7	14
5	9
11	14
17	4
6	11
18	4
2	14
10	7
8	7
16	17
14	1
16	16
15	11
3	17
17	9
20	1
6	13
19	4
12	12
9	4
17	13
8	17
11	12
8	3
9	3
3	14
13	14
5	6
19	10
14	20
11	20
8	17
11	17
18	10
15	6
15	16
19	13
1	1
14	19
6	4
4	1
9	14
6	6
9	13
8	14
6	3
19	9
13	18
6	11
6	14
14	19
8	3
8	8
15	20
14	4
12	20
4	11
17	11
11	14
11	5
9	6
2	2
1	13
18	10
20	3
16	4
14	12
10	6
13	7
7	19
12	9
20	5
2	6
19	8
13	2
7	12
20	1
6	9
17	7
3	16
10	6
20	11
9	9
6	13
1	12
19	5
8	13
14	20
6	18
20	15
15	10
18	19
17	4
4	14
7	2
9	6
4	11
9	6
9	10
17	14
20	7
8	1
4	2
5	8
7	6
3	20
7	9
2	1
9	2
14	5
6	13
6	20
4	13
2	17
4	9
11	17
1	7
15	9
3	17
16	15
19	16
7	2
19	10
20	16
10	9
18	8
16	12
9	8
1	8
18	11
1	9
4	19
15	7
19	1
14	14
19	12
7	19
6	10
6	5
2	15
14	6
7	16
11	4
1	10
19	8
8	15
19	6
15	11
13	9
7	12
11	20
3	17
11	7
1	17
7	19
2	16
6	4
17	15
2	9
8	11
6	10
3	7
6	4
13	2
5	15
18	17
18	10
4	15
4	10
6	5
4	5
3	20
6	12
9	16
9	20
10	5
2	17
7	1
18	16
