20	200
37	24	41	44	43	76	30	94	14	60	87	96	69	30	94	28	79	93	42	33
52	4	34	2	62	15	74	53	77	26	90	35	64	69	48	82	11	60	46	42
86	2	18	1	71	74	48	86	30	8	71	78	100	71	39	34	90	39	82	28
3	78	17	88	71	52	33	1	83	12	17	19	48	1	47	51	86	34	32	88
68	88	23	70	55	12	36	94	30	15	92	72	78	18	39	9	85	30	30	20
42	47	4	19	91	52	31	99	24	88	48	57	8	94	61	15	56	47	34	59
16	40	71	68	20	46	42	30	62	39	66	57	4	13	47	21	85	5	80	3
82	37	71	42	67	36	65	85	57	25	53	38	97	72	4	3	77	36	99	46
11	1	37	85	23	91	54	96	47	40	31	51	68	31	78	79	69	29	1	85
81	57	73	38	86	28	61	32	9	45	45	50	6	34	93	81	1	86	20	77
83	69	38	17	95	2	71	67	95	25	34	48	35	15	65	54	28	100	99	95
31	22	87	3	96	81	45	34	38	97	79	84	10	25	2	13	20	56	44	85
58	95	38	85	12	98	15	92	70	39	53	1	88	25	46	62	83	35	22	14
57	37	29	98	46	51	38	10	13	53	34	73	57	15	38	37	84	3	91	99
67	54	65	100	45	79	96	85	80	41	31	85	35	30	28	22	66	40	39	62
60	6	80	18	5	81	45	74	88	10	78	80	45	23	47	4	72	29	54	68
55	54	31	72	22	50	38	27	88	17	71	45	64	30	40	62	74	48	95	64
34	23	98	71	64	51	41	12	83	24	50	37	87	72	7	6	75	9	96	56
44	18	87	72	39	34	16	15	84	86	31	25	34	91	34	33	57	61	8	72
9	27	44	64	68	34	59	93	23	34	87	65	53	40	21	16	36	27	32	31
35	26	28	98	93	25	4	96	38	75	50	14	1	24	47	17	75	23	5	5
75	24	93	51	99	66	73	95	70	18	97	31	29	78	37	83	99	47	71	43
31	63	56	49	84	73	65	29	93	4	42	14	23	28	56	12	34	78	99	28
52	9	27	20	78	20	86	24	87	64	19	28	52	62	74	13	68	45	67	26
2	45	2	67	77	84	9	2	22	26	50	21	49	44	91	23	37	36	71	65
88	42	42	29	85	14	62	61	54	44	44	90	12	73	27	8	8	61	44	95
12	84	2	62	15	99	80	8	71	52	77	33	74	3	39	60	4	73	82	63
22	48	48	79	82	61	10	76	18	84	15	77	92	77	53	4	40	80	15	87
34	55	90	3	67	12	16	10	35	67	5	35	79	82	74	65	37	24	81	55
89	5	91	88	37	1	41	98	50	35	21	24	59	95	29	68	58	45	12	71
46	100	42	51	79	80	98	11	4	89	68	17	100	61	98	30	64	3	66	67
72	18	61	100	47	81	77	85	53	6	7	92	12	10	10	90	63	40	9	57
4	30	95	61	68	4	25	98	97	100	4	56	80	45	100	28	40	42	5	99
4	13	59	98	83	76	5	90	52	9	67	24	94	10	64	42	23	100	33	44
57	80	89	53	2	51	13	67	11	82	50	22	36	11	54	92	71	98	79	92
99	36	47	88	34	81	62	71	82	58	6	41	10	62	42	25	24	7	96	32
64	38	79	70	60	46	88	83	56	73	71	25	21	41	45	22	33	1	20	22
89	43	86	54	76	10	12	75	69	30	68	65	3	47	29	62	57	77	29	89
93	80	15	10	87	81	20	69	17	21	92	23	87	74	43	22	53	26	95	51
34	13	15	27	5	7	23	74	13	84	65	56	73	32	30	10	29	77	67	96
90	44	59	48	38	45	78	29	5	8	9	32	83	79	55	80	65	88	5	81
58	46	56	34	57	36	51	56	45	33	94	77	59	99	61	91	55	67	90	61
29	94	70	6	75	34	74	95	77	50	45	41	73	86	38	44	88	25	92	2
95	23	85	72	15	33	73	84	18	64	25	99	99	44	53	64	76	51	60	23
63	56	79	95	88	53	4	73	62	17	4	31	75	88	66	7	10	98	92	42
61	90	78	13	25	47	42	29	34	74	68	38	65	70	40	40	44	90	84	62
29	100	23	1	61	95	24	12	78	47	55	79	59	19	62	73	79	66	70	42
12	76	40	88	49	66	66	6	49	27	63	20	15	31	13	61	68	77	53	31
23	31	51	88	20	90	79	47	8	67	61	78	20	43	51	54	61	35	53	95
29	19	63	52	84	35	64	29	6	2	6	2	14	40	19	81	26	52	69	59
88	20	98	83	67	86	1	72	81	60	1	33	25	58	3	4	68	100	5	86
27	51	41	7	62	59	64	81	25	70	28	9	67	94	8	9	21	81	86	98
35	93	49	47	2	73	78	57	38	15	13	26	48	84	33	37	79	92	22	8
22	20	48	11	32	92	67	31	50	94	83	88	15	7	51	34	3	95	5	89
82	8	44	10	58	3	62	83	61	71	30	30	60	78	77	15	45	38	16	11
6	47	7	44	32	25	12	42	33	100	35	85	87	33	27	15	77	39	54	30
30	84	71	80	64	54	29	37	31	37	89	65	80	95	84	35	2	100	78	33
91	21	51	62	37	46	43	27	52	62	39	7	85	86	81	22	77	28	80	78
97	75	11	97	11	70	6	92	50	93	13	77	61	22	39	10	34	9	43	19
12	2	85	69	99	83	81	94	15	62	58	75	21	100	36	16	10	55	52	67
40	51	78	60	49	62	46	64	48	71	89	69	85	61	67	96	90	43	98	28
90	13	78	88	35	39	57	62	86	23	1	80	57	77	80	61	24	26	20	37
37	18	46	44	74	89	91	60	34	41	26	68	57	24	78	28	74	90	25	11
6	85	78	25	71	9	12	8	82	6	72	65	23	62	92	73	67	34	15	47
49	97	29	45	97	33	24	34	99	52	88	35	1	10	32	53	40	21	74	65
78	83	78	28	70	62	45	96	33	6	61	41	75	79	62	9	56	33	29	38
86	79	9	31	19	38	64	14	30	39	33	47	60	51	69	67	20	1	76	36
89	29	1	94	92	48	60	23	49	23	97	7	93	36	80	100	74	48	10	32
99	32	66	94	73	15	81	25	11	95	90	56	57	94	50	58	78	15	39	72
78	42	66	8	43	27	54	25	71	70	93	72	92	45	37	58	63	8	22	78
67	35	13	54	34	42	50	100	86	23	23	59	9	38	54	58	67	59	52	46
61	56	55	42	3	18	64	13	57	93	95	71	94	62	5	44	29	12	74	2
78	55	40	49	47	35	63	54	91	80	91	5	57	76	17	11	81	72	52	16
79	37	43	93	28	52	66	48	34	11	29	55	85	50	69	6	17	6	95	68
55	10	23	77	2	90	15	18	45	94	63	58	61	58	24	41	13	47	21	96
70	16	21	80	52	37	21	7	7	11	95	75	78	84	62	69	15	66	92	39
38	48	3	40	48	71	94	27	27	29	94	71	86	100	99	39	90	44	26	65
70	8	11	35	100	89	81	78	97	55	27	47	56	83	58	23	13	81	32	81
44	95	81	79	17	25	90	79	85	23	80	71	41	27	70	31	37	69	41	60
91	16	30	72	2	48	16	4	42	77	26	9	12	45	22	75	28	33	18	75
99	3	93	74	76	56	6	29	13	28	87	45	40	73	91	28	65	9	77	70
10	86	37	9	97	72	60	96	6	95	3	4	52	67	61	88	24	57	97	47
42	87	91	15	91	82	69	40	55	94	11	20	56	48	66	14	67	84	77	4
96	11	24	19	25	83	94	74	12	3	5	9	12	31	28	23	96	22	19	16
3	21	42	12	84	84	49	4	1	48	22	40	80	93	51	32	64	72	91	8
89	96	28	53	90	2	8	25	21	44	18	45	66	62	2	76	69	12	35	41
34	90	73	64	81	65	30	20	81	96	60	24	31	11	27	8	93	89	23	83
77	24	84	58	31	78	75	18	92	76	63	53	38	50	74	100	23	65	72	25
73	89	45	25	84	95	14	55	35	95	83	81	89	53	65	11	6	16	34	4
90	13	28	5	33	7	87	82	37	28	85	29	18	98	10	88	79	59	74	37
64	20	83	97	93	83	64	85	86	64	94	7	31	69	35	61	61	41	93	77
8	33	18	8	10	54	63	91	43	77	32	48	42	98	41	71	30	32	12	50
44	2	96	74	35	78	99	50	63	50	28	39	67	97	29	31	2	76	87	40
21	73	42	9	32	46	65	34	28	65	31	29	29	43	34	7	37	45	73	32
56	14	28	94	49	94	81	46	69	10	69	55	45	73	30	71	60	87	42	89
13	66	22	99	19	99	11	25	64	23	94	58	3	55	85	7	46	49	61	39
65	20	65	19	97	77	84	56	13	63	47	51	3	84	20	90	93	30	75	51
84	57	82	47	16	12	52	91	89	24	26	12	27	4	24	93	2	3	2	43
15	55	12	1	76	44	55	19	36	95	15	16	74	10	55	9	39	18	3	86
25	94	68	90	38	36	24	99	61	27	89	90	29	33	36	29	45	82	71	73
57	34	55	95	10	11	38	17	49	16	55	84	100	16	18	22	88	23	63	41
20	56	59	10	6	25	87	42	75	27	64	57	47	31	29	92	39	73	81	28
98	8	50	45	72	6	91	13	15	15	41	23	19	30	53	2	75	46	89	85
24	97	43	23	53	99	37	69	88	27	83	15	43	36	44	13	6	15	39	1
35	75	27	61	87	41	38	17	79	28	18	94	85	96	4	2	66	28	93	74
69	22	26	89	33	26	81	84	87	41	96	61	8	89	51	50	70	82	37	12
61	20	91	60	10	89	31	47	32	43	48	78	22	66	33	13	49	39	29	61
61	55	31	39	33	57	87	96	45	55	32	84	92	81	13	49	31	67	79	44
96	34	52	45	93	18	39	42	57	38	1	32	54	77	52	6	90	53	28	53
3	35	3	77	11	65	87	42	53	85	83	83	60	85	65	27	4	87	46	15
19	45	40	7	55	1	30	16	30	8	59	78	39	27	42	61	32	75	34	29
32	98	90	73	56	18	72	69	12	25	3	4	8	14	34	58	96	96	23	11
35	71	12	45	26	5	44	34	44	4	96	29	53	17	83	22	56	68	52	38
29	61	4	6	5	56	71	26	93	84	66	36	53	24	95	61	86	45	47	52
74	39	26	8	29	75	51	92	31	12	3	28	45	86	82	74	67	7	41	70
34	18	41	60	39	61	76	30	23	22	37	11	21	1	64	91	36	97	77	31
5	80	96	81	82	39	92	68	42	21	95	80	5	78	18	57	98	66	70	69
100	21	69	9	76	92	7	45	22	91	39	71	30	10	65	55	23	60	79	1
70	8	89	2	28	57	6	44	83	7	94	70	27	8	32	85	11	87	6	90
32	47	46	51	82	24	50	95	13	63	34	39	88	70	100	92	33	68	82	20
87	63	62	16	98	69	44	22	79	81	45	36	55	89	69	23	62	38	21	5
8	12	32	20	73	55	83	58	9	40	52	44	6	87	4	69	86	31	53	13
80	28	16	32	19	99	84	99	1	78	31	95	48	78	12	75	32	42	43	43
87	87	14	40	30	1	31	69	86	1	37	31	85	8	25	81	96	100	2	75
72	84	57	32	9	57	97	28	75	29	37	44	89	11	27	93	14	77	3	18
68	16	14	1	41	100	11	41	53	32	80	32	41	68	72	4	31	83	31	73
5	4	94	57	64	93	43	75	81	32	67	20	98	84	8	57	70	56	91	10
47	56	75	44	50	6	4	22	39	23	63	32	46	30	13	65	22	58	38	48
57	36	60	22	65	60	34	57	60	16	35	75	92	22	27	50	29	51	7	58
90	22	36	58	69	35	74	69	71	44	36	12	18	44	53	12	97	54	79	90
72	48	62	24	89	88	41	25	4	64	36	71	51	80	59	36	100	2	53	31
87	66	86	17	81	23	57	48	69	15	53	75	72	18	87	42	60	13	70	82
94	50	65	8	8	65	62	38	85	17	12	95	1	49	4	6	62	46	44	67
32	94	56	89	11	62	100	34	94	17	77	88	33	72	37	37	2	79	9	16
62	19	63	52	4	58	74	24	14	81	81	14	69	3	50	1	94	77	97	47
65	28	45	68	41	25	63	30	12	67	5	84	37	28	6	13	31	5	86	54
88	77	20	14	37	63	19	30	22	37	44	25	82	63	51	34	75	96	12	79
96	45	12	48	76	97	78	41	98	38	71	90	91	44	60	89	9	31	32	78
7	33	9	76	24	81	2	75	77	73	38	36	93	8	58	43	66	73	39	40
86	78	33	84	66	54	35	39	4	63	25	45	64	34	72	63	37	36	24	96
96	3	64	26	100	36	97	84	86	17	24	37	92	92	93	30	1	25	11	70
46	64	72	15	48	94	72	60	36	96	7	30	49	44	45	84	14	8	84	31
58	51	53	87	39	88	53	73	42	43	62	12	26	54	50	33	32	49	78	7
64	38	48	91	10	94	89	49	48	10	16	94	41	80	13	96	11	85	77	60
41	100	18	94	34	95	5	95	94	12	52	65	30	78	67	21	4	63	78	45
100	4	25	33	27	69	72	46	42	55	23	48	73	18	67	65	20	55	58	15
90	94	55	36	58	51	64	64	13	93	92	48	7	33	61	37	75	86	67	65
24	59	54	40	90	5	93	13	11	2	1	50	6	64	56	6	49	90	75	77
6	9	34	49	63	75	41	40	58	30	91	34	88	93	91	31	41	16	46	54
59	52	53	11	92	43	43	44	78	55	88	85	11	91	60	16	26	5	78	16
64	53	55	82	12	68	62	14	73	25	66	34	44	22	18	54	57	23	57	20
33	97	63	3	42	7	23	98	33	76	6	36	39	31	90	6	97	71	100	25
82	30	72	53	90	55	41	90	73	6	59	3	49	58	84	68	90	53	40	6
45	64	81	97	20	31	96	14	33	12	58	86	23	32	39	3	26	10	14	88
66	34	25	28	18	3	87	81	47	23	16	45	31	95	81	18	50	76	34	60
59	28	57	61	49	73	81	17	20	81	42	81	39	53	41	11	40	53	79	18
44	15	67	11	96	14	56	29	51	21	54	51	77	55	29	38	78	64	80	45
22	71	62	67	81	36	6	79	55	71	79	97	97	17	16	45	61	46	65	36
18	52	67	99	27	92	4	84	24	3	34	76	74	35	96	74	53	100	31	60
8	77	74	81	43	58	55	61	39	85	77	32	100	44	27	71	5	64	41	90
33	22	55	53	37	3	23	62	21	43	92	62	16	5	28	42	79	86	56	69
38	44	46	40	26	2	77	30	9	26	69	90	60	41	28	86	23	22	44	40
36	93	40	96	93	16	16	95	16	86	92	19	9	72	53	90	77	16	27	36
27	93	54	96	74	2	2	76	78	43	19	57	42	16	34	45	4	50	47	10
87	82	15	23	34	51	82	89	89	39	9	8	95	9	14	43	39	44	23	92
15	41	17	74	67	36	77	93	38	8	86	28	69	17	49	45	79	31	63	24
21	14	87	40	35	12	62	34	3	91	7	60	28	56	96	46	65	41	57	98
74	89	51	81	53	81	39	79	60	69	65	8	82	99	71	1	54	78	40	55
74	44	91	48	2	26	1	14	22	3	80	38	75	65	50	32	64	6	87	54
74	84	74	35	27	99	79	29	85	95	92	88	2	3	25	31	99	4	80	27
80	26	58	58	89	27	34	17	49	40	38	48	92	86	81	90	71	57	21	4
48	73	29	27	11	93	37	73	41	20	33	61	27	61	74	49	27	17	46	1
65	62	80	46	58	45	96	16	22	35	61	43	83	76	79	8	97	31	47	96
91	62	77	30	7	78	22	31	12	33	64	54	11	21	39	87	93	83	69	67
97	21	51	6	60	91	78	51	82	67	53	96	71	51	11	4	85	51	40	80
23	65	5	90	72	7	33	63	37	93	15	14	62	80	99	70	11	72	70	17
100	71	50	46	81	68	84	60	10	36	2	43	44	90	44	32	17	62	35	53
58	16	14	89	52	39	34	91	53	41	93	14	81	24	81	53	16	59	10	4
24	73	53	2	92	73	71	73	36	67	53	50	38	17	59	85	57	62	95	43
34	93	8	70	44	89	62	20	10	91	17	59	53	31	30	85	63	13	98	79
68	61	56	86	88	44	77	64	66	96	97	55	65	68	70	31	66	84	58	4
12	52	64	45	50	95	97	7	87	74	23	44	64	16	75	74	38	23	82	1
12	98	55	14	95	63	94	86	62	100	20	80	56	95	67	16	97	11	36	93
47	70	77	92	74	54	91	49	93	97	94	44	2	58	92	14	98	51	51	88
2	12	46	88	54	43	88	70	49	60	77	27	87	89	55	43	21	63	41	42
73	46	94	65	6	77	78	99	3	53	19	47	61	49	92	36	25	90	39	31
66	21	100	33	21	68	57	14	4	50	94	35	10	10	15	56	19	81	82	78
66	90	67	97	41	30	66	39	97	19	18	32	25	10	76	53	47	61	45	39
20	65	96	54	60	84	38	52	34	37	17	44	8	61	66	76	54	4	93	91
2	18	17	85	32	62	11	100	34	63	10	58	37	44	58	2	95	14	37	58
93	15	6	61	2	74	25	64	45	1	99	43	69	54	38	3	48	11	22	98
73	38	19	71	28	60	8	65	4	65	82	40	67	36	99	88	13	57	83	59
38	48	56	34	64	67	90	83	6	56	54	84	92	39	85	55	96	36	34	43
66	60	61	81	19	59	76	33	56	50	90	91	29	64	60	26	83	86	7	61
70	25	59	49	11	98	49	29	51	44	92	78	24	40	93	79	88	75	15	5
92	57	28	57	66	64	56	29	79	59	73	11	29	73	74	41	2	12	70	22
11	48	82	12	59	13	67	90	71	82	39	8	71	2	70	13	98	3	83	47
43	21	50	92	71	82	49	52	67	53	77	76	6	93	95	44	75	16	99	54
98	66	58	98	21	66	40	27	4	61	44	100	30	23	80	91	98	91	41	77
64	16	23	19	6	64	3	79	8	26	38	82	4	29	50	77	63	53	72	6
