10	200
18	2	14	3	17	13	4	18	14	1
18	12	16	13	7	11	9	8	13	6
3	12	17	7	14	5	7	18	3	1
13	17	18	11	13	20	20	4	6	10
7	7	11	3	18	10	16	3	12	20
7	19	15	9	9	6	6	8	9	13
7	7	16	13	9	1	14	6	1	8
12	5	2	3	19	17	1	15	9	4
9	4	7	3	14	14	3	10	2	7
15	13	15	14	3	1	12	18	15	17
16	11	2	5	9	2	17	12	10	13
5	12	19	6	4	3	20	13	20	15
19	5	4	14	13	19	10	9	1	19
6	4	20	13	8	19	2	3	15	13
18	11	20	9	3	4	15	10	10	1
2	19	19	20	19	12	7	8	12	10
12	9	12	12	8	2	12	7	18	5
1	17	18	7	18	9	5	15	12	10
4	1	19	1	18	7	5	20	14	17
13	14	12	6	1	9	20	9	2	1
12	9	13	6	20	5	2	13	3	10
8	12	17	3	6	12	10	12	15	2
18	12	13	1	12	7	6	13	6	9
10	16	14	11	18	16	8	14	1	13
5	12	18	5	10	2	18	9	20	10
20	8	15	1	4	20	17	12	14	13
20	10	7	14	1	12	18	6	5	11
5	17	11	2	17	6	15	9	12	11
10	17	13	17	10	2	2	14	7	18
19	16	20	9	14	16	6	5	4	19
4	12	4	9	6	4	17	13	5	19
6	9	1	4	4	3	17	10	4	20
11	5	20	8	12	9	17	3	9	1
20	11	5	14	7	18	13	5	12	7
5	9	10	9	12	11	16	17	6	11
20	17	1	4	8	20	13	17	17	17
8	15	5	4	19	16	4	8	17	6
10	12	18	18	15	2	16	12	16	2
14	20	18	18	1	4	10	2	6	8
6	17	8	15	19	11	5	6	10	17
8	8	1	1	1	9	19	3	10	7
4	2	2	16	4	8	18	7	4	16
6	3	3	9	20	14	5	4	19	5
18	11	3	19	15	6	20	17	17	13
6	8	12	20	4	5	16	13	12	12
13	18	2	14	11	6	6	12	1	8
4	16	4	5	9	14	19	3	2	19
9	1	10	12	10	19	11	4	5	15
19	12	13	8	13	1	9	9	8	10
1	8	17	10	9	11	4	8	11	11
6	13	12	13	4	13	8	11	4	13
15	2	7	6	9	13	3	17	13	9
6	11	15	12	18	1	5	1	3	20
16	4	13	15	10	6	1	20	5	1
13	19	5	16	15	19	2	11	1	17
8	7	15	3	6	16	19	20	15	3
8	8	8	5	17	12	10	13	17	4
13	4	12	13	16	7	6	19	18	20
20	14	20	7	13	9	9	10	9	14
8	1	5	2	13	5	11	1	19	4
10	9	14	18	4	4	16	3	7	19
10	20	3	16	4	14	8	1	12	9
4	20	4	4	17	12	19	11	1	12
17	5	1	15	11	11	1	3	4	9
14	6	4	11	4	8	19	10	19	19
17	10	9	11	1	10	6	11	1	13
5	5	3	16	3	5	20	8	5	13
14	6	18	4	16	18	17	13	20	9
13	10	12	2	15	7	17	11	15	1
6	10	2	11	4	9	4	8	9	20
9	11	5	7	5	12	13	6	15	4
14	13	12	13	20	16	14	1	2	16
9	9	14	5	7	5	4	7	1	7
14	9	5	20	1	2	6	5	18	3
14	11	16	12	7	14	18	10	12	8
15	3	6	13	11	20	18	1	1	1
9	6	5	9	10	6	8	12	12	18
11	10	4	20	2	18	14	3	18	13
7	15	16	13	13	12	3	12	10	2
5	5	5	18	14	9	7	8	2	2
7	7	18	14	18	6	19	7	12	13
6	15	3	8	14	15	11	13	17	19
3	16	2	11	14	6	6	7	6	14
12	7	1	16	7	1	17	3	15	7
13	17	1	18	16	10	2	17	4	20
19	14	11	4	20	11	5	7	1	13
1	13	2	18	1	20	15	8	2	14
18	8	18	10	7	7	16	5	16	4
4	10	3	6	16	19	16	18	16	17
16	10	2	3	7	20	15	3	17	16
16	15	15	11	2	11	17	2	18	14
15	20	12	17	9	12	10	16	3	3
5	18	12	5	18	9	7	15	4	7
12	13	9	20	9	10	15	13	4	5
3	14	20	3	2	17	19	5	15	16
11	20	1	14	12	19	3	10	13	14
5	2	19	12	3	2	12	12	9	19
17	17	12	18	1	11	18	10	4	2
10	2	1	8	16	12	13	15	9	10
7	5	20	11	1	1	16	9	20	1
5	7	17	16	19	14	8	3	14	2
2	14	7	12	4	4	1	11	16	11
9	17	4	19	13	13	18	2	18	20
15	9	10	3	17	4	5	5	10	2
5	11	2	7	9	13	18	8	7	17
1	6	14	10	12	9	3	18	4	6
17	6	5	14	7	13	5	4	16	1
19	16	1	14	7	18	16	17	11	20
15	10	16	1	20	10	15	20	12	9
1	8	2	4	6	19	7	8	20	16
8	14	13	6	19	5	5	1	3	14
13	7	8	4	11	8	10	4	15	18
19	6	13	7	1	11	15	17	9	8
12	8	18	15	13	2	17	10	3	16
6	15	17	18	16	15	1	18	14	18
9	3	14	3	18	3	2	6	6	8
10	8	13	16	2	5	10	13	12	10
11	1	2	19	12	5	9	15	12	6
11	17	4	11	20	10	15	15	18	10
20	11	5	15	6	19	3	2	17	11
6	9	7	4	8	9	1	15	12	14
15	7	15	1	18	13	4	2	17	13
11	15	16	2	10	20	17	8	14	14
2	7	19	1	1	3	11	1	3	11
9	20	3	4	16	14	17	5	17	13
15	1	6	4	1	11	13	5	14	8
13	14	2	18	12	8	9	15	20	16
3	4	20	6	4	12	12	12	7	17
4	13	11	1	19	2	1	15	1	10
10	6	7	16	19	16	19	6	13	8
6	3	5	2	10	12	2	1	20	9
19	2	19	18	5	1	3	1	20	11
8	14	14	10	7	18	17	4	8	9
13	7	20	19	12	2	8	10	11	7
20	1	15	12	12	9	8	10	11	18
13	19	6	2	1	12	9	15	16	13
15	18	13	12	17	12	3	20	6	4
13	14	10	13	11	7	19	3	19	18
10	8	14	10	16	15	1	18	19	20
13	14	15	19	13	3	8	4	16	20
7	9	4	8	6	20	9	14	12	15
14	7	17	18	4	8	5	4	16	2
11	5	1	6	11	20	20	12	1	9
19	16	8	20	12	2	4	6	5	17
6	8	7	5	7	7	18	17	15	5
18	5	8	14	9	2	8	18	18	6
20	18	14	3	16	19	20	17	6	3
4	19	20	20	17	4	19	17	20	4
3	3	17	16	11	15	8	14	11	11
14	7	9	19	17	9	15	4	9	8
8	1	11	13	2	20	6	8	17	5
3	11	18	14	4	17	2	18	12	2
11	6	7	16	9	18	11	1	3	9
10	15	8	13	17	3	12	4	15	12
9	20	18	6	8	3	9	15	15	20
7	17	12	8	17	3	15	16	4	4
9	5	6	9	16	8	4	6	18	2
6	18	4	1	14	11	9	1	8	7
10	17	7	3	2	14	4	1	16	14
9	17	20	11	3	4	15	9	11	1
20	4	17	14	15	9	13	12	15	6
15	14	9	18	15	13	19	3	7	3
5	3	10	5	14	10	19	13	19	10
17	20	10	8	7	6	1	14	9	13
1	13	7	11	20	15	8	2	16	11
6	13	2	8	16	17	14	12	20	6
11	20	14	5	10	15	4	2	12	9
12	6	15	14	2	13	17	20	5	20
2	17	18	8	5	4	19	2	12	10
13	9	14	3	3	1	19	2	1	6
11	7	11	8	19	20	19	8	7	4
1	14	8	1	4	15	3	6	1	6
17	2	10	2	17	4	12	12	12	2
14	15	20	20	9	15	6	10	9	5
6	11	16	9	10	19	2	14	20	9
19	14	1	15	9	9	18	10	12	16
9	8	17	6	10	6	15	9	12	9
9	13	17	16	20	6	6	1	12	18
3	19	12	4	3	1	14	5	11	1
18	17	19	13	17	19	15	11	20	4
4	13	3	11	20	6	17	5	15	4
3	17	18	14	14	11	16	13	3	10
12	11	18	12	12	13	14	5	20	2
12	16	2	9	14	10	16	2	4	18
4	9	10	8	18	2	19	6	20	7
4	2	9	10	13	14	15	11	20	8
12	13	6	14	12	8	15	10	20	5
15	14	10	5	6	3	2	11	15	11
14	9	6	13	19	10	7	12	17	1
15	5	3	17	6	12	4	16	16	10
7	10	6	15	13	10	13	5	5	10
12	4	17	9	15	4	8	13	15	2
2	3	14	20	11	10	12	13	19	14
20	6	16	5	4	5	3	11	1	10
18	3	8	7	9	11	9	14	2	3
5	11	1	14	9	4	16	6	5	3
18	20	6	12	11	7	9	13	6	11
1	17	12	6	5	20	16	7	12	20
2	18	12	16	10	9	5	2	17	1
9	18	7	18	12	18	17	17	17	3
