10	50
48	15	33	48	25	16	49	41	22	15
48	22	9	3	20	24	32	44	29	6
4	11	25	36	48	23	25	46	38	49
39	1	41	35	38	8	47	23	33	1
14	5	8	14	40	23	1	47	34	7
10	4	35	26	8	37	40	47	50	3
42	3	3	23	26	48	32	24	15	13
27	9	11	29	43	50	3	11	46	26
22	29	12	31	40	36	17	16	28	1
18	1	23	31	9	11	2	36	39	43
42	27	32	22	31	1	43	6	34	9
35	29	1	25	31	14	41	22	33	40
32	16	47	14	45	27	37	31	21	32
48	17	23	4	34	46	47	40	1	40
44	12	33	20	17	40	50	49	50	46
20	30	3	49	12	26	31	18	28	4
15	12	35	2	11	18	7	48	41	36
17	1	21	44	47	20	34	27	48	6
28	38	31	26	12	18	15	25	43	8
15	29	13	48	25	32	27	31	9	49
34	2	8	15	29	20	9	9	3	42
43	4	21	23	27	27	32	10	40	43
4	32	6	34	22	38	39	24	20	15
43	3	19	49	22	26	31	17	47	43
10	6	22	1	16	11	9	40	21	48
1	18	41	16	46	2	47	25	44	42
31	35	40	38	49	40	36	22	1	1
47	16	14	48	34	48	11	5	19	11
30	49	4	22	15	26	12	3	4	21
29	7	24	5	13	25	17	35	3	26
25	37	39	20	2	36	5	44	33	49
42	43	7	33	13	32	32	18	23	24
29	34	19	31	23	41	42	9	36	10
31	26	3	43	36	43	10	34	20	30
22	18	20	6	30	37	50	41	43	31
43	49	12	29	48	42	18	9	48	12
44	46	9	23	18	16	40	14	48	20
22	49	49	44	3	11	14	14	1	36
41	2	16	5	18	33	14	24	46	45
26	2	36	9	37	26	10	47	38	14
47	37	43	24	9	44	1	19	27	38
28	5	9	12	21	42	31	4	6	36
2	17	19	4	44	21	14	40	8	28
2	17	26	37	40	5	9	43	47	24
32	46	48	8	17	22	43	24	38	45
45	6	42	3	13	31	18	40	30	38
31	11	11	50	37	11	29	22	23	17
33	38	8	33	4	7	20	11	37	23
28	40	3	13	33	46	26	24	25	9
37	19	14	9	44	22	36	48	22	6
