5	50
8	36	66	90	77
74	54	75	40	43
91	44	5	30	12
42	75	13	59	1
61	27	7	58	47
76	3	87	85	61
48	28	100	69	85
70	13	66	48	26
83	38	10	71	59
2	23	45	4	56
58	50	39	38	86
81	29	8	44	1
72	68	90	79	96
63	44	37	45	42
30	10	66	34	19
23	18	37	100	46
54	58	84	30	4
98	90	63	83	4
41	5	22	47	55
16	48	31	75	96
58	86	100	62	26
49	85	5	20	64
64	92	9	99	47
14	85	61	76	98
74	82	54	42	2
26	88	20	80	3
75	87	62	5	88
68	59	22	4	55
14	85	43	20	41
49	97	24	100	41
32	88	55	77	23
77	33	58	61	1
61	65	26	17	89
78	30	5	11	80
55	63	57	21	85
89	39	34	2	53
30	65	20	39	72
88	32	86	82	12
36	1	61	4	95
49	60	27	32	63
19	93	13	21	87
69	31	34	93	35
39	99	57	9	72
97	45	87	45	1
46	45	23	100	44
54	3	54	27	36
29	13	3	39	34
38	52	100	53	4
58	98	93	48	74
38	44	53	33	99
