20	200
6	4	8	8	10	14	1	14	4	20	16	13	9	14	6	7	1	19	6	1
7	20	17	16	5	12	3	12	20	6	9	3	6	14	14	14	12	14	8	3
19	13	17	12	1	20	11	11	20	9	20	16	7	6	3	6	7	13	3	19
12	10	14	18	11	13	7	16	1	12	16	7	11	3	3	14	4	6	15	6
2	13	13	12	6	13	16	1	11	8	8	20	12	10	12	10	20	19	1	9
13	15	11	8	14	13	6	4	4	9	3	2	18	18	18	19	17	2	13	18
17	7	5	13	4	16	16	1	12	13	15	6	5	7	13	7	3	5	18	14
8	13	17	2	6	7	2	14	13	13	13	18	7	3	12	7	11	18	4	18
17	5	13	11	15	17	17	11	6	11	17	13	5	19	11	5	10	3	7	18
15	2	9	20	1	17	20	2	16	7	17	5	1	1	17	4	1	7	8	10
10	12	9	3	16	1	14	8	13	8	17	8	12	7	4	16	17	13	11	19
18	16	16	19	15	12	13	4	2	8	4	4	16	18	9	4	13	7	4	20
4	12	9	8	10	9	14	15	17	2	8	8	16	9	12	15	16	11	8	4
9	10	6	6	4	13	13	14	18	1	3	10	9	11	16	6	7	8	9	6
19	18	8	1	1	17	9	7	6	15	8	3	19	20	12	14	6	4	5	17
17	20	17	17	20	18	19	5	14	7	9	9	2	3	6	11	3	6	6	8
5	6	9	4	13	20	12	10	19	2	20	3	4	13	9	20	2	11	1	3
18	4	13	20	6	19	2	16	15	2	12	1	19	18	12	12	12	14	4	1
6	10	7	13	7	6	6	9	15	6	10	12	6	3	10	2	13	9	18	15
18	16	15	18	11	20	5	7	1	17	9	9	7	1	17	8	18	1	13	1
14	13	2	10	13	20	15	16	8	10	19	3	16	10	3	11	16	9	2	8
1	20	9	18	18	2	5	5	6	2	5	12	17	17	1	5	15	5	5	12
5	10	19	11	18	6	13	18	18	7	13	9	20	5	20	15	5	4	12	12
15	11	10	6	6	8	6	19	10	18	17	11	5	11	4	12	1	19	20	12
9	8	7	20	10	17	13	12	18	6	1	11	13	13	17	15	20	13	6	11
1	14	8	1	11	2	4	9	2	9	15	7	5	1	3	7	4	11	17	10
15	15	2	4	18	6	18	12	15	9	13	8	13	9	12	15	20	7	9	8
13	4	10	10	12	15	7	13	11	10	12	9	17	17	16	6	13	5	4	6
4	13	15	14	16	7	14	16	10	8	8	17	3	9	17	12	6	13	12	3
20	6	2	5	18	5	12	17	13	6	3	16	4	4	5	1	10	17	14	6
1	11	3	3	3	15	6	8	20	5	1	20	13	1	6	18	11	11	16	12
15	17	3	4	6	12	13	19	5	16	3	9	19	7	2	9	3	20	3	3
19	5	18	9	6	3	3	4	18	7	10	19	1	2	12	5	9	20	17	11
2	7	4	4	3	12	2	7	19	18	16	12	9	13	14	11	20	15	19	3
10	10	2	19	6	4	9	17	16	18	1	4	3	12	2	12	2	14	6	14
2	17	6	1	12	19	11	8	9	1	6	14	1	14	2	13	6	5	19	20
4	5	12	1	17	12	9	17	12	2	10	6	9	6	2	13	5	1	8	8
13	1	9	15	12	7	3	9	10	9	6	17	16	6	10	18	5	5	5	20
11	15	17	8	12	1	5	16	13	9	8	6	18	12	8	4	17	18	10	10
9	20	8	3	16	13	11	3	16	4	9	1	17	8	17	19	4	1	3	12
3	8	16	1	2	1	19	5	19	7	2	8	15	15	12	11	7	14	12	19
10	2	1	9	1	8	9	11	15	10	20	16	15	18	8	2	4	7	2	15
15	6	5	9	3	2	6	3	17	7	12	11	10	4	2	1	7	8	1	14
13	9	11	10	8	6	13	18	7	10	7	1	13	17	5	4	18	12	6	20
3	7	14	8	18	10	7	11	16	8	15	17	6	8	3	6	16	15	2	18
9	8	16	7	20	12	18	13	20	18	3	15	2	2	12	7	16	3	12	18
20	3	2	20	16	10	15	5	14	20	9	3	11	9	12	15	11	7	8	7
12	14	12	18	5	20	16	5	16	17	11	14	3	4	18	7	6	17	12	11
17	14	19	20	10	1	5	13	11	18	16	9	15	6	7	7	11	5	15	17
15	11	9	18	9	15	20	7	12	5	9	15	16	18	11	19	15	12	8	5
15	3	14	19	2	3	20	18	18	12	16	2	2	16	16	7	5	2	12	16
1	18	1	6	10	2	13	17	16	8	12	19	17	11	2	12	17	11	17	7
16	3	9	1	10	7	13	1	3	4	15	13	1	13	4	17	2	9	10	20
10	4	2	11	20	18	6	11	14	5	10	15	6	5	1	18	9	1	17	3
9	13	15	12	14	19	18	4	7	5	10	9	1	17	18	12	1	19	1	12
2	2	7	19	15	20	8	17	13	6	8	2	12	7	12	17	9	11	17	1
20	2	4	10	15	2	14	9	8	9	18	11	1	5	1	7	7	17	18	14
12	2	12	1	17	9	17	14	6	1	4	11	3	1	13	1	18	17	4	13
7	19	10	5	9	18	2	8	6	5	11	13	14	4	10	19	10	4	13	6
6	20	4	7	6	7	8	20	13	1	10	10	13	5	7	14	13	8	13	19
8	10	8	2	10	11	18	20	11	15	11	15	4	18	7	7	16	3	19	3
11	2	15	6	15	2	1	9	17	17	7	2	11	15	19	17	12	3	18	15
10	9	10	19	10	15	6	15	18	20	19	10	9	10	9	7	15	3	7	9
11	10	3	15	9	10	4	10	20	11	16	13	6	5	14	2	13	17	16	1
17	6	11	17	19	17	14	2	6	13	2	10	16	10	5	20	6	15	11	1
11	16	16	8	5	6	5	5	17	8	15	19	7	6	12	5	19	7	17	12
16	3	5	8	9	7	18	16	20	14	16	18	6	16	10	1	10	4	12	14
12	9	5	19	18	4	3	10	18	20	2	19	18	19	5	8	12	9	19	19
8	9	5	4	12	17	13	12	17	12	16	16	16	4	1	7	19	6	10	6
4	8	19	1	12	17	1	8	11	2	9	2	5	14	6	3	5	2	8	2
11	12	14	7	5	6	4	14	19	18	10	6	19	14	15	1	11	5	12	15
16	5	1	15	3	14	11	2	19	18	3	17	19	8	15	13	15	13	17	7
14	7	10	14	13	4	3	12	19	6	12	1	11	13	6	6	12	20	4	11
16	2	16	1	16	14	8	11	19	3	7	19	9	6	2	10	16	7	3	20
12	19	4	14	7	3	7	6	3	9	1	15	9	6	11	12	12	10	19	19
16	12	14	17	19	14	13	5	12	17	11	5	18	5	20	17	19	2	15	13
7	2	9	10	2	12	11	3	15	10	18	7	9	4	4	20	6	7	15	13
11	2	15	7	19	17	18	4	7	15	13	10	15	6	13	15	3	4	16	8
3	10	11	2	19	4	16	14	2	20	12	12	8	2	3	5	7	3	12	5
15	8	16	20	17	9	12	4	11	10	17	3	12	8	11	1	11	13	8	15
1	4	3	8	4	2	3	14	3	8	8	1	12	11	14	15	15	11	6	11
13	13	3	12	3	10	1	1	11	3	14	15	15	18	4	11	6	9	17	16
7	18	1	4	3	17	11	2	14	16	7	1	8	18	3	9	1	11	5	14
2	2	4	1	14	14	7	15	7	3	10	6	15	10	5	15	13	20	10	7
19	19	7	16	17	14	7	18	16	16	11	15	4	3	15	5	15	20	10	9
11	17	16	12	6	1	7	19	14	8	17	2	1	19	16	3	15	8	5	20
7	9	20	11	13	16	2	12	16	20	20	13	10	1	16	3	4	16	10	16
8	9	4	8	20	10	14	5	8	12	10	7	16	11	3	2	18	5	20	11
19	15	3	14	9	4	12	1	3	13	20	20	19	9	13	19	6	12	12	3
2	17	4	4	11	13	17	20	19	15	6	19	17	19	17	13	6	11	19	16
18	14	3	16	13	10	9	7	18	4	17	6	14	17	10	2	12	20	4	17
8	13	2	9	7	1	4	1	12	20	13	15	14	16	6	8	15	9	12	1
5	11	2	16	19	1	6	1	9	16	2	7	7	3	9	6	13	14	9	13
7	8	15	19	11	2	12	18	12	3	7	4	8	4	12	17	11	7	10	7
15	4	12	17	19	7	9	11	8	20	16	1	20	20	14	17	16	4	5	17
9	8	9	7	9	18	19	4	11	12	16	6	4	2	18	4	17	18	20	4
14	2	11	12	7	6	4	9	10	16	2	8	2	14	19	8	15	5	9	1
9	6	20	16	5	10	18	19	2	11	1	18	4	1	4	8	17	18	20	3
14	10	14	16	11	8	5	11	4	11	9	12	10	20	16	8	2	16	8	18
9	6	8	19	16	4	4	1	10	11	11	18	6	6	7	19	12	5	5	17
5	7	15	12	3	9	9	5	5	16	6	2	11	2	14	9	3	16	1	8
4	4	2	13	20	12	7	5	13	18	17	17	11	11	13	3	12	17	17	7
15	20	17	14	5	10	7	4	12	19	17	16	5	18	13	2	5	2	12	11
3	5	12	8	20	10	11	20	10	12	18	7	19	14	13	5	8	9	8	11
5	3	13	15	2	1	13	14	19	12	19	10	5	6	4	11	9	9	15	16
19	8	15	1	2	11	18	11	5	9	15	16	14	1	6	20	12	18	7	19
18	17	2	18	13	8	2	14	10	2	16	19	15	13	12	18	9	13	13	12
4	2	10	10	18	3	16	5	20	4	20	11	3	16	19	3	6	17	8	14
9	4	1	3	13	16	2	2	9	9	11	20	5	16	15	17	7	12	1	11
13	18	14	7	3	5	17	19	15	10	12	13	5	20	3	20	1	7	17	3
2	15	16	12	14	1	7	7	1	2	16	15	16	18	2	12	11	15	1	8
19	3	8	20	17	19	15	6	14	15	17	1	15	19	9	19	2	2	13	2
19	10	19	13	14	18	17	8	18	11	10	6	6	10	4	20	7	17	16	15
6	1	14	6	6	16	20	18	9	4	11	10	3	20	9	9	5	16	6	19
2	8	8	3	6	11	15	6	15	10	12	5	7	18	17	19	16	13	7	19
19	20	19	15	1	1	4	7	1	15	16	12	12	17	14	19	14	12	20	16
1	14	4	20	12	6	3	5	3	11	13	12	10	7	1	3	9	13	3	6
8	9	6	20	15	1	14	10	5	19	5	5	13	12	19	5	17	20	3	15
18	20	4	10	2	4	2	5	16	12	10	1	10	15	8	13	9	4	5	12
13	13	20	5	6	9	20	19	9	17	6	10	11	8	9	9	5	17	18	11
19	9	14	13	10	5	16	19	4	7	17	13	15	11	3	5	20	20	4	14
4	4	17	20	6	20	10	2	6	20	8	12	6	14	14	4	19	8	16	2
14	2	15	3	20	14	15	20	6	4	10	5	13	5	8	15	13	15	7	10
15	15	13	5	19	5	8	1	18	19	6	12	4	2	20	2	10	15	1	13
6	11	16	3	11	4	19	2	7	19	11	5	1	7	7	20	10	11	4	16
7	14	3	7	18	18	1	11	5	6	6	19	15	15	5	5	19	10	14	16
6	6	15	19	9	2	12	18	16	1	13	19	11	5	7	12	9	9	5	13
3	8	17	2	14	13	11	7	2	2	1	20	17	9	10	1	20	4	19	17
7	4	16	5	13	7	8	10	8	14	17	10	6	2	14	18	10	14	6	16
11	6	17	14	20	13	2	2	16	7	12	5	11	9	7	20	13	13	9	7
5	2	19	9	6	12	15	16	16	12	12	7	19	4	6	2	7	2	5	1
6	7	15	2	2	13	20	17	15	15	6	17	5	19	11	10	7	8	9	9
19	7	6	4	16	5	7	8	4	6	13	11	9	9	2	19	8	17	7	14
12	18	2	2	7	15	2	20	13	16	15	20	14	16	2	20	1	11	7	18
6	13	14	9	2	15	9	17	18	13	3	10	1	16	17	1	5	5	17	1
3	7	15	8	11	13	17	13	7	3	18	17	11	10	8	20	4	13	20	12
6	6	3	20	14	5	20	19	20	1	15	17	15	6	15	20	18	6	19	10
18	17	10	15	15	6	20	11	9	18	17	13	5	5	16	18	4	15	15	7
14	19	14	7	9	2	3	6	16	8	2	19	15	11	14	10	16	9	6	8
6	9	11	2	4	2	12	10	11	17	16	3	12	12	17	20	4	4	7	14
4	14	15	1	16	19	19	15	11	6	2	16	10	8	1	5	9	12	3	7
10	14	15	20	13	19	7	3	14	15	7	13	3	13	4	12	14	10	7	5
3	18	19	5	15	1	14	4	12	12	11	12	1	20	4	11	20	16	9	18
13	17	1	17	19	10	14	18	5	9	11	19	6	18	5	12	15	10	5	12
6	4	11	3	5	15	12	3	9	14	13	19	2	9	13	7	18	3	7	5
7	17	20	3	1	12	7	3	16	12	16	10	12	17	13	9	6	18	12	5
19	11	10	12	17	13	17	17	6	18	15	13	4	20	6	9	4	9	3	13
8	9	8	17	18	4	8	6	17	4	2	20	11	2	7	17	8	9	6	8
16	11	18	18	17	3	6	12	12	4	6	17	16	20	17	11	4	13	14	14
6	12	20	2	17	16	3	3	14	9	2	16	3	15	18	18	11	11	20	15
18	16	15	14	19	5	4	12	5	16	14	15	16	13	3	4	11	17	1	2
1	4	19	3	2	10	15	2	3	20	20	13	14	19	16	11	17	6	3	13
13	12	18	18	16	8	1	10	13	14	7	15	10	19	15	15	18	12	13	10
10	2	9	6	16	1	1	17	17	13	7	6	14	9	9	10	6	2	7	15
10	5	10	9	13	6	4	16	5	2	14	5	14	14	3	11	3	12	2	16
7	4	13	1	7	2	1	2	10	5	9	17	6	19	20	6	13	1	14	11
17	6	13	16	19	2	12	1	6	19	8	15	20	12	8	6	12	10	3	12
6	3	6	20	13	18	20	16	15	18	18	2	19	12	19	1	12	17	2	5
10	20	16	12	18	15	17	15	11	14	15	4	19	2	5	15	1	13	4	2
3	17	7	9	1	6	16	9	13	7	15	15	8	18	3	6	8	15	2	18
1	6	5	1	4	15	4	17	7	5	1	19	14	20	3	13	14	8	11	13
20	8	3	5	20	20	16	2	20	19	7	7	11	7	2	17	13	6	6	7
2	19	2	8	7	16	2	9	15	10	12	1	4	10	19	13	4	1	2	4
19	3	18	8	19	15	8	7	19	6	1	9	2	5	11	1	6	16	18	4
19	8	7	11	7	7	4	2	9	9	14	12	5	2	8	20	2	15	10	13
9	15	11	10	9	4	19	19	20	18	8	8	3	19	5	12	17	7	1	12
12	7	19	10	12	9	4	20	17	11	19	12	7	6	15	4	17	18	3	3
9	5	2	11	2	6	10	6	18	17	4	15	14	18	2	2	17	1	18	20
1	19	3	10	20	16	2	17	4	1	16	20	5	18	3	7	6	9	9	7
20	19	3	1	8	4	19	9	5	14	8	16	20	4	3	10	3	13	11	6
4	14	2	17	2	5	11	16	15	15	17	8	12	12	20	2	16	2	2	16
17	14	12	11	13	20	20	2	16	14	5	14	18	4	3	7	17	7	20	4
14	4	14	11	17	1	5	9	4	2	14	1	11	16	10	11	2	12	4	3
5	10	1	2	10	4	11	9	10	14	6	10	3	19	3	13	1	2	14	13
15	11	19	14	20	4	3	2	14	12	5	5	3	18	19	4	4	12	1	14
10	16	20	10	16	5	19	12	14	17	10	1	18	11	8	15	12	7	3	7
1	9	15	18	10	1	8	6	1	19	10	9	1	1	3	19	12	9	19	16
6	11	9	18	2	5	8	12	10	4	13	17	9	15	13	2	1	3	1	16
17	14	12	16	7	2	20	17	9	9	4	3	9	8	1	10	1	18	16	5
13	16	16	17	6	13	20	6	8	2	19	9	9	4	19	12	20	14	11	1
5	12	4	2	1	11	9	2	14	3	1	4	8	16	3	2	18	16	10	15
2	15	9	7	11	15	15	6	10	9	11	8	8	15	1	2	12	15	16	16
4	19	12	5	2	15	2	13	1	17	14	4	4	17	20	11	3	18	11	7
16	4	12	6	13	14	16	13	16	1	10	4	20	15	11	3	3	4	6	16
13	2	5	13	15	7	4	12	16	11	20	15	4	10	20	20	7	7	13	8
20	9	18	1	8	11	4	10	6	17	8	19	12	16	14	14	20	20	11	6
10	5	18	5	1	16	1	11	15	11	16	16	12	18	17	4	5	5	6	5
4	15	6	19	3	2	3	8	16	6	1	8	17	8	19	15	12	14	20	12
10	14	16	16	2	12	7	15	20	10	10	16	14	6	3	16	20	20	2	20
13	14	15	9	11	8	20	4	20	2	13	12	5	14	16	10	19	11	18	12
15	9	9	7	17	5	15	11	6	3	15	12	12	20	20	17	19	7	5	14
13	4	16	18	17	19	11	20	11	13	17	10	3	11	6	5	5	9	13	6
14	10	19	17	8	1	20	6	15	20	12	13	6	4	19	12	13	11	10	18
15	15	20	13	7	6	10	2	15	16	12	11	15	20	20	3	5	19	11	17
19	6	6	12	2	5	5	19	12	14	12	14	19	15	12	19	10	6	11	2
11	19	12	19	8	2	18	6	5	17	7	15	1	14	20	10	10	9	12	2
1	12	10	1	4	18	12	1	9	1	14	20	9	9	6	1	15	7	4	1
7	19	15	16	8	18	14	6	15	2	10	1	14	9	1	20	10	11	16	11
10	18	17	4	3	8	7	13	8	20	16	3	6	12	15	2	17	15	13	7
5	6	6	7	12	13	6	20	8	6	12	4	12	13	11	10	3	11	13	20
