2	200
11	9
18	10
20	3
13	7
6	18
5	3
7	8
9	2
12	12
18	2
13	3
3	13
1	3
4	9
18	1
10	17
8	19
19	12
5	20
8	11
14	18
19	3
19	14
3	5
1	15
4	4
4	14
18	9
7	5
9	17
19	5
9	6
8	8
16	9
9	17
17	12
5	7
8	15
5	20
15	8
1	19
8	4
17	6
14	14
2	11
6	1
12	12
12	10
10	13
16	11
18	14
16	5
18	12
20	17
7	3
5	7
11	1
16	1
18	5
9	2
15	2
8	19
12	17
1	13
16	19
6	12
5	4
10	8
3	3
7	5
7	17
8	19
7	19
10	11
16	12
12	5
5	14
17	16
7	18
14	1
12	7
2	8
18	14
3	7
12	9
18	15
19	5
16	18
15	9
13	13
8	10
18	4
7	1
7	11
8	15
1	6
10	6
13	20
16	20
2	14
16	4
20	8
15	17
6	1
19	19
2	19
6	1
14	3
10	18
1	17
7	13
19	18
9	12
6	14
12	16
2	15
7	19
17	4
11	11
10	11
15	7
13	9
13	2
1	10
13	11
11	19
20	6
8	4
5	3
19	3
12	13
9	3
17	8
12	7
4	11
13	20
8	11
2	20
20	10
5	7
12	17
1	2
6	4
15	2
12	14
19	8
12	7
19	2
19	11
12	5
10	14
6	3
18	11
11	9
4	8
4	15
18	13
11	16
13	8
17	14
13	11
15	11
12	5
9	1
12	20
2	10
19	1
17	18
11	19
4	15
13	7
18	5
10	4
11	19
17	4
10	11
14	19
12	20
20	16
11	14
3	10
17	4
7	14
17	18
17	13
5	14
4	2
1	7
14	10
1	8
15	10
5	9
11	11
17	20
9	18
19	16
8	10
13	4
10	14
19	16
