5	50
27	11	44	40	15
31	25	8	38	10
35	41	43	7	27
6	30	21	13	2
9	32	46	26	47
27	23	26	14	17
31	47	14	47	4
10	14	4	49	8
49	8	9	1	13
12	4	39	11	39
13	19	11	37	41
45	15	18	43	38
9	50	44	22	29
39	27	47	4	18
43	26	22	5	4
2	24	45	13	36
23	35	15	25	4
13	36	28	7	9
45	46	12	11	50
50	14	37	22	25
35	8	36	44	47
38	47	6	34	40
22	20	6	8	16
25	35	20	18	17
4	50	40	45	23
47	15	11	6	4
38	37	23	39	1
16	49	21	28	17
16	30	45	17	38
25	41	5	46	25
15	45	19	6	22
36	18	41	22	1
23	37	1	30	2
36	48	18	7	50
26	15	42	2	1
24	6	24	8	48
7	11	15	32	39
44	18	18	17	16
48	9	50	28	44
30	30	15	16	2
28	24	48	46	49
1	3	18	5	48
31	45	34	24	45
13	22	19	41	8
19	30	1	42	3
18	15	14	8	22
45	41	8	6	20
34	13	20	34	39
42	50	13	20	35
4	25	26	34	31
