2	100
16	82
25	35
40	12
73	22
84	33
62	21
40	36
57	47
90	22
90	28
91	44
22	99
39	4
27	88
15	53
80	61
76	63
53	83
14	35
22	71
6	4
97	59
71	67
89	75
24	76
66	51
6	20
73	72
60	26
97	37
86	86
7	31
53	2
45	78
84	74
34	55
100	19
22	87
48	64
29	72
16	52
64	39
88	30
55	57
90	82
24	88
39	86
86	21
98	66
6	69
23	11
92	51
43	11
51	88
98	86
24	96
98	25
22	34
22	68
43	24
47	89
89	2
50	46
17	15
33	1
90	83
59	60
50	5
61	14
97	78
80	68
60	5
58	29
91	14
64	52
100	30
23	83
23	34
23	90
1	97
95	37
55	97
96	42
37	39
75	17
74	9
72	66
44	80
30	84
45	22
56	3
51	81
2	61
60	77
38	16
83	71
13	100
83	43
13	63
9	17
