20	50
61	86	12	25	51	50	56	26	40	93	59	95	29	60	13	21	4	13	78	43
1	85	89	63	86	31	6	2	29	18	27	72	52	95	26	87	7	81	63	56
63	67	80	23	37	88	71	3	21	3	95	11	56	24	76	77	98	49	39	21
45	54	98	23	67	87	44	35	35	26	14	24	50	23	81	34	6	66	27	99
60	4	81	27	23	16	16	28	19	49	90	59	42	42	11	9	70	58	57	50
44	36	69	96	89	72	61	34	44	43	71	32	23	41	61	42	74	72	100	51
71	17	16	86	36	56	82	9	13	72	65	49	10	77	56	24	35	86	38	52
55	83	85	77	79	59	37	2	81	69	36	99	59	6	79	28	20	83	60	34
90	53	22	72	79	23	23	46	85	38	7	89	34	48	96	89	32	40	8	78
20	81	28	44	37	66	91	4	98	28	4	53	26	5	62	2	61	13	99	56
36	91	17	44	63	47	65	11	11	91	96	81	76	83	14	10	26	79	35	13
33	20	49	57	34	55	64	30	87	94	28	19	42	52	42	30	64	84	82	90
1	80	93	8	33	24	77	43	91	53	77	83	79	86	23	17	42	60	11	8
84	36	25	17	63	77	40	24	42	85	46	43	97	45	12	53	27	42	25	11
79	21	40	34	18	46	41	56	30	25	88	4	74	74	7	66	56	77	45	57
84	53	2	6	7	34	86	34	74	70	91	1	36	100	30	64	97	91	99	18
36	84	95	17	97	43	69	24	39	47	98	50	97	69	27	26	20	34	28	84
60	8	82	60	35	88	69	74	45	44	69	66	79	28	21	1	59	85	9	64
66	63	95	28	73	41	4	68	74	5	45	63	63	15	58	28	3	35	83	10
75	96	79	96	79	32	72	69	48	27	67	35	25	64	19	97	14	55	88	94
84	1	100	41	100	6	4	64	71	93	99	24	2	100	90	70	85	99	50	41
69	36	21	48	38	10	39	99	97	61	15	48	48	89	26	74	96	39	97	73
29	8	98	55	29	43	33	26	74	50	13	15	6	47	26	49	81	53	3	90
68	5	68	10	79	51	77	14	74	17	74	46	3	77	13	62	38	66	20	95
77	13	25	47	48	1	43	2	64	78	93	44	36	7	5	24	41	89	76	78
67	20	53	58	76	68	13	29	34	64	11	15	34	9	14	55	81	21	63	79
8	76	51	96	24	31	11	96	73	90	21	50	91	42	29	58	61	67	72	81
89	14	68	100	68	79	10	28	94	50	43	20	26	98	70	91	70	57	34	45
58	17	57	45	44	61	25	93	80	56	95	14	50	83	91	95	9	51	29	46
21	83	3	23	47	1	24	93	72	38	89	5	34	27	24	72	58	23	57	7
54	18	49	38	56	30	71	44	7	76	83	19	29	89	24	75	15	34	99	43
37	32	21	42	68	91	81	24	60	19	37	86	95	22	92	4	35	65	68	17
31	81	86	96	56	71	77	45	3	49	58	25	25	14	70	22	97	7	71	66
49	48	85	89	40	97	24	7	98	21	40	51	66	82	13	57	47	26	86	98
15	37	21	11	62	12	61	82	53	70	7	28	94	3	68	84	97	98	56	59
47	70	48	82	10	8	59	44	2	14	76	72	21	74	52	13	27	75	27	29
37	43	54	28	14	12	57	64	14	29	60	49	70	28	51	45	89	39	1	55
53	18	80	40	95	35	8	21	52	55	57	23	71	28	23	5	16	20	68	98
51	96	30	73	54	27	3	94	23	7	25	88	74	73	76	19	63	15	34	80
5	36	13	59	72	38	78	42	5	47	29	69	72	4	4	58	88	8	86	68
33	14	99	45	31	70	49	99	53	4	42	2	87	89	94	15	83	72	1	16
49	62	89	76	79	56	17	71	69	18	31	56	29	66	48	92	38	68	28	3
89	80	89	1	6	28	83	83	10	90	75	17	7	70	19	71	25	23	67	76
54	79	31	36	74	86	73	21	42	2	78	16	44	99	28	70	73	88	71	52
74	34	61	80	43	15	50	59	48	77	67	15	2	53	50	10	50	54	28	20
55	62	42	9	12	60	73	9	43	49	99	37	53	16	3	20	19	51	93	59
37	15	74	65	36	63	14	92	49	18	21	19	61	51	97	12	93	53	68	84
42	41	17	99	79	30	63	87	50	31	92	99	62	70	84	41	88	77	73	50
46	82	60	25	29	80	77	3	19	91	27	66	83	10	17	96	99	76	87	6
100	28	42	19	26	22	58	92	67	57	24	17	80	19	38	61	82	92	70	99
