2	200
8	42
49	34
1	22
17	8
16	18
6	45
35	41
46	42
35	21
40	37
43	21
49	2
2	41
35	25
38	21
7	43
2	34
50	37
20	26
7	50
27	48
7	28
17	26
41	1
20	33
2	22
29	21
32	38
43	47
33	11
37	43
20	46
11	13
44	2
41	10
22	10
14	40
11	46
14	22
35	26
50	35
6	6
20	36
15	31
2	12
45	24
44	47
14	35
28	11
18	5
33	40
10	10
12	42
8	40
10	37
24	22
12	7
11	3
38	15
27	26
49	13
50	29
15	49
17	18
27	27
18	3
4	31
44	10
25	46
44	28
29	25
21	16
39	24
13	37
36	12
48	14
35	43
7	21
41	31
45	14
26	40
14	34
19	21
18	31
14	1
28	42
21	50
47	24
42	35
41	42
36	30
33	15
29	5
19	12
25	23
20	44
1	31
2	39
12	38
47	18
6	32
24	35
34	6
44	36
46	33
30	6
41	4
28	47
8	49
6	15
3	6
7	41
32	35
42	40
48	9
12	5
38	23
36	5
6	48
32	24
11	33
17	42
44	14
3	48
4	6
31	14
32	33
16	1
25	34
3	50
14	4
39	37
22	25
19	18
18	23
41	10
18	32
4	20
40	15
47	18
32	45
37	42
29	48
23	5
8	36
30	23
45	33
10	8
45	30
21	19
46	35
30	31
16	22
47	1
30	46
11	11
37	36
18	20
18	47
9	24
3	14
11	32
43	19
15	35
22	46
26	10
44	28
22	47
15	6
27	7
2	22
26	12
26	20
36	10
15	41
41	48
22	48
17	33
25	48
38	47
7	12
29	34
21	1
17	10
14	21
5	12
21	2
22	31
38	49
7	24
34	6
21	31
6	28
39	47
12	39
23	18
18	30
1	40
43	43
42	25
