20	50
6	14	3	3	3	9	6	8	10	10	17	6	20	20	7	12	15	6	8	6
14	18	3	1	11	17	2	12	8	16	14	3	17	9	13	6	5	3	14	11
7	9	11	11	2	11	7	6	3	14	9	9	11	6	16	9	11	2	13	7
8	15	20	15	17	14	9	11	8	2	8	13	13	17	20	5	7	13	20	1
10	16	9	15	7	6	13	11	14	5	15	3	11	7	4	12	9	17	14	8
2	17	19	2	6	17	16	14	7	11	2	19	3	13	18	12	6	5	8	12
2	19	18	4	7	6	3	6	14	8	16	10	19	12	19	14	18	8	10	11
10	19	5	3	3	16	20	18	10	12	7	5	9	2	7	4	19	15	15	20
14	11	1	19	15	12	1	11	15	4	14	18	15	18	3	3	14	15	1	11
6	5	16	2	2	12	2	17	6	15	15	3	14	11	17	19	19	6	8	12
16	9	4	6	18	9	10	12	20	4	11	5	15	4	14	9	16	19	18	4
11	4	6	20	10	11	5	5	1	5	5	9	8	9	16	17	2	10	4	13
3	10	18	2	4	10	9	10	17	8	4	20	9	5	2	13	4	4	17	7
5	5	11	15	20	2	18	7	9	17	8	6	15	5	1	1	6	4	17	20
3	16	9	14	2	5	1	3	8	4	14	18	14	17	9	18	20	3	2	3
13	3	2	20	20	18	5	4	4	1	7	20	8	17	5	9	17	18	14	16
2	15	19	6	4	11	13	18	17	4	2	3	3	14	8	1	14	10	14	4
20	17	19	8	17	14	10	18	13	20	2	3	9	7	1	19	4	17	16	10
5	7	8	1	20	4	18	14	10	4	16	8	4	10	16	5	16	12	9	10
2	16	6	17	2	19	14	17	14	10	17	18	14	4	20	14	10	19	8	13
17	16	8	10	5	15	19	20	11	17	3	13	8	7	9	9	2	11	19	1
10	2	1	1	8	18	15	1	11	3	15	18	4	16	14	6	8	17	12	8
1	15	6	18	7	5	11	7	16	11	12	19	20	8	4	16	15	8	3	7
1	19	9	9	2	5	10	13	14	3	2	6	19	12	20	16	16	4	14	3
8	8	5	20	11	16	19	17	13	18	11	1	15	6	7	3	7	17	17	3
15	19	14	13	10	7	1	8	8	8	20	12	15	20	20	14	14	9	19	6
6	14	20	16	12	1	12	14	5	18	9	20	8	11	9	10	14	12	11	4
16	12	9	5	19	19	6	16	6	14	9	18	18	11	18	2	19	18	1	9
16	7	3	10	19	20	5	4	11	10	20	3	19	16	10	15	5	15	18	14
15	17	9	12	10	12	3	17	14	7	12	17	11	2	8	10	9	20	6	19
15	2	5	16	15	7	19	3	1	3	18	4	1	8	14	20	19	12	1	8
18	8	11	5	19	4	12	18	8	1	6	6	10	20	19	14	13	13	17	3
14	20	16	11	9	8	16	3	8	9	12	18	19	19	1	7	12	20	17	11
15	1	15	1	18	13	15	1	10	1	8	6	15	18	15	18	13	1	17	12
8	9	11	20	10	8	7	11	20	12	2	13	16	7	9	13	6	16	13	17
14	16	14	7	2	6	4	2	5	3	15	11	4	6	4	6	11	16	12	10
7	4	2	18	20	15	10	9	10	2	13	18	8	20	19	13	16	4	19	4
5	5	7	17	18	11	10	11	3	3	2	11	4	4	11	10	14	16	8	7
16	16	13	3	11	18	4	4	8	12	11	8	18	9	6	2	17	5	20	9
6	20	6	7	1	2	14	4	10	9	19	20	17	12	8	9	12	4	7	1
8	7	4	12	13	15	14	16	18	9	14	10	16	19	2	17	10	7	3	9
4	20	14	19	13	11	11	6	1	17	10	13	18	20	2	19	17	15	15	7
9	19	7	2	16	10	4	18	10	12	19	6	2	19	17	8	13	5	19	3
4	8	15	1	19	1	12	17	18	3	1	16	12	17	20	5	14	12	4	4
7	14	16	10	19	4	12	20	3	14	7	12	17	13	3	1	5	6	3	15
18	8	20	8	12	4	15	6	19	13	14	1	1	15	16	10	13	5	3	15
10	13	15	4	17	9	20	20	14	20	1	9	9	10	7	20	15	9	19	16
10	6	1	11	1	6	12	2	17	14	9	20	3	9	6	6	14	16	11	4
4	15	13	20	12	6	12	12	9	17	16	4	7	8	5	4	13	4	4	12
17	18	3	20	12	2	6	1	4	1	6	19	18	16	12	16	14	1	19	15
