2	200
11	11
7	17
8	2
10	13
7	16
5	6
9	15
5	3
11	10
12	11
16	1
10	2
4	13
9	18
2	1
13	1
11	5
13	8
6	14
5	19
1	5
7	6
5	14
6	16
3	6
6	18
18	7
1	11
1	5
13	15
13	12
11	7
3	5
16	4
2	17
17	18
5	13
10	12
15	5
17	11
8	14
15	16
16	16
4	5
5	3
8	2
1	10
7	9
14	1
3	1
18	2
14	7
10	9
13	5
17	10
17	16
9	2
8	20
17	16
12	8
2	12
20	20
9	16
17	16
7	2
18	14
2	17
13	6
20	9
7	7
3	19
9	16
7	12
14	19
2	7
12	19
9	16
20	7
3	15
18	14
12	18
18	15
12	3
14	12
10	3
1	9
9	5
6	3
4	5
14	18
3	19
14	20
10	20
5	7
18	6
4	5
12	13
16	6
1	14
5	4
18	2
10	20
7	4
10	5
10	17
4	18
2	20
12	14
4	18
6	12
18	8
15	4
19	16
17	17
9	20
2	10
1	10
20	2
9	15
14	6
11	1
18	1
3	6
4	12
1	3
2	4
8	13
7	11
7	6
2	11
8	13
17	10
15	14
18	12
20	11
5	10
5	1
1	18
11	15
2	13
13	5
17	6
19	19
3	8
4	10
15	3
14	3
19	19
4	8
6	9
8	12
13	10
19	13
19	8
12	9
1	13
5	9
19	3
17	11
12	17
12	11
9	11
17	2
17	2
2	3
14	3
9	13
6	1
13	7
8	6
1	16
16	15
10	2
19	6
5	16
3	14
16	10
18	18
4	2
14	18
17	17
6	10
16	18
4	13
4	18
10	10
4	6
17	17
15	14
2	15
4	11
18	7
1	20
8	20
15	8
18	11
13	11
10	4
10	7
19	12
