5	200
24	13	36	41	18
17	11	34	5	3
25	12	5	19	30
21	18	36	22	35
7	5	6	28	45
10	42	14	4	50
43	46	40	36	14
14	42	2	32	24
49	37	48	48	21
36	37	30	36	7
29	16	48	45	41
20	7	9	46	8
25	48	30	5	11
29	23	20	5	16
30	17	4	48	37
21	7	9	7	9
24	12	28	48	22
28	48	46	45	45
8	33	6	24	49
2	7	44	38	43
14	18	25	20	27
13	12	1	9	20
13	49	3	38	35
13	20	33	34	33
31	28	25	11	9
48	12	31	49	35
14	13	21	15	45
6	38	9	21	9
16	48	37	26	32
9	31	19	40	36
32	25	11	5	13
37	44	15	12	30
2	32	2	24	7
1	28	39	43	29
26	12	12	25	17
33	41	50	29	50
17	44	42	13	4
39	3	17	2	9
13	24	47	42	8
35	46	13	19	32
32	43	26	11	11
21	14	37	38	30
46	45	36	12	13
9	40	40	21	18
49	11	37	35	17
3	15	21	18	33
37	29	31	48	19
25	18	32	3	33
26	16	29	23	13
19	38	36	29	50
45	7	43	2	34
21	7	41	44	8
7	44	19	6	43
18	14	39	44	39
41	9	37	38	42
33	33	14	23	49
16	29	42	19	39
31	37	29	14	48
19	27	38	45	27
33	48	24	31	45
5	49	43	41	9
36	21	5	10	1
39	43	19	46	43
28	2	1	18	13
32	35	26	47	21
14	22	42	12	10
36	9	34	29	44
18	37	2	10	3
11	32	20	13	9
26	9	42	3	49
31	47	7	19	13
20	23	46	21	46
15	29	43	50	16
31	10	41	3	25
41	1	42	15	2
50	16	13	38	45
6	30	40	13	30
39	2	16	16	24
45	41	31	15	38
33	40	20	47	29
16	18	40	28	9
30	6	42	17	13
5	11	9	26	40
35	39	30	20	28
29	45	26	29	31
50	20	27	27	20
11	46	16	10	30
39	40	12	5	1
34	10	49	3	20
34	33	6	25	4
44	10	1	20	1
21	43	12	48	9
10	29	16	47	3
10	46	50	46	2
46	27	25	20	45
19	46	23	10	47
18	15	3	24	26
1	46	47	9	9
46	29	15	47	42
5	45	2	50	11
39	33	10	24	9
18	36	31	25	32
26	20	3	1	41
46	27	42	21	3
14	49	41	38	6
17	13	29	29	40
24	44	23	50	8
35	5	29	16	9
16	15	22	28	34
26	27	14	7	46
29	4	32	48	47
40	43	23	18	42
5	7	3	36	9
32	48	4	43	6
41	48	26	12	38
50	28	14	4	30
41	49	22	33	12
20	13	26	3	19
43	32	11	25	4
9	13	36	19	3
29	23	22	1	6
31	28	20	11	48
12	30	19	39	1
7	35	20	25	39
19	23	1	25	14
10	38	2	8	29
37	42	45	2	2
18	27	22	28	31
43	44	15	6	7
13	13	23	24	47
24	43	12	31	35
7	23	47	37	46
44	27	12	32	11
21	35	18	37	34
31	14	43	44	47
25	8	45	19	1
47	15	29	11	6
45	30	14	18	46
46	31	36	32	38
17	33	34	46	36
29	46	37	41	17
11	50	19	35	10
49	28	29	36	50
29	48	1	26	16
41	22	1	42	38
50	28	12	7	31
43	25	49	33	23
2	29	39	45	46
45	12	30	8	48
18	3	50	33	9
19	32	8	30	46
8	45	45	3	17
33	39	12	5	18
24	30	46	13	48
1	10	7	31	22
29	42	44	44	21
48	29	29	49	12
11	18	20	37	16
7	34	37	28	14
7	50	25	40	24
39	7	37	35	9
10	26	27	9	17
16	2	2	32	20
4	10	14	43	8
6	10	9	48	42
17	24	29	18	15
30	17	4	21	33
42	42	45	41	3
35	42	11	20	50
6	33	5	9	10
47	37	33	33	18
29	48	40	44	43
36	47	10	44	38
49	49	31	50	28
13	16	24	40	23
15	50	39	48	37
34	19	21	8	19
43	35	22	3	5
44	2	2	49	17
38	32	17	33	2
8	2	6	31	47
31	14	43	10	4
29	9	42	7	9
17	26	2	26	46
15	27	29	46	34
11	15	26	23	36
34	34	7	47	30
32	14	41	11	38
30	43	12	50	26
36	11	45	40	1
12	30	42	38	38
31	24	10	47	36
17	38	20	25	21
46	2	46	28	27
3	36	42	38	16
22	16	30	20	49
1	20	36	23	24
4	42	20	10	50
9	4	44	25	22
42	23	37	30	31
