10	50
87	87	4	86	1	73	57	52	40	70
77	5	13	45	78	94	24	40	25	54
93	16	29	75	87	18	55	57	75	46
9	28	66	60	87	52	95	48	99	14
15	58	61	59	83	81	51	23	98	22
85	21	74	72	82	71	59	30	100	83
19	1	77	94	61	49	39	54	58	27
99	76	42	11	39	35	56	70	92	7
68	32	59	53	61	89	55	95	78	17
94	66	49	16	96	15	81	67	99	35
42	98	65	72	23	10	80	63	33	48
16	89	38	94	16	87	42	25	33	73
94	45	76	42	34	34	28	26	16	24
55	89	72	58	66	70	67	88	30	52
9	93	62	31	1	5	28	56	1	9
74	57	34	26	41	97	22	23	39	90
83	55	47	10	93	28	18	81	28	46
20	54	95	82	64	2	84	46	42	29
6	72	26	8	51	99	55	46	17	69
49	44	50	40	70	55	46	53	38	73
88	48	28	55	89	20	62	53	63	40
14	77	82	10	85	11	29	40	59	95
73	72	64	60	98	77	5	55	12	10
56	32	8	69	42	58	45	72	20	31
38	3	84	78	56	72	63	41	56	59
26	7	94	44	1	16	85	69	57	13
16	7	41	53	85	83	70	13	68	28
67	58	21	29	58	71	89	86	5	27
14	65	100	54	84	49	38	64	69	27
73	77	15	7	16	31	62	31	94	74
3	51	73	29	93	68	87	66	87	30
28	100	64	31	99	51	8	88	70	36
45	6	44	42	55	91	44	14	13	27
9	59	92	32	24	64	92	72	61	17
62	73	78	39	100	74	13	85	8	66
24	75	62	58	29	98	7	32	75	3
25	74	53	60	22	70	8	33	8	36
59	36	27	54	75	72	29	5	43	81
78	60	6	48	4	35	97	35	3	27
57	61	98	58	92	89	20	18	18	30
67	80	78	73	7	88	48	9	84	57
69	2	89	94	25	66	68	6	57	87
73	74	31	81	79	99	39	70	62	87
53	12	87	13	15	99	82	34	41	16
87	89	51	46	58	56	73	4	34	27
21	14	61	31	58	93	49	97	94	9
49	79	47	98	5	58	15	77	79	27
84	35	65	42	100	84	24	85	24	24
27	35	36	36	66	39	51	56	55	22
50	86	40	33	67	9	42	53	42	100
