20	200
76	59	54	27	27	15	32	64	8	29	40	50	98	47	62	3	97	25	46	11
64	94	12	51	50	26	57	98	1	27	22	90	53	75	97	44	32	5	24	4
42	22	34	16	40	25	18	82	31	95	15	71	5	98	49	83	48	3	78	2
58	34	63	82	7	50	98	23	51	18	72	93	1	42	69	42	60	96	11	26
8	75	68	7	12	52	86	55	26	14	97	29	28	23	46	8	60	53	9	91
28	95	32	14	23	23	70	64	29	8	23	52	93	52	94	84	67	56	70	56
65	43	97	37	21	43	66	79	96	61	83	8	88	21	98	13	44	55	84	90
83	23	27	19	92	46	37	76	29	63	42	4	83	53	26	85	99	95	93	81
58	91	68	68	26	15	64	72	54	81	40	13	73	80	74	43	17	79	46	76
6	91	51	34	20	79	26	35	96	14	15	49	62	4	33	92	55	59	93	77
83	66	22	48	23	30	32	3	80	83	69	20	49	17	76	68	41	35	49	47
90	29	77	41	66	91	51	70	48	82	89	58	87	70	94	41	69	3	11	90
48	23	56	13	45	96	1	46	28	66	52	21	10	46	87	54	89	81	82	33
79	63	56	99	95	12	34	80	24	35	99	39	24	60	100	68	74	65	97	71
91	6	42	83	30	68	48	41	84	40	53	89	21	79	12	85	68	58	18	34
62	22	23	94	68	14	97	51	47	19	81	25	85	12	42	74	22	73	69	28
64	94	96	84	83	11	18	46	48	15	1	17	47	63	9	70	84	48	16	17
71	98	94	66	60	29	5	9	37	38	64	95	89	91	71	69	26	39	12	57
96	51	3	32	19	65	78	22	3	72	91	74	58	52	57	66	100	31	24	55
7	9	9	11	52	6	28	56	93	40	44	45	37	59	21	20	95	63	47	96
51	83	7	65	47	90	37	38	35	5	70	96	15	57	51	87	42	92	81	13
38	23	29	63	29	47	38	100	31	37	72	38	84	29	5	24	3	45	65	62
70	91	21	88	71	49	30	80	8	34	78	3	82	35	59	28	54	44	37	1
53	38	7	99	34	33	13	87	53	28	85	98	28	20	44	47	2	41	93	80
18	58	93	97	59	69	56	49	71	77	70	60	8	64	9	32	85	23	55	39
37	44	27	80	50	81	75	63	92	12	27	13	51	57	84	95	46	10	40	65
78	64	16	77	59	25	91	65	11	12	63	79	87	55	44	74	32	13	48	79
94	93	58	60	50	57	9	52	81	15	87	75	83	90	61	73	28	50	22	26
90	11	53	80	49	48	27	97	13	10	64	33	62	62	72	85	6	57	27	2
16	40	84	97	26	88	96	98	94	72	47	82	92	23	89	84	40	79	11	3
31	13	39	72	51	54	14	22	19	76	67	72	24	20	10	51	28	57	54	62
52	30	4	42	63	83	42	40	74	89	46	28	46	25	72	4	1	12	46	73
75	75	79	18	5	76	58	72	14	38	56	83	25	50	51	2	9	97	9	69
12	74	49	30	31	40	26	99	49	6	50	16	12	82	87	78	51	87	38	88
25	71	27	36	33	63	4	97	75	70	95	5	3	77	61	2	26	49	87	65
50	59	23	8	88	41	72	43	63	73	51	23	59	22	44	42	47	14	98	69
36	30	25	80	11	46	13	35	22	86	53	2	100	73	39	66	49	20	48	93
92	62	34	2	20	73	46	82	33	20	55	13	52	19	30	21	34	44	98	43
28	38	21	78	21	49	24	87	83	79	93	28	66	5	78	75	96	24	60	39
1	31	2	3	32	40	51	81	44	19	32	6	22	6	65	54	41	57	82	71
50	60	100	55	27	27	48	47	42	55	25	11	84	60	43	97	36	18	46	82
99	43	43	65	47	88	6	61	40	24	34	39	43	90	89	42	32	47	77	5
93	4	40	89	94	21	22	63	64	69	19	24	11	100	72	7	17	35	8	39
21	88	7	19	22	86	69	94	71	1	66	89	42	42	90	96	4	55	71	27
66	44	98	72	5	11	29	43	19	83	25	97	40	38	84	6	98	21	67	8
53	28	93	63	3	30	82	70	11	77	4	63	64	82	73	78	90	35	14	12
58	27	76	89	76	69	50	4	58	85	99	83	88	64	74	38	51	35	70	76
29	60	32	42	79	63	33	58	65	6	16	63	8	56	51	27	53	5	87	34
81	79	12	27	79	22	75	1	8	36	28	56	66	38	84	99	95	35	10	14
37	92	39	53	70	36	75	33	13	48	86	46	49	36	96	51	48	5	64	57
88	33	50	30	79	60	97	70	72	52	32	18	95	74	98	89	40	60	58	43
47	43	88	61	50	82	8	31	43	33	51	91	72	54	26	4	42	10	74	10
40	6	61	62	17	68	52	75	38	7	12	89	48	21	10	46	45	90	80	97
53	66	28	40	2	41	47	41	48	94	47	30	86	49	4	42	83	27	45	82
31	33	94	36	22	62	44	51	45	81	60	53	30	77	58	74	79	22	61	76
22	11	27	44	60	82	4	100	18	68	63	18	46	99	67	20	73	92	18	40
98	97	97	68	35	95	1	9	91	30	64	62	67	69	61	20	6	50	76	41
59	45	33	77	18	43	7	32	11	38	1	87	4	22	78	25	14	60	10	66
82	96	9	89	5	2	51	77	38	47	14	24	17	78	81	54	64	21	50	93
88	70	98	54	29	77	58	46	91	37	7	47	41	11	59	63	36	45	72	17
92	31	94	64	24	78	71	27	41	24	61	93	10	18	78	12	98	55	60	28
44	6	86	2	41	68	83	6	19	18	18	20	50	34	1	58	76	35	30	52
6	31	6	68	76	14	38	24	33	47	66	81	85	44	73	86	45	92	24	57
95	65	9	23	7	42	44	76	17	21	37	64	26	8	22	14	1	19	27	27
31	60	74	72	53	37	35	6	62	16	13	84	11	74	58	42	23	83	61	35
70	62	8	13	11	3	56	78	22	60	86	26	66	97	26	35	92	38	71	70
7	39	15	1	8	53	53	53	51	81	91	19	58	92	58	70	53	61	61	51
82	58	84	2	31	87	19	15	48	23	50	86	12	92	28	32	47	7	6	58
50	4	27	41	69	68	69	74	40	57	82	31	77	21	89	50	55	13	71	21
35	39	5	29	32	6	7	67	65	27	23	47	56	3	1	78	31	43	34	63
19	45	76	92	41	19	9	92	4	79	77	34	36	85	24	12	99	99	10	64
62	2	10	14	35	36	75	74	20	11	19	12	80	8	2	91	63	14	88	13
97	15	64	86	50	89	11	72	80	90	79	33	34	70	2	18	35	63	57	5
45	35	73	93	61	65	55	28	84	34	49	86	11	98	67	47	39	25	64	46
25	4	95	31	32	86	79	11	7	85	56	1	57	83	69	62	43	71	25	86
35	84	88	47	41	94	22	36	3	56	80	11	99	12	81	41	41	43	61	75
86	45	22	99	78	48	29	29	30	5	5	68	100	79	12	42	17	49	90	39
65	44	8	52	5	45	2	46	3	28	22	1	11	51	100	91	62	89	69	93
65	94	7	98	51	13	12	21	1	39	25	92	53	23	11	43	37	71	95	33
47	84	26	2	84	5	57	49	79	21	81	28	80	97	75	72	37	10	1	93
34	82	45	65	4	31	48	89	41	57	54	92	95	37	47	81	68	5	15	47
56	64	42	80	59	97	12	57	48	39	7	28	71	2	100	66	40	62	98	54
57	69	9	23	68	89	33	44	51	94	4	32	95	54	38	71	40	66	7	7
19	92	41	2	51	26	22	94	37	82	42	7	8	62	90	87	55	20	13	70
65	69	7	55	36	75	34	17	65	30	27	75	55	91	35	66	29	7	72	42
68	39	8	69	53	97	25	33	64	51	16	20	53	38	43	51	86	86	67	77
93	5	30	7	56	68	53	17	28	25	59	49	49	71	2	26	61	38	2	39
50	1	53	14	15	8	22	18	49	85	81	43	41	96	50	63	10	1	14	86
45	8	6	40	93	68	72	83	36	17	90	48	85	28	27	92	53	16	93	49
47	35	69	43	45	16	8	53	21	39	16	61	24	17	95	42	95	14	22	47
36	39	83	32	95	33	59	13	69	58	11	95	8	66	39	11	40	64	95	78
60	19	62	98	1	30	25	68	34	86	98	40	94	47	13	8	53	37	49	13
57	95	85	64	28	22	53	58	78	84	3	32	19	45	88	18	77	86	31	66
9	91	80	84	61	72	1	62	54	32	58	3	15	83	21	65	34	99	70	80
77	67	90	50	83	66	21	50	59	95	31	68	7	83	5	66	16	2	4	57
21	92	5	47	27	1	17	36	25	23	85	79	16	52	89	42	1	30	1	95
51	52	3	60	1	91	97	32	79	55	50	33	95	13	59	86	63	44	24	83
49	86	26	37	10	52	52	55	95	63	65	86	1	10	6	69	89	45	47	36
4	85	57	70	74	52	85	4	93	4	80	58	7	18	46	65	27	67	50	49
40	42	38	17	90	64	32	86	7	91	97	18	98	89	79	65	30	56	63	59
68	49	62	91	83	8	80	84	64	41	42	23	96	98	97	62	48	40	80	11
21	99	97	3	8	63	61	19	39	82	36	72	5	92	82	91	81	47	34	83
84	49	22	66	49	74	22	100	92	17	17	90	76	53	38	69	52	59	84	21
47	62	45	83	6	71	19	4	17	6	82	1	7	98	27	73	78	31	55	35
41	61	27	23	65	47	96	53	54	13	39	23	64	14	36	23	5	40	61	78
56	18	84	87	36	16	84	79	26	66	92	22	4	50	80	87	36	23	18	59
76	67	51	5	67	60	38	93	63	5	69	39	70	78	79	23	78	40	87	49
64	18	27	89	22	18	19	15	35	50	88	83	22	3	2	89	68	79	21	77
79	91	17	22	97	54	52	27	71	57	9	96	36	70	95	59	40	62	84	49
41	24	58	13	17	87	18	68	76	91	56	99	20	11	71	73	2	5	92	68
66	93	45	79	41	93	47	52	8	44	49	7	96	72	36	56	34	4	5	11
37	85	51	80	2	10	76	26	100	23	57	36	70	16	84	49	79	80	72	25
40	66	61	32	42	49	3	49	75	15	40	98	100	81	32	82	42	65	78	32
17	22	53	86	87	14	37	81	89	88	77	54	32	81	72	72	24	20	39	53
7	27	52	85	83	60	36	89	84	2	7	15	3	41	8	19	13	76	45	29
13	23	61	87	39	87	67	20	10	61	58	23	26	25	25	90	70	69	3	28
79	48	98	87	81	62	51	91	73	54	59	49	75	11	40	85	67	65	47	97
94	16	80	23	44	85	90	78	17	19	49	44	73	18	50	65	25	74	6	77
36	76	48	57	2	10	48	16	86	40	24	6	23	7	35	63	69	76	44	97
73	74	74	55	5	16	76	58	61	76	61	93	60	71	61	18	69	23	21	34
37	74	93	78	95	44	22	67	83	88	97	50	31	9	4	63	2	93	52	87
34	91	55	10	80	31	46	53	47	18	94	46	55	10	60	99	81	97	60	62
95	10	76	74	80	12	63	51	67	99	16	77	72	35	1	47	20	83	99	65
98	70	20	66	94	51	95	21	50	5	82	5	33	91	93	24	16	81	31	69
68	96	86	48	2	18	75	21	10	14	80	98	99	96	65	25	90	10	81	29
17	43	2	62	18	11	44	81	42	77	32	39	53	31	97	3	84	73	64	76
77	75	11	36	26	84	7	38	26	68	35	6	1	3	52	26	95	24	31	91
75	94	79	34	83	42	46	69	100	63	41	18	47	6	53	42	33	66	37	34
5	6	55	75	42	26	38	50	79	72	8	60	42	73	1	83	97	77	54	84
38	38	39	64	27	17	60	96	50	11	94	29	88	97	87	70	39	4	92	57
4	96	91	28	55	81	76	74	5	71	46	56	12	54	96	67	68	92	48	26
67	43	1	69	79	80	73	45	87	32	44	93	86	98	80	42	48	11	10	47
41	86	92	80	65	39	17	35	2	20	2	48	57	67	90	62	96	23	50	75
9	31	88	73	27	53	70	15	74	55	20	57	82	2	85	82	52	21	4	40
63	39	44	67	30	97	37	20	8	18	47	26	61	35	38	10	99	19	54	12
69	2	61	47	1	46	66	56	82	9	11	75	19	10	13	71	88	21	43	31
17	51	7	56	8	95	96	48	64	75	83	33	68	92	72	61	78	97	67	85
31	81	38	100	7	72	7	52	23	68	23	79	76	23	96	18	96	6	40	7
50	19	92	8	26	79	8	27	39	52	94	91	55	58	1	36	14	8	49	37
88	45	25	97	52	5	57	46	97	54	66	72	58	61	36	12	90	30	74	29
64	81	14	71	75	33	25	19	23	60	5	88	57	3	19	6	94	95	56	22
22	63	31	85	86	22	33	94	23	89	47	84	34	21	73	8	32	54	23	20
81	39	23	38	49	78	16	56	42	30	19	95	74	52	7	2	51	29	86	53
100	31	96	35	13	22	55	37	30	12	74	40	73	37	42	84	40	93	36	8
7	78	53	94	70	52	10	82	14	72	58	3	69	70	20	50	44	89	25	28
24	79	26	31	56	79	23	38	11	24	62	58	93	78	47	22	78	3	65	62
12	73	24	59	55	72	71	3	17	92	40	52	68	8	85	28	53	23	38	91
30	73	72	90	10	100	11	92	24	98	72	42	24	64	17	51	56	67	76	85
9	21	21	19	84	11	90	85	93	19	70	56	65	74	32	39	2	34	50	55
61	80	79	20	20	99	28	5	92	35	73	87	47	53	83	9	53	53	6	99
10	26	99	6	29	17	77	50	32	79	49	22	17	21	24	29	42	1	99	86
83	86	94	59	46	83	9	13	92	24	86	50	29	51	45	36	81	74	91	4
22	78	73	14	86	52	70	26	29	55	68	52	54	21	17	25	33	41	60	46
8	65	59	9	93	100	94	66	76	89	48	69	11	96	64	5	14	80	73	95
13	83	84	38	56	35	96	8	35	21	3	41	15	46	96	58	19	64	22	86
59	5	51	41	7	99	42	59	58	12	12	53	68	65	33	25	82	22	53	58
5	86	32	56	86	8	55	65	100	6	86	50	59	88	37	9	33	44	31	57
93	37	50	24	10	51	73	50	13	71	77	98	11	64	82	73	73	95	55	99
45	78	60	52	26	62	95	81	29	24	92	39	91	97	66	69	37	9	46	36
35	5	52	29	30	89	39	95	7	65	36	38	89	33	13	16	78	98	98	48
57	93	22	90	80	39	7	15	99	13	37	65	50	19	65	41	26	31	23	37
24	100	75	65	89	55	50	59	85	50	91	39	11	98	80	42	84	63	50	92
83	24	97	94	29	72	89	70	68	73	91	47	76	61	25	57	19	57	2	25
89	48	31	49	22	98	55	52	40	23	57	63	81	32	55	100	3	81	37	17
66	80	91	13	60	45	63	50	74	23	24	27	62	25	3	35	94	49	72	31
17	38	31	46	16	28	66	45	7	26	55	38	21	85	60	10	58	19	89	78
36	5	79	17	100	30	2	57	29	21	6	55	10	6	1	29	50	46	97	33
79	19	44	48	69	86	7	78	66	94	78	75	60	94	96	13	59	14	46	87
26	10	16	87	20	100	29	15	85	32	60	12	23	57	100	17	62	31	49	15
24	25	92	36	43	31	96	16	11	88	70	37	100	11	7	69	3	57	29	70
57	92	94	34	34	66	53	4	95	79	51	29	65	32	63	2	19	81	44	89
5	13	5	97	62	24	13	12	50	32	15	5	3	80	58	33	31	58	3	78
79	92	22	33	37	42	72	69	48	6	51	23	14	40	65	44	87	97	73	11
54	42	55	64	65	47	26	86	74	31	71	62	78	67	11	13	92	73	60	21
53	45	65	45	81	92	92	64	15	15	46	35	85	93	24	38	38	59	68	91
16	87	95	18	35	89	45	47	29	52	53	15	38	52	58	10	77	11	83	73
55	63	71	60	85	37	77	86	43	74	76	33	5	70	5	66	50	47	11	93
47	45	35	64	63	32	98	33	35	15	61	28	77	96	37	54	16	36	33	98
13	59	5	55	77	20	10	69	48	93	60	31	100	90	27	10	28	8	97	53
40	44	52	28	14	49	57	10	33	52	51	15	14	13	80	88	41	80	87	43
22	30	86	43	55	31	28	87	69	27	26	8	39	81	59	69	8	77	42	28
64	1	36	96	42	46	17	88	11	39	70	48	21	54	32	11	58	10	74	84
22	70	41	7	27	43	76	34	55	11	81	64	39	60	80	22	94	91	1	10
14	40	77	31	58	78	88	85	49	48	12	98	4	58	7	94	61	29	70	99
70	83	34	100	58	6	10	62	75	11	17	68	10	64	70	82	93	10	50	49
56	92	86	7	100	84	60	81	53	86	61	66	22	2	40	31	7	78	74	52
69	26	11	39	32	44	89	40	88	26	1	51	80	21	44	79	98	27	100	75
47	29	9	89	50	52	47	8	25	40	75	16	37	99	81	30	82	47	76	56
95	21	94	28	85	11	86	1	59	61	34	81	78	99	6	41	17	22	89	80
98	81	16	49	51	86	14	82	40	14	98	51	51	45	80	26	36	82	4	39
67	46	49	64	6	95	39	39	94	40	13	60	58	96	59	14	5	45	77	100
98	5	62	45	64	83	30	34	20	80	6	36	19	51	14	53	33	52	44	57
48	76	89	100	2	39	93	55	86	66	22	91	5	4	42	62	85	5	1	24
65	5	19	14	35	78	41	8	83	7	82	54	2	21	53	22	16	62	44	25
90	75	48	54	59	15	31	15	9	52	68	28	52	20	92	43	57	75	66	25
98	86	73	80	84	68	90	85	52	21	47	24	61	76	34	91	57	65	56	21
47	27	100	31	39	55	3	82	29	10	65	42	96	20	28	5	3	68	71	91
25	47	63	89	6	45	67	76	87	2	86	92	19	45	78	72	86	42	42	30
66	9	56	43	56	5	28	42	49	30	89	90	95	66	96	1	64	11	26	94
88	27	96	28	24	74	23	51	42	57	19	61	27	41	25	17	91	21	34	1
