10	50
48	22	6	41	83	68	75	98	50	27
86	11	27	29	90	27	65	20	44	19
92	91	63	100	19	61	11	5	85	39
53	68	95	46	33	18	98	73	15	58
58	59	19	93	55	92	8	7	82	7
50	38	7	67	22	57	60	6	22	22
57	70	14	12	74	18	17	82	96	73
29	92	5	86	61	33	72	71	46	27
53	5	23	78	89	16	61	28	24	77
59	93	51	94	2	88	46	8	19	37
76	27	11	10	79	58	33	21	7	90
85	90	61	95	69	52	48	37	23	59
57	90	58	20	15	36	42	12	85	74
88	65	52	9	52	27	95	14	99	31
83	41	22	35	92	69	32	56	25	50
41	10	85	60	81	86	70	91	96	43
17	22	37	33	3	21	38	53	44	43
58	35	38	93	76	17	69	24	29	46
5	86	87	35	33	79	81	93	29	67
58	4	18	57	14	62	4	89	33	72
32	80	13	83	92	7	72	93	84	64
18	47	63	51	39	32	35	2	1	24
40	45	25	77	86	55	17	82	79	15
13	81	91	58	14	25	73	5	44	27
7	89	9	65	50	11	42	68	18	83
27	3	88	9	32	87	56	37	98	38
90	91	14	69	51	37	56	6	37	15
59	31	59	75	18	52	37	60	28	75
14	50	64	97	89	11	93	83	26	28
69	37	8	7	37	17	75	40	14	13
56	36	31	4	24	97	45	14	92	80
51	97	9	23	24	41	27	18	81	41
45	74	80	10	46	23	23	52	38	1
77	97	46	15	20	78	19	61	74	92
67	80	92	46	77	73	28	85	83	96
91	58	60	74	69	83	57	22	58	1
74	93	76	91	3	54	51	94	4	46
22	66	45	89	74	66	83	34	33	73
95	39	70	42	11	20	38	72	47	37
22	98	3	73	19	74	4	1	44	24
22	35	81	37	75	25	14	71	1	4
1	23	89	85	7	36	24	34	81	84
17	80	48	67	25	25	63	72	71	1
62	82	91	10	52	61	58	33	68	86
7	67	72	44	37	99	9	19	66	84
51	70	21	60	7	43	87	15	13	50
62	42	1	1	42	19	33	80	34	47
79	91	67	95	78	51	8	5	31	26
16	45	7	88	50	93	62	31	3	9
74	44	20	18	24	65	66	72	2	18
