10	50
41	96	26	7	43	86	50	19	32	75
70	64	74	71	82	14	43	12	32	66
7	59	22	57	77	99	95	32	75	92
42	71	44	24	83	31	10	29	93	81
90	32	25	81	52	86	13	70	51	53
67	31	21	76	94	82	75	70	31	45
92	18	45	40	33	100	20	51	88	52
5	14	19	52	77	75	35	41	5	91
87	25	81	22	26	12	50	69	30	2
57	40	99	49	89	73	88	86	48	53
66	63	83	100	49	53	12	69	99	19
48	34	65	40	59	67	37	23	15	22
50	52	21	86	96	65	16	71	63	5
88	49	94	53	25	25	43	82	74	73
100	82	71	11	54	23	76	59	91	23
37	65	71	27	4	15	42	97	4	84
38	41	6	95	32	99	41	13	15	35
25	55	50	42	23	69	82	10	33	73
90	57	81	41	69	23	79	67	49	11
83	46	79	91	36	59	76	76	80	56
83	63	45	56	98	82	16	29	5	35
34	33	65	31	94	81	61	66	27	10
21	74	64	5	52	80	77	59	7	64
94	6	31	78	91	27	12	25	44	87
8	50	63	14	77	50	82	48	97	55
98	11	50	70	36	9	100	40	5	19
6	57	23	41	42	29	3	88	40	67
69	37	22	40	3	71	12	50	28	2
99	29	62	52	66	83	56	61	43	83
28	73	21	26	82	51	28	22	73	49
48	94	8	31	86	62	89	11	68	65
98	50	13	3	20	77	95	72	76	59
73	42	45	58	39	97	16	96	58	52
43	90	78	79	55	5	22	32	66	4
95	45	93	78	85	79	60	19	6	6
56	57	47	14	77	6	50	50	92	89
46	93	53	16	23	8	72	34	48	16
55	64	6	72	65	28	50	68	74	61
38	98	91	53	97	87	44	65	3	49
56	73	41	78	58	2	93	77	56	78
7	26	71	91	51	93	52	75	49	49
57	82	77	31	52	49	3	100	20	36
64	8	32	100	61	83	23	29	14	63
36	73	13	96	54	12	28	100	3	4
36	70	16	54	92	74	96	10	26	10
100	93	57	20	14	100	95	71	31	68
71	23	61	86	14	85	70	81	78	41
21	3	98	17	1	95	92	78	8	87
88	13	3	5	64	43	16	94	83	54
18	57	70	35	34	13	9	30	41	8
