10	100
5	15	10	2	17	12	18	20	17	1
17	12	13	16	3	8	18	19	11	5
17	11	4	15	10	15	2	4	17	1
11	6	13	1	10	4	6	10	10	13
8	5	16	5	2	14	3	18	5	2
15	8	10	18	10	15	12	16	13	3
11	14	4	16	10	11	20	12	6	19
3	8	9	19	18	12	15	20	14	17
12	5	20	15	6	4	16	16	11	16
13	11	18	8	2	15	2	1	15	11
15	11	13	6	20	7	19	11	1	18
20	13	2	17	11	7	15	9	11	7
15	5	2	10	7	13	11	1	18	3
11	15	5	4	3	1	13	14	15	19
5	6	15	13	17	1	9	2	17	16
1	13	10	9	16	11	10	3	19	8
17	19	14	18	8	5	8	19	15	10
14	1	14	12	2	10	10	9	13	7
5	9	4	2	3	18	5	17	8	12
12	10	16	8	2	7	12	18	6	12
13	10	8	8	2	20	20	19	7	6
1	1	11	12	4	8	15	12	16	10
1	11	11	3	19	5	6	7	10	15
18	13	4	2	15	15	2	17	1	3
19	7	10	3	12	11	20	4	5	15
13	1	2	16	12	2	20	6	9	18
15	14	9	13	8	9	18	9	18	9
7	18	12	13	12	14	2	9	12	8
6	3	2	16	3	18	11	9	10	13
16	17	9	4	8	6	19	18	15	3
14	11	6	16	9	16	9	10	4	18
1	11	15	1	12	13	12	13	10	11
19	9	20	5	14	10	10	9	5	6
16	4	14	9	15	16	17	7	8	7
9	2	5	12	13	5	3	8	12	16
15	6	8	5	5	5	12	2	2	19
6	1	5	18	3	17	18	6	7	17
17	5	6	3	2	17	5	8	13	10
8	3	18	10	12	10	17	10	5	11
4	16	5	9	2	9	18	7	10	16
7	17	2	15	19	10	1	5	4	8
1	5	9	12	12	4	4	15	7	14
1	9	2	16	14	2	1	17	2	14
20	18	18	18	3	11	2	3	12	3
10	12	6	17	11	20	7	13	18	18
5	4	1	17	15	19	16	6	2	18
10	5	3	10	9	3	7	12	10	2
3	1	4	4	4	10	3	6	6	14
15	8	19	5	9	17	18	2	3	5
15	16	2	14	14	6	9	16	8	8
14	16	4	17	15	4	20	17	13	6
17	11	1	9	3	3	6	19	2	12
6	6	9	5	7	7	20	10	11	19
1	7	18	18	1	20	4	3	10	5
17	1	9	17	9	5	16	14	12	12
1	11	15	16	3	9	7	20	10	8
4	11	7	14	6	10	14	3	8	4
19	3	9	17	16	5	17	13	17	3
12	7	19	20	19	11	13	2	15	13
13	5	14	3	1	7	15	15	12	19
12	13	6	9	13	18	3	18	1	19
12	15	3	7	17	18	13	7	16	16
18	12	9	16	11	15	9	6	17	10
11	2	2	18	12	19	2	10	8	1
8	15	1	17	1	19	2	7	6	4
14	8	20	17	2	20	5	10	18	18
10	17	2	12	8	11	13	6	16	18
16	3	20	15	8	3	11	12	16	12
13	3	20	13	16	3	2	6	16	13
14	12	13	10	12	12	14	10	9	11
6	17	12	9	8	12	9	5	9	19
9	14	15	6	5	7	17	9	16	6
9	8	10	4	4	5	11	11	4	17
10	2	3	6	7	17	12	12	6	5
15	18	17	18	4	1	17	7	5	5
15	5	14	4	2	18	8	8	5	3
2	18	2	13	10	8	11	10	20	9
16	5	4	12	12	12	12	13	20	4
8	5	7	19	2	6	8	20	4	9
10	4	8	3	3	17	16	5	8	17
10	8	7	17	10	10	1	2	12	11
7	16	8	1	16	17	12	4	11	4
20	12	7	12	19	13	18	2	9	15
16	7	5	4	15	1	18	11	9	12
5	6	8	13	2	15	16	7	7	6
5	13	15	4	17	18	1	15	18	18
13	19	13	18	15	20	11	4	7	15
20	2	15	19	20	15	5	14	10	5
17	11	15	4	11	4	13	1	8	17
1	4	13	12	20	7	13	11	18	2
4	12	1	13	7	4	18	16	5	3
14	8	5	13	1	3	4	10	8	12
8	11	17	11	15	16	9	3	20	13
2	15	16	8	1	5	11	3	17	7
6	17	16	6	3	13	19	1	11	17
3	4	4	7	15	14	16	10	19	11
15	15	17	12	2	20	12	17	12	17
13	2	14	1	7	11	15	11	8	2
18	9	12	3	11	19	12	10	14	8
9	1	5	6	12	11	1	4	5	4
