10	100
3	10	4	1	9	17	3	15	2	7
6	14	11	1	13	20	1	18	8	1
9	10	16	17	6	15	17	5	10	12
3	3	14	10	4	3	8	10	18	7
19	20	17	3	2	13	16	11	12	9
4	8	13	18	9	13	15	8	16	15
20	19	5	10	4	4	1	2	18	10
12	12	20	2	3	10	14	14	16	13
19	6	14	2	9	16	11	16	1	12
9	1	14	4	7	1	15	7	19	18
12	15	14	2	17	13	8	11	16	20
20	2	13	3	16	14	5	4	2	9
14	6	2	6	2	12	18	17	15	3
15	7	15	18	2	5	13	13	5	16
9	20	20	1	13	8	8	12	9	13
16	11	5	11	5	7	14	8	20	6
15	11	16	14	5	13	7	16	2	11
2	13	20	7	1	14	6	1	14	15
4	7	9	3	7	5	2	4	14	15
12	5	13	20	1	18	4	6	16	20
1	13	10	18	12	4	12	19	11	11
1	13	14	6	2	8	3	14	7	1
11	4	2	7	19	17	20	20	6	3
10	20	6	15	15	12	17	11	11	4
14	3	14	3	15	20	12	8	19	13
16	11	20	16	9	18	11	4	19	15
4	12	14	8	1	1	8	20	11	11
12	12	3	4	8	9	10	20	12	20
6	13	2	13	7	20	1	10	6	18
1	14	12	16	1	2	9	6	3	14
12	12	17	9	2	5	8	16	9	1
8	12	12	20	10	12	11	2	1	1
20	18	14	14	11	18	20	8	3	6
20	4	17	19	8	14	16	14	11	3
13	5	2	5	10	9	2	13	7	9
11	8	6	2	15	15	19	3	18	4
5	1	13	3	2	4	15	14	12	17
16	18	12	18	9	15	16	9	4	2
16	8	1	15	15	13	19	16	4	14
16	13	16	7	19	13	13	20	4	7
14	9	1	11	14	14	16	8	14	20
19	10	20	17	9	18	20	19	8	10
5	20	10	19	1	4	3	6	20	16
3	17	6	18	9	8	7	11	1	2
17	12	2	5	15	7	14	20	19	1
14	14	12	14	2	14	19	2	10	10
12	11	8	18	17	3	4	2	8	1
11	10	18	7	14	14	18	6	5	15
10	4	8	19	3	10	5	13	16	15
9	6	1	12	11	7	4	5	8	12
4	12	12	18	11	4	16	5	1	9
17	14	18	16	20	8	4	9	16	8
18	12	7	14	12	6	9	7	17	7
10	14	19	13	12	19	12	10	9	19
15	20	12	7	19	16	8	6	12	3
4	16	10	20	14	12	6	19	7	6
16	9	9	14	20	3	15	6	5	2
16	14	1	17	14	19	20	20	15	16
18	3	15	15	4	15	5	19	19	20
14	14	3	3	3	6	12	18	8	16
1	3	2	11	7	10	15	13	7	16
13	6	4	11	8	13	14	14	10	6
19	17	7	5	9	3	11	18	14	8
7	2	13	20	15	16	2	5	8	15
20	12	12	3	8	8	11	13	16	11
13	18	9	2	18	5	16	17	3	5
19	17	19	20	10	11	14	4	16	12
12	10	6	15	6	7	5	4	18	2
12	19	3	4	16	9	14	11	3	11
20	5	3	4	17	4	13	13	14	17
14	7	17	4	19	3	13	14	17	11
20	13	20	2	13	20	14	16	5	2
17	4	2	6	12	8	8	3	19	3
14	13	11	1	8	5	3	20	5	13
17	1	15	12	11	8	5	1	11	18
10	18	9	13	1	11	6	11	12	12
16	10	15	14	17	8	2	20	14	8
17	15	11	12	6	17	9	10	16	5
3	7	12	1	14	17	4	19	1	17
20	13	9	14	18	7	6	1	16	3
6	6	7	4	1	16	7	17	7	5
2	16	15	8	10	9	19	15	1	1
4	4	20	18	8	5	7	18	15	19
11	9	15	13	19	17	20	9	1	19
10	8	12	16	16	5	18	1	5	9
9	12	1	15	19	3	7	10	16	16
9	9	3	9	14	14	1	2	10	13
10	10	14	3	11	17	13	4	2	4
8	6	14	6	11	20	8	20	15	17
11	10	14	5	10	1	5	4	3	2
4	16	12	12	20	19	18	18	5	2
10	4	8	12	8	4	16	17	18	15
6	2	8	13	2	20	17	9	14	10
13	10	1	1	20	13	14	2	7	12
2	10	16	13	7	8	2	2	18	7
6	8	6	9	16	3	8	19	10	20
3	10	5	15	10	1	3	8	12	16
10	14	11	6	13	16	6	16	7	15
18	15	12	7	4	5	4	12	5	18
6	15	13	7	10	13	6	1	3	7
