2	100
92	53
40	48
79	92
59	57
39	43
5	39
46	79
42	93
87	75
96	36
82	61
2	59
35	3
96	72
84	2
68	67
76	28
31	4
64	4
3	11
2	4
39	95
12	44
25	35
59	91
57	39
68	73
36	32
51	81
13	76
96	88
74	37
76	39
64	19
48	38
30	84
72	85
35	79
22	8
48	91
79	62
13	93
46	30
99	3
93	100
53	84
91	27
15	15
30	2
19	74
81	7
87	22
62	74
67	83
39	57
10	44
33	22
98	35
75	81
92	47
40	61
27	49
85	47
93	46
70	20
49	20
89	75
11	72
75	91
32	72
64	16
65	36
90	9
51	70
30	81
40	50
11	73
34	20
81	38
37	16
82	22
14	19
9	91
56	58
12	27
61	85
50	20
83	24
97	91
60	76
96	24
16	90
81	100
10	17
42	91
91	37
55	16
91	43
3	46
27	100
