10	50
5	64	10	45	1	67	43	58	41	22
48	67	96	94	86	2	31	18	21	90
71	99	72	69	54	19	60	79	27	37
50	11	79	87	62	28	26	4	49	84
74	83	82	69	63	54	79	24	43	52
23	44	43	62	17	6	92	42	92	82
8	65	32	5	73	38	88	9	32	59
77	27	69	37	17	88	18	4	6	100
41	36	36	76	15	6	68	17	71	56
36	84	13	68	77	9	52	77	96	25
67	71	93	85	75	96	75	6	46	29
89	89	36	93	42	73	29	57	91	68
70	71	39	77	23	93	15	2	61	8
37	41	8	81	33	71	43	51	1	19
32	62	72	42	68	48	49	20	27	4
81	95	87	29	56	96	32	16	62	82
81	74	45	38	93	49	82	55	61	72
30	79	56	72	37	8	99	98	10	76
45	96	76	57	28	42	54	79	26	37
39	27	89	19	39	58	17	35	49	19
67	94	59	56	75	2	39	15	93	48
98	34	7	87	38	86	98	89	10	52
95	3	29	24	33	3	90	37	34	79
91	65	50	91	9	51	37	21	83	26
3	39	86	79	40	6	21	2	82	54
61	29	25	97	25	64	65	36	24	72
13	3	82	15	57	34	85	17	79	87
49	78	6	85	50	56	17	51	85	28
83	88	55	81	18	62	40	53	66	45
86	2	98	11	14	1	58	72	22	7
21	4	24	96	5	83	24	41	48	69
47	15	52	96	90	25	48	2	97	95
94	32	52	34	1	48	81	95	71	50
99	46	29	78	7	80	64	60	77	36
39	100	6	98	98	72	51	2	22	89
53	57	75	28	13	90	53	91	96	57
2	30	70	99	71	2	87	74	90	10
61	88	26	62	57	95	27	54	36	30
98	80	73	83	97	43	72	2	66	18
28	74	65	20	34	10	30	7	27	97
85	77	12	12	28	66	32	14	71	19
63	99	56	67	60	23	57	88	3	28
30	85	9	73	83	88	24	6	28	48
65	20	28	39	45	21	69	61	55	31
11	58	31	47	55	30	19	99	60	12
54	43	5	100	67	1	69	39	30	41
42	26	87	24	54	43	72	17	22	39
54	96	33	72	17	72	55	62	18	54
70	26	47	16	94	23	16	29	72	45
52	30	32	15	90	86	72	7	93	13
