10	200
9	1	7	8	7	20	2	10	5	17
3	6	2	17	19	20	7	11	17	5
14	4	9	19	6	4	20	12	8	8
2	15	4	2	19	4	5	13	20	5
6	7	1	17	14	12	15	3	19	6
10	10	15	8	9	6	12	8	2	4
20	11	3	17	15	8	2	20	19	16
15	15	12	13	20	8	3	13	6	15
9	18	14	2	19	13	1	17	13	13
12	18	11	16	5	16	5	4	2	7
11	16	4	4	11	16	18	3	8	2
4	20	3	8	15	3	18	1	19	3
8	5	7	7	4	18	4	16	8	5
3	20	11	19	4	14	15	10	12	4
15	19	10	12	10	13	16	3	2	3
18	5	6	20	20	6	9	17	1	14
12	2	15	4	19	4	9	4	5	1
9	8	9	15	8	9	16	16	18	12
3	1	15	5	7	19	14	12	20	18
6	18	10	19	13	14	4	7	13	6
4	12	19	1	15	11	16	12	13	11
11	13	20	9	11	11	8	11	17	1
11	18	4	7	16	11	18	11	2	15
6	10	4	13	8	11	3	14	11	17
4	3	20	10	7	13	19	1	8	2
6	14	10	13	16	6	8	13	6	5
13	5	10	18	6	2	9	8	1	1
9	14	20	1	17	8	19	15	20	3
13	18	4	1	9	12	20	12	18	3
3	11	9	7	4	19	14	2	5	6
4	11	1	7	14	13	14	10	16	8
8	14	13	3	12	16	1	10	10	14
3	18	11	19	18	19	6	14	17	18
14	17	11	15	19	2	18	17	8	17
19	11	17	10	15	10	18	6	15	9
19	5	12	11	3	7	1	2	10	15
7	20	13	18	14	12	4	18	5	11
19	5	3	14	15	12	2	1	5	9
1	20	20	9	20	10	6	20	12	13
1	16	8	13	10	19	19	19	16	4
7	1	2	4	10	14	3	18	17	12
6	20	17	2	14	8	20	4	18	4
7	4	6	13	10	3	18	10	5	16
14	3	5	2	3	1	19	16	19	7
8	8	4	1	7	2	19	7	19	3
20	15	2	12	18	3	15	10	15	8
17	13	14	1	18	3	15	16	19	14
9	4	6	12	17	19	1	6	6	9
4	11	11	3	17	20	1	13	5	1
6	9	2	12	10	15	15	4	4	4
7	4	8	6	14	16	10	11	16	19
2	10	5	7	4	6	2	11	4	18
3	2	12	19	8	1	3	14	3	3
5	18	2	2	2	1	4	6	10	1
11	11	18	6	19	17	5	16	8	4
13	4	20	6	2	5	12	9	18	13
14	16	9	13	14	5	8	4	5	4
3	17	2	3	8	12	4	7	1	11
17	7	7	19	10	2	18	16	20	17
10	15	8	17	8	15	3	5	12	14
9	2	11	5	2	17	3	18	18	11
1	6	9	7	17	7	10	10	4	13
8	13	4	9	14	8	9	5	16	14
9	20	15	7	3	15	17	2	18	14
20	1	19	9	16	5	7	1	20	2
6	14	2	20	7	17	18	3	11	14
9	18	2	5	2	2	11	2	5	2
10	8	12	11	13	7	14	15	13	10
1	8	5	15	9	16	18	15	1	7
18	15	12	4	5	2	19	14	8	14
14	6	17	19	12	18	2	11	7	20
3	3	10	1	14	1	13	8	16	7
4	17	1	19	5	16	17	9	6	11
9	20	8	19	17	16	11	7	3	11
15	7	8	2	4	16	6	11	11	4
10	11	19	2	10	17	5	19	15	17
1	13	6	16	11	3	15	11	5	18
10	7	6	6	12	18	9	20	16	9
11	7	19	2	2	18	2	7	9	20
11	13	13	7	10	2	2	13	11	1
1	15	6	13	14	3	6	14	10	13
9	5	3	6	7	15	15	4	15	13
2	9	3	5	7	18	15	19	16	10
16	17	10	15	9	16	1	6	8	20
13	9	17	16	11	7	10	8	1	16
7	18	19	18	20	12	13	2	6	17
9	8	18	20	18	13	16	9	17	11
15	10	16	15	1	13	13	7	14	1
8	8	18	20	3	18	18	12	16	18
4	20	1	11	11	6	11	17	19	19
11	2	11	11	1	18	2	4	17	7
20	6	8	5	10	2	10	19	18	20
15	4	13	20	7	15	10	5	5	16
3	16	8	16	10	6	17	8	19	6
17	15	15	10	18	19	13	16	2	10
16	13	20	20	4	8	10	12	5	7
9	17	19	2	5	4	18	12	16	4
5	3	20	13	3	20	9	3	2	9
3	15	4	15	20	10	17	8	12	3
17	6	4	13	17	20	16	14	6	15
1	1	1	18	5	13	14	8	17	4
19	7	11	16	4	15	14	5	2	15
8	11	20	13	8	20	20	7	16	4
5	16	18	8	8	3	14	6	11	7
17	10	12	9	5	10	15	8	10	2
6	12	12	11	7	11	1	8	11	5
14	7	12	14	20	3	10	3	8	2
1	9	14	15	19	19	19	12	8	18
5	13	18	14	19	13	5	7	1	18
2	7	16	6	14	10	18	19	9	2
1	12	20	9	2	18	19	17	13	9
12	10	1	13	20	2	10	18	15	8
19	3	3	11	20	15	13	9	2	9
1	1	4	6	18	13	14	9	13	1
15	8	15	12	7	13	7	3	6	13
20	1	4	2	4	19	10	10	9	7
5	11	16	4	9	11	7	15	16	8
8	2	5	15	14	11	9	12	4	8
9	11	3	10	10	1	18	2	3	19
4	5	1	7	16	5	13	11	3	16
7	12	8	19	5	19	16	9	8	13
11	18	6	2	18	15	8	7	15	9
13	5	12	17	4	4	2	19	19	10
19	18	9	8	1	17	3	5	5	12
5	9	15	10	9	6	19	19	9	2
17	7	17	15	4	3	1	12	15	1
18	18	11	19	15	13	10	18	1	2
12	4	2	3	4	4	11	3	8	18
5	3	10	17	13	12	1	14	5	19
17	12	10	4	15	8	19	16	15	17
17	2	18	8	10	14	5	14	12	20
13	19	4	18	17	15	9	14	6	4
12	16	13	3	5	1	15	19	9	17
6	15	8	12	1	3	6	2	8	20
7	8	3	6	7	19	9	12	8	20
20	6	10	12	5	2	10	16	4	10
19	7	6	16	14	18	11	12	17	14
10	7	6	7	17	5	14	7	16	7
13	3	11	10	18	20	5	16	8	20
14	10	19	19	1	1	3	7	12	10
8	17	15	14	10	13	20	4	16	20
8	3	20	17	18	17	16	16	19	14
13	16	5	18	20	20	9	8	6	17
3	7	15	7	20	16	8	18	20	5
1	2	20	8	13	11	11	2	2	5
5	7	9	18	17	12	13	18	14	10
4	12	18	20	18	1	9	13	18	2
9	19	16	14	14	11	16	18	5	10
10	7	7	2	13	16	19	17	11	8
4	10	4	10	1	9	5	1	10	12
3	18	5	20	16	6	11	16	5	6
16	15	14	5	1	18	6	17	8	2
3	12	3	10	19	19	16	6	13	5
7	16	8	14	8	13	2	8	6	8
5	4	13	5	12	9	17	19	10	4
4	9	14	8	10	11	15	16	1	18
10	5	3	1	19	1	7	1	17	8
16	18	11	1	17	19	20	18	18	10
3	17	17	9	1	19	2	1	4	18
18	6	7	9	18	1	1	12	7	12
2	17	2	2	8	6	18	14	11	11
11	18	19	11	15	13	9	14	20	1
19	7	17	20	11	10	12	3	3	17
19	8	12	7	9	6	16	15	2	15
2	9	10	13	7	1	8	16	14	6
12	7	13	6	13	15	20	2	12	18
15	15	11	14	13	4	6	13	3	10
18	14	13	5	19	11	18	5	14	11
3	17	10	18	5	12	16	6	14	14
6	14	4	4	1	7	18	16	20	4
15	16	13	5	8	18	15	8	7	2
18	16	9	2	16	18	6	14	10	2
8	20	19	10	4	5	11	9	4	13
13	2	5	11	16	8	4	5	10	7
18	8	19	13	16	11	5	2	9	4
1	5	7	19	16	15	17	4	2	4
8	6	4	15	10	17	12	18	6	9
15	2	5	3	4	1	2	7	14	14
20	9	1	1	12	8	15	6	16	1
11	20	4	7	20	12	4	5	3	20
19	8	17	1	9	20	1	5	15	15
14	11	11	9	4	19	5	3	3	2
2	6	3	6	18	15	18	19	3	13
17	17	4	15	15	13	13	1	13	12
8	10	12	1	7	20	10	16	3	2
7	2	2	1	18	14	6	11	3	14
3	3	3	3	19	18	7	17	14	12
6	5	11	12	15	12	15	2	19	18
6	3	16	2	6	16	16	4	18	2
8	2	18	19	10	6	8	9	3	10
14	13	2	12	16	3	11	11	7	6
19	4	13	6	9	20	7	2	18	3
2	4	20	13	5	5	8	13	2	9
5	7	19	9	5	13	1	5	7	3
6	5	17	12	3	4	10	13	10	11
19	7	12	20	8	11	14	9	7	12
16	18	10	18	2	13	6	4	1	16
19	3	16	15	18	17	7	8	11	2
15	16	3	12	11	18	16	20	1	15
20	13	18	15	8	8	16	20	11	10
