10	100
79	61	52	3	15	75	40	42	99	35
28	51	69	14	1	42	94	21	98	77
29	42	54	31	2	57	45	62	37	23
68	5	49	89	84	58	80	11	48	53
94	80	57	85	65	47	75	59	80	2
83	97	86	88	64	38	7	21	2	58
31	78	5	76	68	24	3	80	31	43
62	83	74	45	84	50	85	70	66	55
82	86	83	36	41	72	19	61	26	47
51	59	9	91	23	16	75	82	18	42
45	96	29	37	40	100	24	42	5	14
53	38	55	48	76	45	96	70	35	96
5	42	54	85	92	3	74	83	23	69
76	4	52	25	10	87	58	47	97	42
49	78	57	13	94	14	5	62	15	78
21	6	47	23	37	4	42	45	45	37
26	41	19	37	39	49	87	31	38	90
87	49	73	94	48	27	85	42	91	79
99	13	69	45	48	70	57	30	88	7
45	14	3	61	16	8	60	21	74	46
27	74	25	25	91	72	33	54	75	11
19	100	55	66	38	14	72	75	89	69
93	58	43	31	45	74	47	13	78	41
68	65	68	45	52	26	88	44	54	77
38	4	55	78	88	45	60	37	23	3
36	85	32	6	54	70	31	94	81	18
26	20	77	35	43	55	33	10	15	13
26	29	22	13	31	89	3	66	44	1
15	11	90	75	5	84	33	63	92	83
95	94	64	37	52	18	27	21	35	34
13	50	23	11	78	8	64	20	75	65
67	65	51	80	3	15	31	2	31	60
22	70	18	32	18	32	65	85	61	14
63	83	32	11	88	66	88	79	98	97
20	13	88	28	16	30	44	84	34	37
88	26	91	75	12	44	32	91	93	46
43	79	59	62	3	85	34	41	93	38
28	52	5	34	41	9	82	91	16	89
89	82	52	25	26	38	92	58	99	45
34	98	86	53	55	42	55	27	26	32
97	4	92	97	10	37	22	58	34	3
62	42	76	5	58	62	27	35	36	66
93	76	42	49	4	30	66	52	80	99
55	56	66	85	92	85	91	56	16	90
16	35	24	96	84	93	22	82	96	93
15	20	92	61	39	21	62	43	93	80
72	70	78	36	49	6	76	92	13	73
71	72	19	46	50	59	52	46	65	12
9	84	57	87	85	35	65	6	46	71
23	48	63	37	19	47	57	89	48	78
17	31	69	23	22	43	2	46	12	81
70	17	78	81	71	88	13	92	52	14
42	71	46	42	50	24	10	83	28	3
2	64	99	88	95	78	16	35	65	42
34	20	94	65	2	7	70	82	66	31
35	66	38	35	37	47	85	27	73	99
34	20	18	9	80	7	18	91	87	94
73	79	28	10	80	23	77	82	41	44
55	28	17	97	69	36	27	64	51	49
93	89	62	67	9	15	2	86	86	96
89	79	96	72	59	56	39	28	55	15
70	4	87	30	45	6	3	21	41	44
80	54	40	38	1	85	17	61	2	66
21	92	97	45	55	76	32	45	39	13
98	100	10	37	80	90	2	33	22	3
13	81	45	42	16	35	40	59	72	75
39	78	26	90	94	78	7	43	75	70
74	58	83	28	47	81	45	4	59	11
83	85	40	100	53	40	47	55	29	21
37	74	74	64	74	20	74	21	43	2
83	59	59	53	29	55	98	17	96	35
91	36	100	61	92	55	39	26	37	55
32	53	14	55	33	1	84	19	55	27
7	25	61	57	29	24	27	87	72	98
42	31	60	94	31	1	75	14	73	20
82	49	84	89	71	31	46	4	20	29
72	80	63	70	29	66	75	43	33	68
28	52	55	39	13	1	93	20	24	33
26	71	47	35	45	59	41	73	87	98
79	23	67	44	27	63	68	91	66	65
26	32	81	5	93	31	95	46	77	70
38	26	81	88	3	1	33	28	25	70
26	3	57	35	89	5	85	11	12	50
34	3	54	60	7	95	91	42	43	15
65	96	97	17	60	53	43	80	42	27
30	40	66	97	39	24	75	46	16	88
46	84	34	28	37	36	72	21	81	8
11	92	86	11	6	31	6	40	76	37
63	6	70	86	20	95	38	58	21	83
21	45	26	56	70	82	62	70	81	25
82	23	99	34	17	39	55	56	91	9
18	35	71	80	25	40	14	49	8	43
99	14	100	99	88	66	66	30	41	25
69	37	60	51	56	41	8	36	69	81
40	82	68	12	65	86	74	46	31	30
68	14	62	39	27	68	23	1	47	51
73	25	15	67	41	81	76	21	25	85
33	78	81	28	3	17	47	89	34	2
93	20	99	12	57	56	76	21	25	89
19	7	90	18	8	16	68	1	72	84
