10	50
12	12	16	10	3	3	2	10	6	8
5	17	7	6	16	13	9	9	17	2
9	11	4	8	18	15	3	11	8	19
6	8	17	4	4	4	19	19	19	2
3	2	17	14	12	13	17	13	10	9
1	15	11	11	18	2	9	9	13	8
20	11	3	7	3	17	20	3	3	13
15	10	10	15	19	7	15	10	17	6
19	10	2	19	18	11	18	7	7	3
16	10	7	12	3	12	20	10	12	15
13	14	11	17	15	11	6	16	12	11
7	19	12	7	9	11	10	4	9	12
20	14	16	20	17	5	4	18	13	8
8	6	18	3	13	5	20	5	5	7
6	2	15	16	17	17	18	20	4	12
3	17	1	1	15	19	18	11	1	11
8	9	3	5	4	2	1	10	15	4
12	5	19	3	6	19	20	1	4	20
7	4	15	2	5	11	5	18	8	15
8	9	5	15	20	18	20	11	13	15
17	8	6	20	1	18	18	19	16	17
20	18	7	1	4	5	15	2	20	13
17	4	3	1	17	3	1	5	3	9
19	9	8	10	4	19	18	15	1	8
14	7	2	11	15	10	3	4	11	15
4	18	11	20	19	13	6	6	3	19
17	13	16	7	18	11	10	18	18	6
8	20	1	13	19	11	2	12	6	8
20	18	15	9	6	2	19	8	12	12
13	13	12	2	11	1	11	16	14	5
20	5	7	5	8	4	17	19	2	8
11	15	20	16	19	20	19	7	2	17
13	2	7	7	13	15	8	19	2	19
1	7	19	2	8	15	11	10	2	3
5	20	7	4	1	19	13	16	4	12
3	4	15	17	12	18	19	1	13	13
16	18	18	3	8	5	17	19	9	4
9	10	6	20	13	14	15	3	6	14
3	12	16	11	17	17	13	2	10	10
17	11	17	10	7	7	3	5	16	16
3	14	8	20	3	13	19	16	5	19
3	16	15	19	10	4	3	7	7	12
13	16	9	19	8	19	13	17	13	6
11	11	7	11	12	9	4	17	8	4
19	17	17	12	7	2	17	19	20	3
5	16	18	5	4	8	6	10	13	5
1	2	3	20	8	13	9	5	8	2
20	7	19	4	14	16	19	18	12	6
2	14	18	10	1	15	14	3	8	4
4	15	4	4	4	17	15	17	4	15
