2	200
8	14
3	4
20	17
7	12
18	6
7	10
16	4
20	13
5	9
14	16
18	18
9	20
15	10
6	15
10	18
18	20
12	5
1	1
8	1
10	14
4	5
2	4
12	9
20	5
11	20
19	1
20	3
19	10
5	4
10	10
12	13
2	1
9	7
18	12
4	19
6	5
20	1
12	14
16	5
9	6
10	1
4	11
19	17
20	9
7	11
16	5
12	20
3	12
3	1
16	5
12	9
1	12
14	15
1	20
12	5
15	1
16	5
20	11
9	12
3	12
8	9
5	14
3	2
13	1
19	1
11	15
10	4
15	2
1	12
18	5
16	20
18	2
16	16
9	8
1	12
3	12
19	4
18	3
4	8
10	12
2	1
2	11
15	20
11	12
11	19
11	18
14	19
17	8
12	4
18	7
13	6
20	7
19	19
16	6
7	12
18	13
3	6
3	15
19	8
8	16
6	18
17	3
2	6
18	1
8	11
12	1
11	3
19	17
1	16
13	16
5	5
6	19
1	18
15	9
17	2
10	4
17	2
2	16
9	18
6	14
2	16
19	17
1	17
3	1
7	6
14	4
16	12
12	1
12	19
2	4
12	10
5	7
2	8
5	9
1	4
8	4
11	19
15	10
7	10
18	4
16	14
2	11
8	6
9	5
11	2
4	11
17	2
3	13
11	12
16	14
13	14
1	4
19	11
13	17
18	3
14	3
1	18
8	18
8	15
19	16
20	1
19	20
20	18
7	9
17	2
19	15
15	5
12	2
13	19
13	17
14	12
7	8
8	2
10	19
15	5
5	17
14	20
15	13
16	2
5	1
4	5
20	16
5	19
9	17
7	6
6	9
3	2
3	8
14	11
12	18
9	9
15	13
17	2
2	15
11	19
7	12
15	12
13	9
13	11
4	9
