5	50
17	15	4	2	5
2	17	8	9	9
13	8	18	14	17
20	14	5	13	4
15	9	13	11	13
11	8	3	5	18
19	19	13	2	2
19	14	20	1	2
9	1	7	9	6
2	8	2	9	1
11	3	8	13	13
8	2	13	10	15
14	14	4	12	11
15	16	17	12	19
7	15	5	12	15
15	3	5	6	12
3	7	15	4	8
16	11	20	10	15
18	1	10	7	8
15	18	16	18	11
7	12	10	11	14
16	19	16	18	18
6	17	8	19	13
8	20	20	5	15
4	16	8	18	1
7	5	18	5	20
18	7	7	16	6
11	17	4	10	12
18	16	3	12	9
1	13	11	15	20
15	18	12	4	8
11	5	12	10	8
12	1	12	18	1
19	10	13	14	2
12	17	11	13	18
9	14	16	10	1
14	15	4	5	6
20	16	4	8	15
7	5	14	3	1
17	4	5	12	11
11	1	17	13	9
19	8	19	7	19
18	9	3	10	14
18	17	7	13	2
4	7	5	20	15
8	4	9	13	1
5	9	5	19	10
14	18	11	17	8
13	17	17	10	17
18	2	4	9	4
