20	100
10	76	12	45	66	22	93	89	89	9	3	9	5	88	15	71	98	22	30	85
61	98	6	57	7	69	50	72	62	100	91	60	19	40	68	22	88	94	59	51
74	82	87	3	25	20	27	9	55	54	20	67	58	71	78	13	70	56	38	97
73	21	28	89	19	43	91	65	21	94	83	5	64	79	11	80	11	4	33	87
43	42	18	8	80	25	3	49	62	56	53	33	56	62	79	54	55	99	85	82
30	62	89	62	71	16	4	79	60	99	3	66	23	52	55	32	4	20	9	94
41	43	4	65	41	50	49	2	1	58	25	13	19	51	57	81	53	57	38	65
22	24	89	63	54	87	10	5	7	48	50	36	90	92	42	88	59	24	21	21
67	2	79	3	75	90	48	73	95	74	79	48	82	45	73	17	55	41	12	55
40	45	96	53	8	90	23	28	10	70	23	30	37	17	98	21	45	86	89	64
40	38	10	33	69	3	54	45	19	25	34	19	12	66	81	23	6	26	96	85
68	20	63	25	52	50	11	66	47	52	72	69	52	49	16	3	35	63	84	5
37	78	9	86	37	5	18	71	36	76	15	20	91	5	97	20	76	85	81	20
92	88	99	68	53	65	67	64	51	79	89	43	42	91	49	90	11	77	89	48
32	40	31	71	38	53	79	48	53	96	27	50	83	65	13	49	80	42	34	72
38	55	21	57	88	72	78	100	56	7	10	99	97	34	89	53	58	28	31	100
86	20	12	55	53	39	61	78	78	100	10	69	44	18	11	78	20	74	84	66
76	80	92	46	87	28	54	49	76	61	92	52	12	34	86	18	43	67	5	49
12	100	22	57	98	41	56	79	24	11	34	84	44	66	24	7	29	66	69	25
86	12	2	18	9	59	58	10	32	93	35	53	70	36	54	77	58	36	49	46
73	75	26	66	28	8	8	47	10	80	90	77	99	80	64	100	98	5	48	39
83	46	48	32	77	81	14	9	12	48	50	94	18	23	52	11	87	37	90	1
51	12	100	52	3	58	55	91	72	54	79	53	88	10	63	28	27	95	90	48
94	99	35	62	31	97	60	76	28	53	14	62	16	47	89	72	46	96	29	19
26	24	37	58	70	97	6	9	60	25	85	92	48	43	8	52	77	39	22	7
99	80	63	20	41	18	38	42	21	92	82	31	67	71	22	71	63	78	93	34
92	51	16	3	69	23	14	73	40	37	96	8	74	23	20	47	61	18	18	53
59	65	88	69	44	54	26	77	21	37	90	100	46	89	15	48	64	61	52	18
4	65	2	84	97	75	58	44	52	75	10	45	60	41	75	27	63	48	60	16
97	38	52	3	48	96	62	86	8	72	84	1	67	100	49	94	63	5	73	70
97	82	26	46	28	45	40	6	14	88	86	17	2	37	22	67	13	100	37	1
13	72	36	80	92	10	79	60	92	81	65	59	75	90	19	15	12	6	76	4
57	57	72	20	87	67	99	30	79	82	82	64	68	73	58	25	46	47	55	18
66	80	14	33	24	27	42	12	18	7	55	7	24	34	45	56	100	17	93	26
12	50	82	10	100	2	91	3	33	95	69	66	52	59	38	77	44	39	97	60
25	88	13	72	28	75	40	35	29	2	25	30	54	29	7	17	99	4	34	23
36	40	79	23	38	90	56	66	96	68	13	62	20	33	1	24	37	10	83	26
62	57	75	31	70	40	13	23	52	22	78	40	6	75	25	86	9	91	35	39
20	74	40	61	90	64	11	21	29	83	81	89	21	8	61	80	66	48	53	99
78	33	14	75	90	73	56	46	9	15	15	47	76	45	7	88	18	14	42	7
29	92	95	70	42	90	20	99	14	45	21	62	38	37	61	87	60	65	71	18
9	66	12	14	69	34	14	76	2	73	62	52	7	47	70	86	38	45	34	1
53	58	32	65	95	54	9	40	84	20	28	53	43	24	99	64	81	81	2	8
76	44	97	41	83	69	55	92	67	76	49	16	32	71	65	52	34	48	20	15
25	75	93	82	45	10	10	83	49	6	6	58	44	26	25	10	61	91	82	27
99	18	73	9	71	13	21	73	60	48	31	33	62	87	83	2	52	16	96	74
59	73	44	61	71	92	72	7	46	55	91	44	67	93	16	8	2	85	12	33
89	38	24	2	76	73	97	58	44	24	59	45	95	8	68	27	75	13	38	80
42	15	27	5	57	88	67	69	71	76	100	68	5	64	85	22	50	43	85	98
95	15	63	23	97	46	49	59	25	90	33	90	47	32	92	75	11	19	45	89
7	28	87	69	24	92	41	31	23	47	78	33	28	40	85	27	52	5	8	11
39	8	44	82	43	11	21	73	73	11	11	31	98	96	92	68	28	95	99	6
6	18	37	79	13	100	62	7	48	65	23	7	12	35	51	99	84	6	26	14
71	69	59	12	36	48	36	33	49	18	100	57	6	3	6	22	71	66	70	44
49	14	26	9	89	5	19	63	46	93	84	23	70	86	35	37	60	25	43	65
65	30	59	31	65	66	2	9	30	30	29	19	36	83	65	58	44	50	24	32
29	73	88	56	34	77	88	21	69	69	62	47	23	5	80	20	56	95	44	23
3	11	34	16	65	66	88	88	21	78	94	10	2	12	37	92	42	4	97	89
79	81	40	61	68	82	96	32	4	46	3	49	7	1	29	19	40	72	91	69
90	100	1	92	76	53	46	12	69	88	78	52	99	55	44	22	71	74	49	83
70	57	85	76	75	45	4	1	83	18	53	71	13	28	100	80	81	49	85	15
37	85	63	16	68	51	50	52	57	7	48	66	23	8	100	34	15	25	17	31
50	45	29	51	36	7	40	72	56	65	42	23	89	34	47	86	94	70	8	25
96	52	44	76	71	87	49	5	28	67	65	56	32	55	66	92	56	12	81	61
12	79	97	93	66	26	78	90	62	15	40	46	17	92	36	98	2	54	81	49
59	35	44	89	1	86	91	34	68	55	31	82	90	48	14	18	56	52	11	46
9	59	44	14	28	19	40	40	20	69	91	2	32	32	2	77	35	8	93	81
35	44	22	7	85	58	57	70	79	19	42	51	44	36	41	1	92	30	62	82
47	51	15	100	65	29	50	58	46	38	83	48	59	30	11	65	38	37	30	70
62	70	62	2	27	41	59	97	92	2	85	5	47	11	35	84	30	23	43	57
8	99	24	42	36	95	92	14	25	76	63	55	1	93	20	77	90	14	73	25
70	54	67	45	53	79	2	49	96	28	36	16	95	74	62	63	47	21	66	33
49	46	73	16	39	31	5	55	92	58	94	16	50	18	87	55	33	79	89	57
94	44	18	98	40	48	61	27	31	57	30	70	48	41	76	24	82	51	6	23
75	47	57	39	34	21	66	77	87	7	31	68	32	10	40	6	29	75	77	92
70	78	24	35	28	25	68	10	42	64	74	82	74	67	83	47	87	80	65	20
83	84	41	25	26	63	38	39	2	71	96	7	75	15	53	97	24	23	11	9
53	57	35	24	34	50	95	65	27	93	19	49	11	58	10	87	38	100	9	66
87	29	8	72	68	68	7	60	15	86	24	65	70	56	67	26	49	17	92	77
69	74	13	9	53	47	96	18	6	66	60	24	14	45	23	25	49	64	56	66
43	36	51	42	70	54	80	56	91	84	38	21	9	33	98	14	17	100	19	21
73	90	54	49	27	100	52	25	34	42	78	85	61	26	35	33	23	72	40	100
68	40	27	22	28	39	16	81	48	9	8	50	46	35	94	53	82	3	15	70
3	55	23	50	7	54	61	83	98	65	91	46	60	20	54	33	64	33	21	88
85	71	78	25	35	29	40	26	33	82	52	21	57	70	98	13	18	78	16	75
79	33	84	83	18	63	90	26	82	61	90	50	82	28	86	32	78	98	15	78
14	35	51	16	13	71	89	91	23	41	15	87	17	46	10	52	88	95	7	72
40	15	45	72	93	3	40	29	85	66	36	21	63	38	62	44	82	68	71	48
74	99	4	41	47	3	33	36	19	35	45	83	91	44	39	100	91	80	23	10
32	61	7	58	6	95	24	79	85	66	70	20	25	60	98	41	12	4	26	91
71	4	11	51	22	54	31	20	100	63	54	3	45	61	17	14	93	46	36	53
80	54	52	54	65	25	58	31	46	99	88	87	55	33	40	28	50	57	36	52
64	5	80	22	12	67	76	65	44	85	48	66	69	73	11	17	53	58	86	97
96	100	74	1	75	67	49	12	21	89	64	37	11	84	89	75	74	30	42	98
50	93	88	61	52	23	19	82	22	23	76	93	71	39	56	65	32	80	48	45
19	64	45	55	22	11	55	85	85	37	44	23	16	89	48	4	12	13	50	52
49	68	91	98	14	71	67	72	29	24	44	95	83	97	80	87	49	34	40	41
68	35	97	86	80	53	77	83	92	53	54	19	31	96	97	52	74	47	41	51
45	84	57	62	94	49	41	20	10	62	55	78	73	9	84	15	71	5	18	61
95	84	81	76	71	25	64	87	1	28	13	2	94	90	97	85	78	36	93	32
