10	100
16	20	7	7	5	7	5	18	18	7
19	7	19	10	15	5	13	5	2	16
6	14	14	13	1	4	4	18	14	3
1	11	10	10	11	15	16	20	10	6
11	7	20	16	20	2	5	19	14	9
17	16	18	2	12	3	7	14	6	1
4	8	4	16	6	9	17	9	20	1
9	13	16	16	5	20	14	18	13	20
19	5	5	6	6	6	13	9	18	9
9	3	15	9	3	4	3	5	10	12
5	17	20	14	20	5	20	3	17	13
9	9	2	7	3	20	3	19	10	20
17	8	12	12	12	7	19	7	14	2
17	9	9	2	15	3	5	11	7	2
7	11	12	6	20	1	2	8	6	4
1	5	16	11	15	17	5	9	2	14
7	13	9	16	16	20	1	20	12	1
15	12	12	9	14	7	16	6	13	12
5	11	2	11	1	12	14	18	7	19
18	17	10	13	15	14	2	17	10	20
20	2	17	5	9	9	13	8	17	9
1	20	16	11	9	16	12	19	15	5
7	3	13	14	4	18	3	20	14	1
5	20	17	13	12	4	14	17	2	13
19	7	1	18	18	19	1	20	5	20
2	4	3	6	13	18	10	4	2	11
7	14	14	17	5	2	3	3	19	6
3	16	17	3	6	20	2	15	16	6
18	4	15	15	19	2	17	11	20	15
15	11	16	12	7	6	13	5	14	16
16	18	2	19	17	7	8	1	1	14
16	15	9	16	14	3	19	20	18	4
5	13	3	4	12	12	20	5	17	20
7	18	2	20	11	20	3	17	18	13
14	17	10	7	20	20	3	20	19	4
7	14	7	11	11	3	15	18	8	6
7	3	4	1	7	18	14	9	6	14
1	3	3	6	10	9	3	17	5	12
10	1	7	13	14	14	11	11	9	8
6	5	9	13	6	12	13	10	20	2
7	14	14	5	3	4	12	2	2	3
1	19	14	16	16	7	16	12	8	14
8	3	20	19	9	16	15	10	20	18
16	14	17	3	5	17	7	2	10	10
3	9	10	7	7	7	12	13	18	20
17	2	2	7	15	5	14	16	17	8
10	2	3	4	7	8	2	11	12	20
20	14	2	18	12	19	14	14	12	2
5	2	13	1	2	15	12	10	9	1
3	12	6	3	1	1	7	6	20	20
6	1	2	19	1	3	1	5	16	17
12	1	4	16	4	9	9	2	3	13
16	12	3	12	17	8	9	19	18	11
12	8	15	12	17	4	1	15	20	20
15	8	15	13	10	3	9	11	20	13
13	6	4	8	4	14	19	11	2	13
15	2	7	6	5	4	6	12	19	20
8	14	3	4	18	9	18	11	2	15
20	18	20	6	19	7	5	7	9	4
5	10	14	8	5	14	1	10	8	6
17	17	12	20	5	19	3	20	10	15
16	8	9	7	14	17	3	2	8	19
19	19	4	16	15	19	1	15	19	5
9	8	4	17	19	4	7	20	2	20
4	5	18	14	8	18	2	7	15	9
11	20	3	9	8	18	14	16	5	6
19	9	2	6	7	8	5	13	9	10
10	4	20	8	16	14	2	10	8	18
17	14	1	10	14	10	6	15	9	1
11	11	15	16	2	16	4	12	8	20
13	10	18	5	19	8	20	15	14	14
16	4	8	8	10	5	8	12	12	17
3	10	4	9	20	20	9	5	7	20
11	10	2	9	5	8	16	17	11	6
11	11	2	16	5	7	3	7	7	17
9	12	20	12	18	4	7	10	5	20
20	16	9	14	4	7	2	20	3	3
9	11	2	7	7	12	9	8	4	14
17	2	19	11	12	20	10	11	11	2
1	7	13	12	7	15	3	8	13	19
6	3	5	5	8	18	11	14	5	6
15	19	6	12	3	18	18	19	3	5
17	11	10	1	2	3	18	10	20	12
10	2	16	6	9	15	18	14	3	14
9	17	7	6	8	3	2	2	9	10
18	4	6	9	3	15	14	4	3	6
1	1	14	13	16	14	3	1	4	9
1	4	16	9	16	20	5	4	14	19
1	17	1	11	15	6	16	8	4	14
1	14	12	17	14	9	3	14	10	14
20	2	18	20	10	15	8	17	13	3
10	10	10	5	5	4	20	4	19	10
18	16	17	10	9	7	13	20	16	8
18	11	15	1	19	20	19	2	2	20
19	20	15	1	4	11	4	8	13	11
9	20	16	20	17	5	5	9	12	3
3	9	2	6	6	20	16	10	6	5
5	19	2	19	12	19	1	17	6	18
3	5	8	6	20	18	16	15	5	15
16	11	10	19	18	10	19	10	15	5
