10	200
6	42	18	29	48	41	36	25	47	45
9	40	35	44	2	50	31	31	7	35
46	34	27	21	24	41	29	7	49	21
44	23	29	23	15	31	46	27	47	42
21	33	47	24	23	10	10	20	18	33
33	37	16	19	6	22	16	48	6	7
13	30	27	27	1	37	11	13	29	21
4	4	35	15	14	14	37	4	49	14
31	9	40	17	38	8	8	11	18	43
16	49	22	40	30	42	6	21	23	36
49	48	42	47	29	30	3	2	5	42
35	13	49	42	27	4	40	11	39	44
30	1	45	36	5	6	33	45	35	22
8	17	31	13	15	34	17	43	38	9
5	7	7	26	8	4	50	30	14	26
3	46	33	30	7	49	3	6	42	24
48	9	17	33	34	19	32	37	27	44
38	47	24	30	39	23	45	19	28	2
6	3	31	9	20	13	34	2	6	17
31	12	2	15	11	47	40	24	43	40
22	13	3	20	39	6	22	3	42	34
5	34	28	41	18	45	28	8	14	21
35	31	31	11	13	26	46	10	19	42
34	21	27	39	30	43	50	12	21	14
41	32	10	22	13	47	34	11	47	16
20	33	11	22	5	42	32	43	8	14
11	13	34	50	1	34	7	40	11	25
46	17	38	50	30	4	21	10	49	16
42	35	13	3	22	1	11	6	35	39
11	8	4	8	4	29	48	11	21	29
41	45	1	22	21	4	46	12	42	1
21	23	44	42	22	27	1	32	28	50
24	2	5	22	14	38	13	31	47	2
7	11	39	20	26	48	34	41	33	19
6	50	14	34	19	39	14	13	36	28
28	17	33	21	6	39	40	29	8	33
41	16	15	41	45	10	35	24	16	25
43	10	49	10	45	25	39	22	4	26
24	50	45	20	24	41	29	18	15	38
8	6	34	50	28	41	35	24	40	9
5	41	48	12	36	19	18	23	27	31
1	19	26	33	9	42	21	46	17	4
32	17	9	29	17	37	27	50	32	4
41	15	33	46	22	34	3	33	35	6
24	6	41	35	38	40	30	2	41	37
20	39	8	36	27	38	32	20	46	49
43	18	42	24	41	36	36	31	11	26
39	39	12	11	31	27	27	25	41	28
7	26	10	46	34	2	8	47	19	35
3	34	38	36	14	6	15	18	45	3
4	50	41	16	48	32	27	47	6	1
12	7	29	18	42	17	9	47	40	39
28	40	12	27	23	6	2	26	47	25
13	9	31	39	24	8	35	45	48	2
25	11	42	19	24	47	5	20	45	47
48	19	28	6	25	15	39	15	43	42
31	1	1	31	39	3	26	40	44	35
33	14	49	38	14	18	48	44	4	26
2	32	32	1	27	45	32	26	15	10
19	21	2	7	22	24	11	11	31	21
21	15	26	11	15	34	20	40	43	8
17	46	12	18	41	50	20	50	4	44
21	1	26	35	16	13	13	42	17	40
7	37	14	33	5	37	6	21	37	43
25	42	33	7	43	24	10	35	16	23
5	11	8	37	1	21	39	42	46	2
22	29	23	3	1	31	32	30	13	5
44	49	14	11	20	29	18	20	42	42
4	29	26	45	36	47	30	27	32	35
48	15	26	35	22	46	20	31	7	13
43	31	22	12	30	6	48	47	17	22
3	20	50	4	49	44	3	29	18	5
1	5	48	28	7	29	24	30	40	24
10	38	13	30	50	23	7	15	16	30
49	33	11	11	33	28	16	22	36	29
44	41	14	2	12	38	33	44	5	1
33	19	8	43	12	16	7	21	5	27
37	39	14	38	6	18	45	37	46	30
13	2	44	11	31	20	25	11	18	13
40	14	10	15	48	31	26	18	49	17
21	46	17	10	43	5	27	26	47	44
43	47	49	26	39	31	25	47	13	43
41	47	3	43	37	24	30	50	41	25
43	27	39	29	9	18	35	35	19	26
43	49	15	24	20	44	15	34	26	17
7	30	6	6	27	25	43	25	24	19
26	28	35	22	2	16	8	20	17	21
47	41	28	37	1	43	32	29	24	43
9	46	24	25	19	13	22	34	3	35
25	11	11	50	1	16	15	43	23	4
37	46	17	6	20	17	3	19	6	35
43	15	2	32	11	30	4	11	4	39
44	25	17	33	47	37	30	28	37	36
28	40	7	20	7	13	29	19	5	3
11	4	28	19	42	11	9	30	40	21
12	4	40	34	10	12	29	35	10	34
37	25	33	21	7	4	8	32	26	48
2	36	7	2	29	41	47	49	42	36
28	50	39	16	24	25	50	24	10	45
35	45	10	21	16	37	22	8	13	38
3	28	5	42	20	27	48	38	5	20
16	31	44	24	7	38	37	17	47	32
4	35	22	31	14	7	27	36	36	42
20	39	36	4	34	50	45	48	46	48
28	13	19	41	30	4	2	36	14	29
1	5	12	31	34	18	6	25	28	13
50	12	3	13	1	27	45	40	40	7
43	39	22	49	5	42	17	32	2	11
6	41	22	7	42	16	28	6	20	16
45	21	20	33	49	17	10	6	41	4
9	12	46	8	37	12	34	14	27	43
2	25	23	18	8	10	40	46	22	36
49	40	20	25	13	22	20	39	1	39
33	12	42	49	2	45	45	15	21	31
32	15	29	28	15	20	49	3	26	39
27	14	35	5	5	20	42	22	45	15
43	45	13	38	10	41	33	25	16	14
15	25	26	41	4	35	11	43	10	43
24	17	13	12	12	19	28	37	45	33
3	23	21	7	39	38	2	41	18	25
37	25	37	13	25	3	39	44	2	20
9	50	12	2	41	26	32	2	27	42
14	47	31	34	11	42	4	20	3	16
33	20	25	36	6	50	31	1	37	10
30	34	36	25	24	3	12	20	16	14
6	1	15	27	11	41	45	3	2	34
49	20	41	36	38	39	26	27	46	42
45	31	15	17	12	30	12	6	11	9
31	35	4	40	11	33	6	48	25	16
6	28	50	4	11	11	44	50	37	36
27	35	24	25	19	25	36	48	15	32
30	39	43	43	3	14	16	2	26	5
34	28	2	31	36	18	32	11	7	2
37	12	20	25	32	46	12	30	22	36
47	8	33	43	36	18	36	7	2	47
45	42	25	33	3	49	34	44	39	1
44	26	42	14	46	18	20	18	12	8
3	37	31	40	8	26	46	9	45	19
33	25	10	10	7	45	38	37	23	33
13	18	41	21	43	22	16	19	48	18
49	18	46	45	45	9	12	35	25	27
4	25	49	21	19	19	16	33	8	2
31	33	46	30	45	35	46	10	48	37
10	27	12	27	20	15	30	16	15	49
33	4	13	46	29	38	20	21	2	24
7	34	12	46	38	17	22	17	50	11
14	2	37	39	17	28	14	22	1	4
39	50	18	9	19	28	20	50	1	8
16	25	9	25	30	26	15	16	40	4
43	14	17	5	36	32	17	25	29	2
24	48	20	48	35	7	17	4	27	11
47	23	16	42	45	39	44	13	9	42
13	48	33	48	12	26	34	14	24	38
11	46	21	49	35	18	5	11	40	24
10	12	40	30	8	21	48	26	10	47
38	5	16	38	39	26	15	23	37	10
24	4	30	39	50	1	2	17	8	28
34	34	23	36	32	2	9	4	41	41
28	8	4	27	1	6	30	34	11	9
4	33	24	31	50	7	32	1	30	7
20	31	19	33	14	5	33	31	7	37
17	12	33	47	32	17	50	4	39	45
21	19	7	49	24	1	10	43	37	26
21	9	24	34	22	47	40	22	13	46
24	50	28	24	42	42	1	28	49	34
7	28	12	36	36	2	25	20	9	13
46	40	45	31	17	9	38	49	26	35
27	29	41	43	21	22	41	33	7	32
1	33	44	4	19	43	47	39	48	21
23	20	13	1	1	34	5	47	8	34
5	2	3	14	7	28	38	20	15	15
11	42	13	27	12	14	47	42	12	24
12	50	2	6	12	7	17	41	42	37
17	45	26	24	28	50	30	30	47	42
6	28	24	34	10	32	8	36	39	38
38	14	35	34	22	5	1	48	3	1
12	48	28	29	48	16	16	40	49	12
34	17	46	21	19	35	26	18	46	31
50	32	2	4	50	4	10	43	3	23
50	33	28	47	31	9	50	46	36	44
17	19	37	28	5	21	19	14	16	37
30	33	3	22	1	30	46	24	30	45
7	24	37	27	12	1	40	49	41	10
35	31	32	2	15	32	45	25	50	29
35	47	27	17	44	18	31	6	46	1
13	27	17	42	38	43	32	11	16	4
32	20	24	6	2	50	1	1	8	20
36	22	25	1	11	10	47	21	33	45
21	34	4	41	48	9	14	41	14	22
50	35	10	46	47	15	24	22	15	45
17	30	49	26	15	42	2	16	32	28
47	12	29	21	34	49	16	33	9	44
36	11	37	37	21	1	13	29	5	46
37	26	6	38	29	41	35	29	26	6
7	49	9	36	26	38	7	39	13	48
50	41	13	21	10	6	44	12	6	15
30	23	12	37	41	21	6	41	43	43
14	38	7	3	37	38	2	1	12	33
45	24	17	7	46	47	14	36	29	23
48	24	23	12	27	35	38	23	45	5
