20	50
9	14	18	19	18	3	18	9	9	8	14	8	1	14	8	5	1	18	9	3
4	11	16	18	10	3	20	3	13	13	3	19	19	6	14	6	20	11	15	19
8	4	15	14	6	15	18	2	18	10	4	5	20	9	20	18	18	20	10	16
4	16	16	16	5	16	9	16	1	2	6	10	3	10	16	20	17	3	13	15
5	18	5	4	9	18	19	11	7	16	9	20	2	20	16	13	8	19	9	11
7	2	2	17	5	14	2	10	13	20	2	16	8	15	11	6	12	13	8	7
17	18	10	6	14	6	9	4	15	3	12	18	14	3	8	3	17	8	20	15
17	9	18	7	14	14	13	7	9	10	2	16	12	2	14	9	13	17	3	19
6	18	15	10	9	5	2	5	7	8	10	4	13	14	11	8	20	3	12	1
14	3	15	6	2	16	7	12	10	20	10	1	6	2	10	19	14	8	19	10
12	8	20	1	1	19	3	18	12	6	9	11	5	3	6	3	4	10	9	13
18	10	16	8	18	9	19	12	5	12	15	13	5	2	9	6	3	14	5	4
14	9	1	4	11	20	16	3	16	7	16	4	20	6	13	2	13	13	3	12
20	11	14	1	12	17	6	4	14	1	20	10	6	5	20	9	10	12	17	19
14	16	16	18	17	11	13	19	10	7	14	11	11	14	4	3	15	1	13	15
15	12	10	16	7	6	19	16	7	4	13	1	16	5	18	5	16	17	4	2
5	7	15	7	7	10	19	12	1	17	14	10	20	2	4	3	7	1	11	11
12	18	13	6	15	13	15	6	16	20	8	19	17	11	11	8	18	3	9	18
8	7	15	10	10	3	1	15	2	16	19	15	6	14	11	7	15	9	12	15
15	13	17	2	10	16	14	9	12	17	6	4	12	14	4	5	4	3	17	13
13	1	5	20	2	13	14	4	1	4	14	9	11	15	3	15	11	13	20	15
10	12	3	6	11	15	4	12	11	6	4	12	13	20	3	14	8	17	1	18
3	11	8	9	3	17	13	17	11	9	14	11	4	3	4	1	19	20	10	7
9	2	13	16	20	3	16	12	13	9	7	15	12	3	12	20	5	15	3	14
2	7	2	2	13	14	9	11	17	3	16	9	8	15	9	1	18	13	9	1
1	2	5	3	2	20	19	2	11	4	16	4	18	16	5	2	1	11	4	7
14	6	15	11	13	19	7	18	14	12	2	12	6	2	13	1	3	20	1	13
15	8	1	13	7	13	12	12	10	7	1	7	10	3	7	16	7	15	10	3
13	1	8	19	3	5	18	16	3	5	20	2	11	11	12	7	6	3	4	1
8	16	9	7	12	16	3	4	16	18	14	9	10	18	20	14	20	2	11	3
15	17	10	5	8	19	16	19	11	20	11	5	11	9	16	18	13	2	8	7
2	15	20	6	11	12	12	13	12	18	8	4	12	2	7	12	7	4	20	13
20	4	14	16	8	10	19	2	3	2	2	18	14	5	1	20	17	4	14	17
8	4	8	13	13	7	13	9	2	5	12	10	3	16	7	19	2	5	18	2
14	10	10	10	17	10	11	8	2	7	15	3	10	3	6	17	16	1	4	1
17	10	1	19	11	12	16	19	18	2	19	13	7	13	3	18	14	19	17	3
17	5	7	15	10	10	20	20	10	11	3	1	1	18	5	4	10	12	19	5
14	12	10	20	9	2	17	18	1	8	3	18	4	1	5	13	4	6	9	2
13	17	9	8	20	18	12	9	8	20	9	3	20	12	9	5	15	8	7	8
13	3	20	3	8	5	18	20	13	13	1	4	3	18	13	18	4	3	1	11
11	8	10	1	20	1	19	13	13	1	18	16	20	1	9	10	18	7	20	15
1	13	17	16	20	5	20	2	20	12	2	13	7	16	18	6	14	19	3	8
7	5	8	13	16	5	5	3	10	4	1	17	3	7	10	18	11	15	2	16
1	17	14	2	20	5	10	4	4	3	17	19	4	13	9	16	5	5	20	16
1	18	13	17	11	5	10	1	6	20	15	19	18	8	7	10	12	7	14	11
15	1	19	7	7	3	14	11	18	15	14	7	15	7	15	4	5	17	11	15
16	10	18	4	8	18	1	17	6	19	5	19	11	10	1	20	19	6	10	9
12	19	3	12	7	9	5	12	13	4	6	15	16	19	15	6	3	16	20	10
2	17	6	20	10	15	16	6	6	15	5	19	8	3	4	17	7	7	17	20
13	9	5	2	14	10	4	13	15	15	18	4	7	20	7	15	14	4	2	13
