2	100
7	1
14	13
2	17
13	20
14	13
12	19
19	4
10	17
4	2
14	17
20	14
18	15
5	15
9	1
3	18
6	4
13	6
4	2
10	7
8	14
6	6
17	9
12	7
4	12
17	20
8	13
1	20
10	13
3	20
8	7
8	12
17	16
8	9
6	14
20	9
7	17
15	20
11	15
18	10
3	19
11	18
4	3
11	14
3	14
17	12
19	10
19	1
6	14
9	1
1	4
1	11
12	9
13	11
18	1
10	15
15	14
18	10
16	10
8	15
6	14
6	13
18	9
10	18
19	14
14	17
7	17
9	19
18	1
7	16
10	20
16	3
4	2
17	6
13	10
5	17
7	14
16	8
19	8
14	3
19	16
13	4
7	13
9	19
6	19
12	16
4	13
5	6
18	4
9	16
13	5
5	9
9	18
11	13
2	2
1	10
7	4
17	15
8	13
16	12
13	18
