20	200
36	35	15	29	31	37	25	34	46	45	43	44	30	9	41	44	47	41	26	42
36	3	35	46	12	2	41	14	21	20	40	43	33	3	9	4	13	36	32	4
49	40	31	40	37	32	20	30	41	5	46	30	1	15	26	33	50	20	18	30
46	11	14	26	5	1	11	27	1	37	31	11	9	22	44	47	22	46	9	30
33	12	24	16	24	11	43	19	28	27	5	44	18	3	8	38	27	6	35	36
22	43	29	4	24	35	21	29	21	29	11	5	11	39	47	35	37	48	3	45
9	42	49	24	33	38	43	7	14	6	21	17	11	24	8	40	33	21	42	39
41	14	48	49	16	1	33	30	6	24	2	29	4	41	28	31	45	6	21	36
43	15	15	16	9	44	44	38	31	7	2	17	6	14	5	45	44	50	9	33
6	14	1	41	4	42	14	20	46	28	46	28	50	6	47	26	50	33	41	22
7	45	49	49	22	36	23	40	37	33	37	45	47	39	31	29	14	24	12	18
31	25	42	4	12	25	17	50	17	29	45	12	10	37	27	12	15	2	19	19
19	24	33	14	42	2	31	11	26	18	13	26	21	23	42	32	3	46	38	48
19	23	24	9	38	25	36	11	13	20	15	12	5	44	49	7	43	29	13	11
44	6	25	49	17	20	42	37	46	45	9	19	15	22	1	46	1	25	26	17
16	21	49	7	4	1	21	28	25	35	40	25	34	28	4	13	49	25	43	19
34	49	16	19	11	46	48	34	43	3	7	18	4	47	45	24	8	18	45	16
49	14	13	11	5	35	36	37	18	38	48	26	32	7	33	18	6	31	46	9
3	38	35	22	29	22	21	38	33	31	5	32	30	27	21	20	37	5	14	27
11	11	17	6	6	31	36	47	14	27	18	28	22	37	13	12	30	41	33	34
14	48	4	37	33	16	47	6	37	13	31	1	18	19	48	43	22	30	17	48
36	25	25	7	14	28	10	43	14	10	41	47	23	30	14	14	7	30	23	40
35	31	11	2	47	17	11	4	39	21	40	50	25	35	48	40	24	48	24	6
7	4	42	28	23	35	29	38	6	35	36	42	8	27	14	6	14	23	10	47
17	7	4	44	20	41	22	38	33	25	40	9	7	17	34	32	39	33	29	12
39	24	49	5	35	49	43	49	22	43	26	1	39	27	40	50	50	49	8	32
14	42	5	31	46	28	36	42	43	33	17	31	45	49	9	44	9	50	9	22
48	24	17	41	49	40	21	30	27	34	33	40	26	48	49	48	19	18	10	8
13	2	6	40	26	45	7	40	19	47	42	50	41	37	34	40	25	15	32	6
7	6	15	9	50	28	6	47	1	12	25	42	41	2	9	47	18	28	15	5
33	32	12	31	43	33	50	39	14	9	23	4	36	4	1	7	38	47	40	49
39	10	40	7	22	1	9	39	28	38	23	48	50	28	24	26	45	34	17	18
28	18	34	42	40	22	6	38	2	3	10	21	39	17	17	24	43	5	10	42
25	11	11	27	37	26	4	9	30	25	13	4	31	23	21	22	27	48	18	1
45	22	38	26	29	2	10	34	12	50	34	40	24	26	44	18	7	8	6	14
18	48	8	28	40	6	41	16	47	46	47	46	38	10	47	3	24	36	48	36
17	21	48	31	41	23	31	5	30	3	15	20	42	4	34	48	14	11	37	24
11	44	37	17	3	39	3	15	29	41	44	22	10	21	48	47	1	28	37	17
25	37	37	44	31	28	4	34	27	50	40	14	50	25	25	24	35	32	28	2
21	17	26	39	9	43	11	21	7	38	48	37	24	20	49	25	7	43	36	26
36	19	38	30	2	31	23	35	47	24	12	20	1	35	47	9	11	49	35	38
18	33	27	40	2	3	40	30	27	50	18	42	46	3	17	3	29	47	38	29
21	26	25	33	26	29	37	39	23	40	15	9	9	48	8	3	42	49	28	49
42	43	9	47	7	21	24	49	19	45	31	14	11	7	18	42	9	44	14	24
17	1	8	37	36	10	34	49	45	15	11	30	19	40	38	28	18	29	27	6
5	38	21	29	10	1	48	2	30	16	44	48	35	4	32	41	36	23	11	48
37	25	4	4	34	2	45	21	20	41	25	31	18	9	20	29	30	29	28	35
12	33	19	29	22	13	45	15	9	47	43	46	18	29	19	30	35	18	46	8
6	27	32	40	42	14	31	27	35	3	11	8	45	27	37	5	6	26	33	22
7	31	13	23	49	30	14	40	40	40	45	13	33	20	29	35	1	30	38	8
33	19	30	6	37	35	1	41	43	15	24	9	36	24	1	26	15	10	42	12
50	42	37	46	8	48	25	25	48	2	4	27	39	25	40	39	1	7	37	14
29	23	47	26	16	36	28	10	20	4	21	42	38	26	9	42	32	34	48	39
10	26	44	41	11	48	21	12	35	12	26	8	23	28	34	28	45	12	31	23
21	16	6	45	32	13	39	14	17	49	7	17	9	49	4	4	30	6	15	18
16	17	25	8	29	13	19	10	42	31	47	21	4	26	18	45	20	50	10	48
9	8	45	37	6	9	49	25	25	31	49	39	48	13	8	5	42	49	17	19
45	30	22	36	2	37	14	33	31	10	34	31	47	17	10	8	22	38	2	20
14	44	36	12	33	8	24	41	19	13	4	22	33	41	4	30	37	10	36	20
46	16	45	16	47	19	42	31	4	50	34	4	47	47	6	1	44	10	4	44
13	23	14	18	6	12	48	7	14	31	21	12	3	33	24	49	50	21	15	14
16	43	37	20	30	1	25	36	36	3	36	28	7	42	7	23	2	27	10	36
22	36	18	24	29	22	1	15	24	7	2	24	45	40	28	20	37	45	39	6
37	12	22	11	45	44	6	12	26	2	47	24	11	30	43	31	25	14	41	8
50	11	13	29	2	13	34	17	14	37	37	8	38	4	49	10	15	8	29	36
17	40	39	23	11	28	13	15	47	48	45	23	5	31	7	27	49	43	10	32
11	39	48	39	15	39	36	7	32	33	17	18	35	5	42	10	23	41	18	24
1	19	21	17	43	14	3	7	48	23	12	22	48	47	26	28	43	50	8	22
43	6	34	14	32	28	38	50	40	47	4	8	26	37	32	42	19	32	47	1
37	29	10	10	22	45	21	38	30	14	18	23	34	46	31	45	36	7	36	15
26	4	18	1	19	4	47	12	15	34	9	12	3	7	36	14	47	25	42	37
7	1	21	26	30	31	25	30	6	38	7	13	46	32	26	34	12	9	41	19
49	9	24	46	6	7	21	27	10	18	49	11	15	49	9	26	33	42	21	38
29	17	6	28	27	47	16	21	32	3	3	38	34	24	38	49	28	25	21	24
11	49	21	39	40	46	48	48	24	50	1	20	38	3	40	33	3	46	20	9
42	50	45	7	15	11	28	41	11	10	49	9	22	48	28	31	46	18	38	32
50	19	47	33	3	33	50	32	35	6	46	32	6	12	33	11	4	14	24	29
19	7	37	14	1	42	48	41	26	9	37	35	9	38	10	24	3	13	5	32
12	46	7	6	15	18	4	10	16	17	28	33	45	9	13	43	32	33	32	12
36	10	6	26	19	11	24	18	3	10	9	41	10	42	18	23	1	31	50	34
38	39	25	9	32	5	41	50	26	17	42	20	32	44	47	2	40	31	38	5
45	37	8	7	9	37	24	4	42	40	43	2	34	49	24	47	35	48	45	14
21	24	42	36	19	39	10	16	45	16	34	20	43	46	39	2	31	19	1	45
32	37	9	37	25	40	37	33	21	50	18	43	37	24	34	21	45	22	39	20
28	8	10	26	7	23	9	39	10	22	17	17	47	1	33	35	16	6	12	29
3	27	46	45	49	41	34	20	12	19	7	10	31	31	17	24	27	33	30	2
31	48	24	49	34	2	46	36	41	50	5	40	11	10	18	1	12	16	28	16
40	40	28	42	16	7	36	17	34	10	8	34	26	10	49	5	4	48	11	47
46	49	29	12	14	17	50	21	13	16	12	12	6	15	13	42	21	33	34	28
16	30	2	32	43	22	15	1	12	13	48	15	5	31	21	42	11	16	28	49
8	16	4	19	48	46	28	12	47	8	35	21	14	34	32	16	47	48	20	42
3	49	10	1	19	48	7	25	44	22	31	5	5	36	21	1	26	34	34	47
44	4	5	5	29	27	2	22	50	5	45	14	46	36	46	9	7	4	1	1
40	4	18	26	27	30	17	29	13	32	41	14	14	24	49	50	45	5	22	42
46	36	26	40	27	18	9	19	41	12	44	22	34	34	8	41	36	29	28	49
11	24	9	19	15	32	50	23	38	46	15	2	33	10	5	4	28	29	49	10
21	48	38	2	38	19	31	31	16	8	14	16	28	23	31	23	27	8	25	46
18	37	32	45	48	43	40	24	29	4	13	8	31	19	29	14	36	8	31	46
2	20	7	31	32	49	25	10	29	32	28	21	4	3	42	35	16	44	5	45
30	7	2	13	46	7	36	9	45	17	38	20	27	30	45	49	30	1	13	49
19	31	46	47	27	42	4	28	27	45	48	42	3	37	17	45	18	45	36	26
14	16	16	13	45	8	45	25	9	44	6	15	31	6	27	49	12	5	37	4
3	8	33	1	19	46	18	41	13	50	31	36	16	38	36	3	15	33	3	19
48	30	20	33	39	33	12	47	10	18	34	14	8	32	23	7	34	16	44	49
41	4	12	9	14	20	50	44	21	25	35	29	3	18	6	23	38	50	12	36
35	21	31	46	17	18	28	34	15	29	19	50	39	5	29	44	19	12	19	19
34	18	26	36	34	5	12	41	27	50	19	35	5	9	15	20	23	16	42	47
43	16	30	43	6	35	40	48	40	12	5	27	31	43	2	17	45	46	13	12
6	37	8	15	11	35	46	31	41	9	21	3	20	23	27	19	39	34	30	49
15	14	2	15	46	43	5	12	7	48	25	28	4	30	41	6	8	15	32	22
40	10	8	31	41	3	7	9	17	34	28	12	16	15	48	43	36	44	19	18
31	34	25	43	34	44	49	41	32	21	12	24	2	9	9	6	6	21	24	44
37	47	46	24	20	14	12	40	33	48	21	14	46	14	41	7	35	15	48	48
4	17	27	46	22	4	10	7	6	42	38	16	21	26	32	35	38	2	24	20
33	10	8	34	50	48	29	38	19	3	21	41	23	26	40	21	20	50	2	16
4	5	35	42	11	5	44	20	33	7	19	34	42	28	16	45	9	43	46	25
26	22	39	3	21	47	43	45	37	12	15	38	50	8	16	28	26	17	23	46
5	9	6	12	35	37	49	45	11	46	12	27	4	28	40	32	17	32	21	15
12	49	34	22	42	31	35	35	12	39	19	43	20	1	20	18	17	27	19	35
48	48	34	41	50	38	34	23	18	35	11	44	46	9	34	6	25	34	20	4
3	15	34	23	27	19	8	4	8	22	16	41	13	36	17	14	15	44	23	5
47	13	17	28	28	25	47	12	18	15	44	34	7	15	33	34	15	12	14	31
31	31	15	46	19	21	32	11	43	20	41	32	12	16	7	41	48	6	45	3
23	46	36	44	29	33	34	48	4	33	50	4	30	42	24	17	48	21	9	8
44	37	19	49	24	12	22	41	9	42	36	10	18	12	9	35	45	22	18	37
37	34	7	10	21	38	3	21	43	41	43	28	47	37	9	36	28	38	21	17
11	43	40	12	47	41	36	18	34	40	22	27	4	23	21	10	31	9	29	36
10	2	49	18	50	9	13	31	4	23	8	8	1	1	26	45	44	45	13	30
2	35	37	3	20	17	25	25	17	49	6	19	10	35	7	10	44	23	13	39
28	6	15	11	32	14	26	3	47	27	16	36	47	49	35	26	15	47	48	34
34	39	15	5	17	39	48	17	44	17	1	22	32	25	3	47	21	27	21	6
41	23	28	40	33	20	23	12	1	32	46	48	25	30	5	40	41	10	44	44
17	9	9	31	26	45	4	22	47	38	5	39	26	42	43	12	11	25	22	48
17	37	17	13	22	3	47	3	20	13	7	11	33	28	40	32	14	48	14	39
16	1	16	13	28	7	23	33	37	43	30	16	39	47	27	31	43	47	9	24
48	2	3	34	31	45	6	48	3	12	49	14	11	33	32	17	21	4	36	15
31	15	16	27	34	41	23	36	2	10	40	18	39	41	42	15	48	32	32	34
2	26	31	26	45	17	6	6	16	11	10	39	12	45	44	34	36	26	1	41
22	20	47	44	23	31	25	21	42	17	19	40	22	2	13	6	35	41	32	18
36	18	21	42	50	1	7	45	48	9	29	23	32	42	12	32	29	37	4	15
42	36	14	49	42	21	17	10	32	39	50	45	45	33	6	5	50	5	44	22
25	31	23	34	38	47	8	31	41	32	27	48	38	18	26	50	4	22	50	30
34	47	13	10	10	35	28	49	36	8	33	25	44	32	40	12	13	31	11	46
13	37	19	1	13	2	8	27	7	6	1	28	5	14	38	28	18	14	25	4
19	9	45	33	49	2	5	6	28	15	38	24	11	5	18	48	28	13	48	8
27	2	42	31	8	5	20	30	45	13	45	50	6	8	27	4	42	37	2	11
48	2	50	43	19	27	18	1	47	40	50	5	16	18	27	18	17	15	26	45
33	26	12	15	20	38	18	4	29	14	6	42	12	38	10	26	2	50	12	31
38	20	33	5	14	40	34	39	31	10	37	28	11	8	29	23	41	35	23	31
9	14	23	34	34	8	44	29	8	2	16	18	3	46	7	13	43	7	2	31
4	30	23	19	27	29	32	5	10	38	35	18	27	32	22	24	48	50	21	6
46	6	32	29	44	20	25	15	1	16	30	35	33	42	27	30	41	4	7	5
27	40	20	20	18	49	42	22	24	33	16	44	36	47	36	49	48	44	26	8
5	17	4	44	9	1	35	35	5	43	33	45	43	17	30	6	36	12	12	45
28	4	41	18	50	36	50	37	7	29	32	48	28	49	1	10	37	26	12	17
15	7	17	32	1	22	2	20	17	30	13	37	32	32	31	2	26	37	45	23
2	48	28	27	11	36	17	45	16	21	20	11	1	46	31	22	37	10	18	29
35	30	20	28	16	46	16	47	19	50	34	50	32	39	16	17	29	40	22	15
5	8	4	47	10	3	36	37	2	9	15	17	19	16	39	22	28	1	12	15
21	21	26	17	37	20	29	12	30	14	43	48	38	4	24	27	27	24	18	14
10	29	45	10	35	17	32	16	50	45	39	29	29	8	44	35	32	38	10	41
24	25	8	39	17	17	30	16	43	12	45	5	33	48	5	43	27	17	32	20
39	14	13	35	25	14	20	31	10	40	46	40	14	28	41	36	21	7	43	19
38	17	24	38	50	35	46	31	3	2	8	16	6	41	2	11	13	23	14	4
48	49	6	3	17	6	42	6	8	20	22	20	24	14	33	23	40	25	36	41
18	39	28	9	32	31	34	24	26	30	24	48	44	40	21	39	11	21	22	44
44	41	23	34	30	39	42	43	8	30	21	38	38	24	36	9	21	48	22	36
23	18	30	28	47	25	27	34	43	44	12	19	4	42	48	28	17	45	30	43
39	42	16	47	9	36	11	20	5	12	19	13	50	36	22	26	11	45	37	6
13	9	50	15	18	3	35	46	27	8	43	27	19	29	48	31	3	34	19	11
15	7	29	32	26	50	19	18	21	22	17	22	8	24	31	30	42	1	29	7
1	15	44	48	20	42	45	22	39	41	23	28	26	27	41	6	31	19	40	19
34	18	26	5	42	22	19	45	48	18	39	2	5	13	11	50	13	32	12	34
5	47	30	30	50	39	46	32	34	25	50	24	11	11	24	34	39	40	6	48
24	50	25	21	2	22	23	14	17	42	43	49	7	7	14	37	39	47	6	3
27	37	12	23	18	16	42	45	40	28	12	24	26	15	10	6	23	9	28	28
16	32	16	43	33	1	18	5	47	37	46	43	35	4	22	37	39	2	3	37
31	29	25	39	30	20	24	43	48	9	14	30	19	28	37	45	22	20	41	18
49	38	48	3	33	20	40	23	44	24	17	21	6	42	48	38	7	27	13	13
28	26	8	39	23	16	24	7	17	27	16	20	12	36	39	44	32	22	7	10
30	2	49	24	42	43	24	27	30	50	39	45	7	28	40	23	30	9	31	17
46	33	6	18	8	48	10	21	4	5	6	35	20	3	34	27	27	34	48	30
42	47	28	18	38	21	13	34	46	16	14	23	42	41	14	48	46	32	17	45
34	4	24	25	44	4	26	5	45	14	47	47	12	1	26	49	6	39	30	38
36	27	25	38	42	34	44	30	39	36	31	45	17	3	47	38	24	3	24	35
46	9	39	32	20	17	12	42	15	16	42	8	3	29	9	8	29	36	33	11
11	46	16	9	34	2	30	9	5	38	26	3	15	45	43	27	38	44	19	26
23	2	15	24	45	24	42	39	45	40	9	38	21	14	25	50	44	31	49	18
37	3	38	28	40	40	44	9	37	33	20	36	17	7	38	9	32	42	15	11
10	42	15	15	29	38	32	1	20	44	34	8	45	2	40	21	15	37	35	5
30	34	2	13	20	24	22	14	26	17	18	2	16	39	8	45	38	23	49	2
8	43	39	44	49	13	42	16	18	18	44	45	8	11	31	27	40	3	46	6
17	19	25	4	26	33	42	6	44	45	33	43	39	33	48	37	46	9	14	8
32	6	46	9	23	23	45	6	9	32	5	36	27	44	36	39	19	35	18	16
21	36	22	23	36	2	7	26	13	44	32	32	39	39	24	11	23	17	32	3
38	37	48	12	41	48	16	45	47	9	19	11	41	48	37	46	34	24	23	22
17	20	43	15	1	24	47	39	20	25	17	3	4	16	28	35	39	10	33	39
36	12	29	5	26	21	42	41	2	28	28	50	44	11	37	19	44	33	12	18
2	28	26	23	42	17	8	26	20	3	8	24	41	35	36	6	41	38	40	30
32	6	37	42	48	17	9	44	30	10	41	6	49	16	37	9	37	7	13	10
