10	50
83	69	81	2	61	1	47	91	80	66
62	95	5	25	61	49	82	69	76	12
62	61	73	31	6	2	17	58	85	84
74	23	67	79	46	51	74	37	82	67
55	72	82	63	75	40	43	97	14	59
56	71	22	76	29	22	96	51	96	59
85	89	7	97	93	40	29	27	80	10
76	45	87	9	57	91	79	10	56	67
59	20	44	27	29	3	1	92	50	24
56	24	41	23	82	67	65	86	71	36
11	17	18	5	83	11	84	13	19	39
44	86	96	29	1	65	45	81	69	90
39	38	77	57	55	52	5	65	28	91
27	94	40	20	56	43	3	40	44	18
20	89	74	12	81	70	29	12	23	17
22	84	18	81	98	74	40	62	50	32
7	20	86	28	13	50	47	76	73	58
63	5	38	51	71	51	65	66	76	86
24	93	42	11	70	43	77	60	23	83
3	42	90	12	11	100	3	46	100	31
24	54	40	66	55	18	47	67	10	47
10	75	86	65	9	15	79	75	59	70
74	87	53	91	55	22	15	27	41	72
48	19	66	46	63	70	54	77	57	52
97	10	50	76	73	29	57	26	4	97
22	28	88	30	57	37	1	49	11	34
3	21	27	39	100	92	9	40	3	39
61	2	19	7	74	65	38	78	18	27
65	90	24	44	50	20	31	37	89	26
70	5	66	23	50	76	84	11	77	82
20	17	23	65	36	20	10	82	56	93
99	24	31	85	69	13	97	83	89	80
61	73	51	77	69	57	37	96	57	98
81	27	1	37	7	49	67	59	8	31
11	50	81	97	28	47	75	81	55	37
80	1	22	97	22	48	66	47	96	80
83	14	25	59	12	73	23	95	79	20
47	39	75	59	70	11	93	55	50	23
83	57	42	20	19	81	5	5	16	60
83	21	63	29	48	98	26	23	85	55
25	80	3	35	91	41	26	64	28	11
55	11	97	74	98	27	72	5	40	31
68	19	79	19	38	26	76	47	11	73
85	70	70	95	98	3	55	8	30	79
56	42	77	5	5	73	25	90	31	22
26	22	84	54	88	7	2	84	98	66
66	79	53	56	26	86	42	2	77	96
73	65	76	62	76	26	42	75	15	65
2	87	16	90	47	64	87	17	7	92
2	72	11	64	14	77	89	22	80	20
