20	50
51	32	88	7	52	33	83	9	57	26	69	32	12	35	72	71	15	96	80	93
27	82	26	1	63	75	88	5	92	39	83	75	70	21	86	83	2	3	69	7
9	40	54	15	100	56	88	74	94	60	87	38	62	100	95	70	6	87	44	78
46	79	18	18	44	94	62	92	49	89	69	12	28	73	85	88	28	11	2	8
87	15	12	33	53	45	14	71	26	17	77	15	60	91	62	30	22	36	72	6
94	97	25	5	91	75	11	89	16	8	42	96	86	37	92	31	68	86	66	99
81	92	66	33	13	55	53	37	12	55	66	92	40	97	14	91	91	7	42	78
35	26	56	18	75	82	30	23	100	31	62	37	70	74	25	3	31	93	92	37
22	74	78	61	43	50	56	89	23	1	41	61	44	88	64	55	36	48	58	31
25	31	38	81	93	29	22	67	72	12	60	98	15	6	57	62	48	95	76	26
26	41	100	99	91	2	94	83	10	70	67	83	36	62	12	92	36	98	68	14
29	90	18	12	42	43	46	38	32	3	8	42	73	33	6	85	31	40	91	92
36	40	58	2	45	77	63	54	95	65	26	51	27	62	97	36	23	88	58	48
56	56	51	7	63	26	11	3	56	27	61	97	7	77	78	89	33	16	68	65
81	92	44	67	78	57	15	11	36	70	62	43	82	44	37	81	90	51	39	20
67	60	99	69	5	29	44	51	84	9	4	7	21	94	67	64	13	84	29	7
12	100	68	87	65	18	15	64	41	98	100	82	78	49	98	21	94	75	63	49
14	64	27	27	66	55	23	89	77	73	68	6	23	33	9	68	93	13	4	87
15	80	11	87	10	23	30	72	96	47	70	38	22	81	93	48	73	41	21	10
96	26	88	68	30	94	60	45	41	30	28	82	71	77	35	34	54	41	18	44
26	52	94	30	3	31	85	42	40	61	96	52	92	95	92	89	92	43	57	16
64	86	32	66	19	89	67	45	46	60	94	32	23	77	85	45	33	59	65	100
9	18	5	80	35	77	90	77	86	46	42	11	84	2	81	40	20	28	11	15
64	40	97	81	68	64	29	16	10	48	57	34	79	58	8	46	82	52	31	43
99	91	60	1	18	83	49	22	97	46	25	5	48	51	37	69	22	24	13	72
48	75	67	38	90	9	33	27	95	35	59	69	97	69	16	73	81	96	63	85
16	8	20	65	23	52	86	28	22	39	25	58	40	60	96	25	24	22	11	10
50	23	27	62	88	57	9	80	35	64	89	26	62	28	56	40	56	3	16	39
24	5	5	57	11	1	29	37	73	92	50	59	85	54	35	94	81	58	78	67
44	6	94	59	50	100	97	12	4	56	70	22	7	73	86	45	18	71	52	87
28	72	7	43	14	31	41	8	94	63	59	98	25	49	95	18	12	47	8	12
5	18	34	18	23	28	52	13	69	90	76	11	7	92	40	73	99	52	45	19
59	89	19	42	97	73	98	59	78	69	34	71	63	41	82	10	39	90	21	87
79	29	40	4	87	48	91	34	10	23	20	61	3	89	53	16	100	92	21	51
31	94	35	1	57	5	48	67	10	30	35	9	31	58	41	30	50	15	55	49
82	64	50	56	49	74	69	75	88	66	11	47	69	71	56	85	95	40	48	82
100	24	24	80	89	11	30	45	48	24	67	85	38	72	69	67	45	80	52	83
37	74	80	45	20	88	40	61	3	56	35	11	68	73	49	59	41	70	67	39
45	24	27	64	100	26	10	98	3	89	41	16	89	65	46	27	44	79	61	1
71	69	43	92	89	57	18	65	23	10	27	75	13	13	39	13	47	16	46	94
79	43	59	14	16	20	23	3	28	23	16	62	10	66	69	76	82	35	76	43
9	45	75	93	63	66	4	76	27	33	81	28	34	68	22	28	11	29	77	70
34	15	38	1	95	65	66	47	45	64	31	12	41	3	86	35	69	66	51	51
17	47	77	95	42	88	28	43	44	41	65	54	59	7	10	94	7	74	99	99
100	57	32	64	2	70	88	32	82	88	59	46	78	27	54	88	39	44	60	8
37	24	3	4	99	78	53	35	94	93	28	96	67	53	51	60	16	13	93	73
100	97	61	57	83	19	76	33	54	22	55	64	15	92	62	76	55	29	65	25
17	54	39	90	61	64	79	26	76	94	72	27	51	87	8	41	64	47	22	80
3	21	82	72	38	64	82	76	92	75	5	88	48	69	57	47	59	71	97	19
41	51	57	60	51	29	14	28	84	22	13	9	7	85	22	96	73	67	52	97
