5	200
93	75	91	36	68
86	66	13	14	7
38	27	79	68	65
92	88	12	37	34
68	99	24	67	30
61	69	5	46	66
11	85	63	15	99
39	42	15	24	79
49	50	63	94	69
95	50	39	19	15
20	48	26	13	98
95	51	24	7	7
17	61	67	48	96
53	65	64	70	26
50	73	88	58	85
18	37	30	99	35
12	30	86	31	47
63	60	51	18	5
89	19	9	17	63
89	83	15	99	16
31	86	70	93	66
47	60	69	29	80
59	22	26	72	96
88	76	36	2	33
94	15	47	65	38
31	65	71	96	97
35	22	32	83	5
26	61	93	66	1
3	91	22	38	47
67	94	37	22	75
13	48	14	66	23
17	40	5	55	35
82	89	74	33	46
37	90	44	67	70
27	83	71	2	30
3	93	9	19	71
38	29	50	21	84
88	8	66	60	89
86	56	38	32	19
14	18	90	93	10
78	51	70	53	49
31	77	13	37	21
25	31	87	84	97
54	40	54	50	58
30	24	84	79	84
72	45	39	83	16
85	4	17	10	94
88	59	97	73	54
11	96	30	40	64
56	70	55	35	66
75	65	41	35	80
55	67	92	69	77
86	39	30	21	36
21	15	77	91	9
95	44	81	96	47
35	94	44	15	29
2	91	4	18	42
21	64	82	30	39
22	68	29	96	68
73	66	9	4	44
41	93	64	27	71
31	84	45	88	46
61	23	77	41	76
96	35	13	80	16
58	33	48	52	88
28	16	86	29	75
69	86	41	72	88
9	28	78	47	11
37	20	95	84	79
99	92	88	21	73
39	53	29	89	86
9	46	12	39	43
16	98	16	14	78
76	83	5	53	67
69	57	66	70	79
39	39	64	74	90
37	28	66	56	36
16	57	52	86	80
64	16	39	4	95
39	4	81	7	3
16	87	36	54	5
83	87	60	11	48
70	83	38	50	7
89	33	60	78	62
20	32	19	73	4
53	18	63	75	40
35	58	58	71	74
50	92	12	52	54
29	97	42	39	11
82	78	89	98	7
7	44	4	46	84
85	69	63	51	52
65	25	85	71	13
12	25	68	77	57
97	22	9	24	33
23	90	80	63	23
76	30	65	69	33
92	55	12	88	90
82	30	61	100	90
5	12	71	26	99
57	11	13	41	10
86	35	80	13	61
95	89	1	29	77
36	60	17	38	22
57	14	80	88	76
68	61	10	35	29
11	20	55	64	66
65	17	25	59	48
57	76	100	27	95
94	30	32	23	55
45	96	34	5	43
44	31	25	66	43
25	26	45	84	51
76	35	37	63	13
19	36	58	91	65
81	14	54	93	83
38	29	87	81	85
16	87	50	22	23
35	93	60	17	23
31	31	16	77	20
59	94	70	11	37
9	39	44	40	62
30	77	33	84	5
97	39	65	100	35
90	85	15	41	79
27	77	41	68	34
50	98	78	73	24
45	60	77	44	76
78	43	10	61	94
58	60	77	12	27
93	67	16	42	31
75	79	30	32	11
33	98	76	7	12
32	100	60	61	60
38	62	22	25	58
47	76	54	47	22
67	1	29	42	42
84	83	36	43	49
67	31	45	34	43
80	68	4	50	62
58	100	16	52	89
31	46	92	84	85
99	25	83	11	44
33	69	35	65	28
50	64	18	12	94
7	17	88	82	78
79	72	5	86	64
67	85	78	53	12
39	91	53	58	51
42	49	35	90	10
12	33	40	23	12
94	83	5	59	83
14	58	10	7	6
28	21	97	48	77
49	92	82	54	89
59	12	60	61	53
59	83	98	73	66
46	33	83	74	70
85	80	19	71	98
81	82	46	53	23
22	52	87	13	62
21	52	86	34	53
83	24	45	7	24
32	61	38	41	60
95	38	24	78	93
70	73	12	57	9
78	66	8	39	31
8	96	85	11	46
95	48	50	21	88
61	36	13	47	67
21	44	6	93	29
84	29	9	20	93
48	40	30	26	76
17	17	6	76	17
36	76	27	96	65
48	89	3	91	33
35	60	65	90	88
34	61	15	10	47
79	88	65	19	98
56	18	25	46	71
45	30	38	31	32
45	18	10	29	82
96	26	18	88	59
89	75	40	38	42
56	2	97	29	38
48	11	8	98	10
30	64	58	21	88
5	23	35	59	43
17	52	87	29	52
53	70	77	61	10
81	78	87	4	15
44	33	9	93	84
34	10	13	19	52
32	69	98	1	54
66	41	82	96	26
5	16	68	78	85
79	35	48	89	29
53	78	54	6	45
73	15	42	76	9
7	39	68	78	20
