5	50
4	12	1	16	15
14	17	18	9	15
4	14	9	9	17
13	13	7	8	3
8	20	4	2	7
4	11	8	18	17
12	5	6	14	6
6	14	12	10	8
5	17	6	18	14
19	18	14	5	1
19	6	15	12	17
5	9	20	10	12
3	10	20	13	3
20	9	16	3	11
20	2	17	20	19
12	14	7	8	8
7	18	4	17	19
6	10	14	17	1
18	14	3	19	6
15	17	14	15	15
11	3	11	14	2
18	10	16	13	6
11	3	12	2	6
5	7	3	15	17
10	15	19	3	14
6	19	19	15	4
16	20	12	14	18
4	8	10	16	1
17	15	2	11	10
16	3	1	14	1
9	14	20	18	5
16	4	9	1	16
19	12	1	10	11
12	12	19	5	2
18	18	8	14	1
16	14	8	13	19
4	19	5	14	16
2	1	14	10	2
1	20	9	1	3
6	14	12	1	19
4	4	17	13	4
11	7	7	18	9
2	16	16	3	12
20	7	7	14	9
11	18	9	3	2
19	9	8	11	15
3	3	8	14	15
20	3	12	11	5
16	15	17	1	1
5	4	6	9	3
