10	100
33	42	1	26	49	5	3	24	46	7
1	46	14	1	26	9	29	50	11	13
27	37	15	10	22	34	4	14	20	5
21	6	7	22	27	16	19	29	9	46
40	28	19	9	38	1	39	31	16	35
50	1	5	44	41	47	28	42	4	16
1	39	4	42	37	46	39	42	25	11
40	50	41	16	24	49	18	6	22	22
46	23	48	36	6	21	1	14	32	30
39	28	25	44	45	1	24	28	23	43
12	47	6	5	46	50	10	40	21	42
30	22	20	33	20	29	42	19	37	16
45	25	11	45	23	13	26	47	21	23
25	40	33	30	10	49	18	44	40	6
11	12	44	40	1	17	8	42	25	17
10	6	42	7	48	37	37	12	32	34
25	13	19	49	17	40	40	41	24	22
11	49	29	31	6	33	32	22	45	7
5	34	23	5	13	20	49	26	32	23
13	6	12	7	32	48	44	46	23	11
28	17	19	3	6	12	27	11	2	15
6	16	18	26	29	42	40	15	36	48
42	14	9	1	10	5	37	23	50	8
40	37	49	34	30	38	15	21	49	1
44	38	25	18	18	47	39	36	29	41
9	30	10	26	20	14	9	18	44	1
26	5	12	45	26	19	17	34	47	41
27	20	16	36	4	4	40	42	33	13
16	1	44	10	50	11	27	24	14	16
30	48	27	48	26	40	27	30	43	49
31	6	40	38	15	39	14	25	22	16
25	18	35	31	35	25	11	2	45	15
42	44	20	31	12	29	43	18	10	15
28	10	50	35	33	11	11	6	46	11
48	3	2	48	41	13	13	47	13	2
29	25	36	28	8	37	36	9	27	36
46	46	15	7	39	16	19	1	49	25
14	5	7	35	18	40	43	23	41	50
17	47	6	9	37	3	25	22	28	46
26	3	30	11	16	2	39	45	10	25
45	12	48	39	39	25	18	2	11	19
45	14	19	28	19	50	41	7	21	36
42	47	24	3	49	12	26	47	19	16
1	48	13	16	5	5	49	17	21	12
36	24	12	10	2	13	34	2	42	16
12	33	25	25	34	48	39	46	41	27
50	22	33	45	18	48	1	3	23	14
1	25	36	9	1	19	36	15	1	37
28	24	6	4	4	19	23	39	33	8
17	3	27	44	13	15	41	17	42	5
12	32	30	28	16	38	47	16	24	15
13	24	45	4	50	27	17	30	41	49
25	13	21	16	48	48	48	43	47	37
28	20	23	47	26	47	44	28	38	17
23	8	15	18	46	44	9	23	44	37
49	12	26	44	30	50	11	15	31	18
40	4	19	38	37	43	1	49	29	4
33	39	42	25	26	17	48	3	20	5
40	26	49	11	39	16	44	30	18	26
36	30	48	21	28	19	39	28	32	3
43	11	45	41	4	10	21	2	18	13
3	9	45	26	28	15	6	9	50	21
50	22	32	3	19	3	42	21	47	8
29	21	21	17	13	30	31	8	7	29
46	43	12	5	24	27	35	22	43	14
14	31	28	11	4	21	30	42	23	1
19	1	5	11	35	32	38	29	14	49
34	48	3	21	26	7	10	27	30	42
19	20	28	34	45	48	43	11	14	42
1	40	36	6	11	46	39	2	20	42
39	7	8	45	30	16	29	7	35	48
11	3	13	31	33	49	23	21	16	37
40	28	15	23	49	44	13	47	11	31
19	9	7	38	4	12	13	34	4	29
20	36	27	17	31	48	27	5	23	13
23	18	36	33	3	12	42	36	46	36
4	32	47	4	29	3	46	25	28	21
36	39	17	37	18	4	1	49	43	1
18	8	24	49	8	1	23	24	35	42
21	28	38	19	26	38	40	23	38	28
3	3	28	3	27	35	1	49	16	50
11	44	43	46	19	46	9	48	46	28
30	22	40	36	1	9	1	49	12	31
14	29	12	15	48	15	30	22	23	24
1	25	9	36	32	28	35	43	50	30
30	42	27	10	48	32	13	42	2	18
34	2	38	36	36	33	32	29	48	4
16	37	26	23	28	6	13	5	5	24
25	8	50	32	1	22	2	2	17	17
3	39	20	5	40	49	37	24	1	50
46	6	45	46	15	43	17	5	32	43
19	9	38	29	44	27	3	6	35	15
32	30	13	31	2	28	18	22	33	30
19	40	4	6	29	19	14	5	18	9
6	47	21	25	49	45	1	41	12	14
46	31	39	37	18	16	44	15	44	37
25	46	23	2	24	29	5	33	1	25
13	48	39	27	9	35	10	39	33	7
28	28	10	19	34	39	1	18	38	13
26	49	11	32	34	10	25	19	1	21
