10	100
15	15	2	8	6	10	19	17	9	19
5	8	3	14	1	18	2	17	7	9
4	2	6	11	10	14	9	3	2	3
20	12	2	1	4	9	4	20	20	10
20	19	7	7	11	9	8	17	19	20
8	3	3	7	2	14	9	11	18	13
1	16	16	6	19	13	7	3	11	13
15	2	18	17	10	6	15	20	1	2
6	13	5	2	16	18	9	15	20	10
20	13	3	7	9	4	3	2	8	18
3	6	6	7	6	6	5	7	18	17
20	9	11	17	7	8	11	15	11	1
5	12	3	2	13	3	20	11	9	6
3	14	12	4	20	20	8	19	16	10
13	3	18	4	11	12	2	6	1	2
13	9	11	8	13	11	4	5	14	4
6	15	18	13	14	6	17	7	18	7
1	13	19	2	8	3	14	19	12	2
1	15	11	7	13	14	3	5	11	9
17	3	5	13	4	19	5	5	10	5
15	16	9	14	1	1	10	10	20	10
17	5	14	13	3	12	5	12	1	1
3	13	16	10	11	19	8	7	18	10
19	10	10	7	7	6	7	17	7	12
5	14	5	1	12	12	10	12	10	12
14	14	5	10	2	2	20	20	4	3
14	3	13	11	12	8	16	7	6	18
6	8	5	9	17	10	8	15	18	19
10	16	18	6	16	6	5	20	6	6
7	8	14	5	19	2	2	14	10	4
17	3	7	12	7	7	9	17	14	13
15	5	2	5	14	18	6	7	16	7
4	16	2	1	12	19	15	1	10	15
9	14	6	15	2	7	10	7	20	10
17	9	7	14	11	2	6	9	12	2
17	15	19	3	1	2	2	6	20	8
12	9	7	19	4	1	19	8	3	7
8	20	7	7	11	16	9	9	10	10
13	6	9	9	19	14	16	3	15	1
6	5	7	12	18	8	2	8	10	11
4	19	7	6	14	18	8	13	13	5
13	13	16	11	16	7	1	18	1	11
6	16	13	3	1	4	13	16	10	3
14	2	19	20	7	14	20	4	16	1
6	4	11	10	9	13	10	16	17	12
8	5	7	19	6	8	6	4	5	11
5	13	3	10	12	11	14	17	4	2
7	17	3	1	6	2	5	4	15	8
14	18	20	18	16	10	15	1	14	19
9	16	19	5	17	13	1	2	19	18
19	14	13	15	5	11	3	7	14	4
3	3	10	17	17	8	14	6	15	2
17	14	3	5	14	11	18	18	4	13
2	4	6	17	9	1	6	5	14	5
8	8	7	10	17	6	7	3	9	9
20	16	7	17	1	6	11	8	2	14
14	5	3	2	3	19	18	14	9	16
3	9	12	11	15	9	8	13	9	8
5	16	9	16	13	7	18	9	16	4
11	18	3	20	11	3	5	6	8	18
9	14	14	13	7	11	4	17	3	13
19	18	19	15	9	18	16	8	9	17
2	9	18	5	6	5	6	13	20	12
4	2	6	11	19	12	2	17	9	2
3	1	7	4	6	13	19	9	11	14
7	18	17	12	17	1	16	10	8	2
6	12	18	11	9	17	12	9	16	18
17	20	20	8	14	1	2	14	19	14
6	18	2	7	6	7	5	15	15	19
16	13	9	7	17	12	4	17	16	10
1	11	14	14	17	7	19	10	18	16
19	3	11	15	16	8	11	12	6	2
12	18	14	18	2	5	11	13	11	2
18	6	18	10	13	16	5	8	10	19
9	16	17	19	20	14	2	15	11	9
2	12	12	15	18	4	17	16	13	13
16	6	19	17	19	13	6	2	2	1
4	3	3	7	13	16	1	16	19	9
3	17	2	3	1	6	15	4	12	9
19	9	15	17	3	3	18	1	1	7
8	1	14	11	5	19	10	5	2	2
4	2	18	5	10	20	5	17	17	13
18	2	10	13	2	16	9	6	4	10
19	20	16	12	1	3	4	12	18	2
17	11	2	11	6	18	12	11	7	4
19	2	5	8	9	6	11	1	9	10
11	5	1	12	3	4	6	7	4	8
17	13	19	15	16	8	1	20	8	5
5	18	19	1	11	18	15	8	3	15
13	3	4	9	12	13	10	11	8	2
12	5	7	20	7	7	3	11	12	2
6	12	14	4	5	13	6	20	1	6
10	19	5	10	15	14	10	10	4	4
18	10	13	6	13	20	12	19	15	5
16	5	16	1	9	2	10	20	4	19
7	11	10	3	13	14	1	18	5	13
18	13	8	9	4	16	19	8	11	6
2	8	5	17	10	5	4	4	1	14
5	10	7	5	18	8	1	11	14	20
19	15	14	3	8	3	18	8	18	13
