20	50
31	30	42	20	14	38	5	21	33	7	34	32	33	43	35	44	18	35	23	37
5	22	44	8	3	11	2	27	32	21	20	26	21	32	33	16	19	38	41	24
40	8	29	6	14	48	33	25	34	2	6	8	37	24	13	10	36	35	17	4
36	29	40	13	38	9	12	2	10	20	26	31	44	50	48	47	43	39	45	6
29	27	44	30	16	12	39	47	20	24	30	35	21	38	38	12	19	17	18	5
36	31	16	15	27	25	15	38	27	16	18	47	40	12	25	10	36	10	47	27
21	16	32	37	40	41	10	7	12	37	29	26	22	40	20	48	12	29	3	41
48	1	21	4	6	33	45	10	13	29	26	10	20	42	35	21	50	29	25	37
16	9	27	40	38	42	26	1	42	28	48	7	7	6	29	20	45	29	31	8
47	50	44	34	11	19	6	30	6	50	49	33	5	17	26	39	25	31	17	15
7	45	18	36	31	19	3	15	13	15	26	21	49	18	40	16	15	43	29	19
36	47	45	43	29	16	3	41	31	41	46	14	12	17	1	3	33	9	3	42
17	42	18	41	24	28	35	38	27	11	24	32	3	49	29	11	50	26	7	15
17	12	35	23	20	13	9	33	17	38	34	7	41	37	2	44	29	5	20	2
32	16	14	20	17	14	12	14	38	41	4	8	2	38	26	6	8	45	21	12
19	2	21	40	28	17	42	16	47	35	32	45	6	5	34	2	49	15	6	7
1	46	45	27	35	26	6	3	12	47	37	34	34	9	33	30	45	24	43	50
23	47	18	3	9	9	2	47	5	25	7	44	39	15	11	24	8	45	6	2
12	39	4	1	49	48	12	48	23	5	8	25	22	7	34	4	29	43	19	26
25	9	49	38	40	44	46	19	48	10	23	50	19	42	39	34	43	18	5	11
48	4	25	50	18	33	22	33	32	8	46	15	27	30	27	3	41	17	11	6
3	43	1	13	33	8	6	30	19	50	11	11	39	9	29	21	35	49	21	8
22	13	38	41	15	8	24	40	16	36	44	27	7	49	8	5	4	12	18	11
27	42	15	32	47	35	27	19	1	7	19	42	47	3	34	41	6	11	49	25
34	17	15	34	7	35	5	40	1	25	17	23	32	11	31	30	49	6	45	30
31	6	39	9	17	3	30	5	16	18	49	44	13	43	27	10	28	31	26	12
31	38	18	27	40	47	10	37	22	5	42	50	16	20	45	28	29	6	17	5
5	50	24	34	26	24	10	39	34	22	3	18	31	33	50	43	39	12	20	21
43	44	33	11	26	50	28	44	48	50	32	22	14	21	7	31	14	35	2	17
37	22	4	1	3	24	19	34	20	3	40	18	37	47	12	12	18	14	8	26
46	17	42	35	40	31	4	10	27	19	29	4	10	4	34	22	41	32	9	2
31	45	24	46	10	14	35	18	10	45	14	1	27	26	21	20	30	19	11	22
21	9	7	2	24	36	8	34	13	41	22	36	5	7	46	1	44	46	25	27
46	37	1	32	6	28	28	35	33	15	42	22	21	38	32	23	38	23	22	25
7	2	5	20	24	28	47	21	31	21	27	35	45	35	26	34	9	26	46	47
8	24	1	49	49	1	16	18	25	24	13	21	25	1	20	45	32	32	8	29
32	8	4	13	38	8	27	37	12	48	14	13	28	26	17	34	2	7	21	24
13	29	46	8	8	6	10	44	16	32	2	27	18	17	15	1	20	39	11	42
24	29	6	27	10	1	44	50	35	37	43	26	12	35	17	4	12	47	5	32
48	33	22	31	46	38	45	11	11	16	14	13	46	30	1	34	23	19	48	8
13	11	10	29	39	26	16	34	1	12	40	23	35	29	44	41	8	26	31	22
6	34	39	19	23	31	31	33	35	34	31	43	49	48	20	37	24	43	42	20
23	12	11	49	27	42	29	17	36	10	26	47	38	27	3	30	23	41	6	8
46	34	50	18	32	47	24	37	10	7	18	16	35	11	50	44	24	40	43	32
3	15	47	25	8	34	5	23	45	40	15	33	38	34	25	39	13	43	18	30
18	42	7	29	43	10	13	27	27	9	7	33	49	24	6	32	37	25	10	48
43	1	42	20	43	36	29	1	37	12	32	31	22	13	15	11	8	19	33	48
22	28	47	37	34	33	34	14	28	44	3	38	34	21	38	17	50	37	37	8
32	13	41	16	27	27	11	36	10	46	24	18	43	12	26	15	5	6	37	10
2	15	23	44	9	45	48	1	26	48	12	21	33	26	17	10	38	32	11	8
