5	50
44	2	34	7	8
6	26	37	22	26
44	30	4	50	8
46	12	15	6	3
18	13	21	28	17
31	34	35	49	42
13	35	49	23	19
28	3	22	40	35
47	4	27	41	36
30	46	6	2	22
4	7	23	32	4
31	31	6	40	28
23	41	38	31	13
9	31	31	31	31
43	41	25	21	6
14	36	30	43	38
35	29	34	27	39
6	13	17	20	39
48	48	32	13	13
6	16	47	28	28
49	16	25	22	30
13	33	3	26	40
46	1	13	3	43
44	8	11	43	8
46	15	12	43	34
45	10	13	8	1
49	39	3	16	40
20	4	13	48	26
24	11	42	30	43
47	35	29	20	19
49	6	5	21	32
34	5	33	38	35
4	20	45	26	42
7	49	48	14	24
41	45	14	17	34
36	23	32	50	37
11	31	43	39	2
44	35	32	35	6
15	22	25	13	22
4	16	17	39	37
48	38	16	47	29
5	42	38	37	47
12	23	33	2	25
24	28	6	24	49
23	17	14	8	9
19	20	2	46	30
20	7	44	13	39
23	15	47	11	48
2	47	45	38	45
43	39	24	38	49
