20	50
14	1	13	1	18	5	14	16	4	3	13	10	13	20	7	6	12	13	9	11
1	12	9	8	11	18	6	11	16	10	10	12	5	9	18	17	6	3	2	7
8	10	18	1	8	17	6	19	9	6	4	2	13	9	15	3	12	6	10	1
20	3	20	14	13	2	5	4	2	11	1	10	11	3	3	11	14	8	20	15
12	7	3	11	7	9	19	17	15	16	5	1	14	2	8	6	10	4	8	7
12	3	17	19	5	15	11	11	7	4	9	5	6	15	9	13	20	10	7	5
3	9	9	7	6	1	16	9	16	17	1	10	20	14	4	10	11	5	6	13
18	9	10	12	7	20	15	19	13	15	6	1	17	4	4	3	14	11	13	5
19	2	16	10	3	19	6	12	12	19	2	16	4	15	7	15	20	18	1	7
6	18	16	1	11	1	13	17	10	1	17	1	12	2	15	16	14	1	9	8
15	4	8	14	13	11	17	3	17	10	4	16	10	7	19	2	7	16	19	3
6	9	2	11	3	2	5	3	1	12	1	19	9	14	12	3	10	2	8	1
4	11	20	1	18	1	11	6	3	13	10	19	2	7	2	6	2	17	12	12
6	15	3	6	9	5	8	17	15	17	12	5	8	18	19	16	10	2	14	3
12	19	20	8	2	3	18	3	12	6	1	14	11	17	15	10	8	15	12	13
13	15	11	7	2	6	11	4	8	6	17	20	3	10	20	8	15	16	4	7
7	6	6	9	16	18	14	12	3	10	9	16	11	1	10	17	8	14	6	16
13	15	15	6	10	1	12	1	17	8	16	13	11	5	6	8	10	2	12	4
13	19	1	18	18	2	10	2	1	3	20	2	10	9	15	13	11	20	20	15
7	13	16	16	15	16	5	6	16	2	8	7	2	2	4	14	14	17	8	9
12	10	1	14	9	15	3	3	11	14	17	10	3	17	18	20	4	6	4	2
17	4	7	19	16	14	20	8	5	1	20	15	13	12	4	18	13	2	8	1
14	3	16	2	6	19	4	5	5	5	10	9	14	6	12	8	4	2	19	16
15	15	19	10	15	3	18	12	14	20	8	2	19	4	9	14	9	5	14	17
10	15	3	20	12	11	2	7	20	16	14	11	4	12	6	20	5	6	8	4
2	13	12	6	18	9	11	10	18	18	19	19	9	2	6	1	12	19	19	4
1	11	13	18	7	17	19	7	19	9	10	4	17	11	16	18	4	18	3	3
1	12	10	2	17	16	3	2	7	5	9	6	7	5	3	11	1	14	19	1
11	5	12	9	9	16	3	18	7	9	18	14	17	16	4	10	2	11	1	11
15	17	20	14	1	5	17	13	9	6	17	10	20	2	13	17	1	1	14	2
13	5	16	19	8	15	10	12	2	14	9	10	13	8	7	14	5	18	9	5
20	11	10	1	12	9	15	16	3	8	9	2	18	20	19	11	1	2	7	6
15	6	11	16	18	8	17	12	15	20	12	4	13	10	2	3	15	15	7	20
1	14	9	15	5	7	13	14	10	17	14	3	11	3	10	15	20	15	4	5
12	4	1	4	16	6	10	9	18	16	16	7	16	8	6	2	17	17	11	11
15	4	2	19	6	10	13	11	20	8	4	1	12	3	8	17	13	5	19	20
18	4	16	15	2	8	8	4	17	8	18	3	4	13	10	9	3	3	18	6
13	19	9	11	12	16	15	13	20	9	9	12	19	12	14	12	9	7	17	19
3	9	15	13	11	2	17	19	14	20	15	11	8	14	7	19	16	6	4	6
13	15	4	8	20	7	5	13	19	19	20	16	6	19	4	4	5	17	1	11
19	17	20	1	15	19	5	6	5	16	16	4	4	11	7	9	6	7	13	4
18	4	20	16	20	19	5	9	10	3	14	20	5	14	8	16	15	4	14	2
2	19	8	4	3	17	13	15	13	16	19	19	4	17	13	15	18	5	1	16
15	16	16	3	3	17	19	10	4	12	14	3	14	12	3	19	17	17	13	4
6	10	17	15	4	15	16	9	1	13	19	11	3	18	7	7	4	6	1	7
19	3	11	2	3	17	6	12	15	15	19	1	12	18	10	5	20	1	19	8
1	10	10	12	13	3	20	16	5	16	16	11	16	7	6	4	19	16	13	8
10	5	15	7	14	18	20	5	9	3	8	3	7	14	6	9	14	20	9	1
17	10	8	19	20	8	6	6	13	7	7	4	9	12	18	17	16	4	18	16
3	15	8	3	9	13	5	2	1	17	10	19	8	13	11	1	18	17	8	7
