10	100
1	2	9	15	5	1	10	3	1	5
19	6	3	17	14	7	4	14	2	3
8	3	4	4	8	12	18	9	9	16
10	12	7	4	1	16	1	18	19	10
9	9	9	10	10	4	18	8	12	6
8	8	3	2	16	18	19	5	8	13
4	2	15	5	15	7	20	20	16	18
7	6	15	12	15	20	15	15	15	5
15	10	17	3	8	3	10	5	8	3
18	16	10	6	6	8	14	4	15	4
5	19	12	15	20	2	13	11	8	17
4	5	11	4	19	15	5	12	18	13
18	15	12	13	1	11	17	10	7	8
6	11	20	12	20	16	19	3	4	6
10	20	18	12	20	14	6	7	8	12
3	3	7	3	6	10	7	19	14	9
6	4	4	1	11	14	5	20	4	3
16	3	9	12	3	19	18	1	14	8
6	10	2	15	5	4	4	18	6	11
10	20	9	15	1	7	16	18	1	6
10	6	4	6	16	20	14	16	20	8
13	7	5	7	4	17	3	10	16	8
10	7	14	13	13	17	15	15	11	17
3	1	20	8	18	20	6	16	19	5
10	9	19	18	19	4	15	2	11	4
4	6	2	14	17	3	12	11	13	20
6	20	5	3	5	12	7	18	9	4
11	7	12	11	18	2	8	16	15	10
3	13	4	8	13	17	19	7	12	15
8	15	4	20	20	11	5	16	13	7
18	18	13	7	14	18	15	11	16	16
16	17	17	4	17	13	16	18	10	9
13	20	6	15	17	16	3	12	12	8
17	12	4	9	13	5	1	18	14	16
3	9	11	17	20	12	19	1	3	7
16	7	7	5	14	18	12	19	11	18
15	3	19	9	19	4	13	9	12	12
12	19	4	15	6	5	9	10	15	5
18	3	10	5	13	10	6	19	15	15
14	2	7	17	1	20	10	3	18	16
19	11	9	11	15	17	4	12	20	9
10	2	4	7	1	12	14	15	17	9
19	15	14	17	19	11	12	7	15	7
15	7	13	19	6	7	14	20	10	16
7	15	20	6	5	12	19	1	17	9
7	16	7	9	18	5	18	13	12	5
6	17	18	13	14	4	10	6	1	14
19	15	5	2	3	5	16	8	12	8
12	12	11	6	20	20	20	4	1	2
10	2	8	5	11	10	17	7	12	2
2	13	1	4	11	13	12	6	6	14
9	10	1	5	13	15	7	12	13	15
4	7	5	19	4	17	7	20	11	14
8	9	16	11	6	20	11	7	16	8
9	15	18	7	13	20	2	3	12	17
3	6	14	18	19	16	9	2	20	15
6	12	15	13	7	20	15	10	20	14
4	20	16	6	7	9	9	18	6	5
15	4	8	15	11	2	16	19	12	10
12	10	8	2	2	17	1	6	1	13
6	12	4	19	13	3	11	9	11	11
8	11	16	15	20	2	4	20	2	6
5	17	19	10	3	14	12	15	4	10
8	4	18	14	20	4	1	10	2	8
12	7	8	2	3	1	14	14	3	1
13	2	4	15	9	9	14	14	16	20
11	16	6	1	3	5	13	3	16	16
2	15	18	15	15	19	9	17	8	2
20	19	12	4	18	7	1	3	5	11
11	8	15	3	17	16	2	7	20	18
9	12	18	7	19	19	4	9	1	11
1	18	6	14	20	12	5	3	4	16
4	10	18	5	6	15	1	15	18	20
17	3	17	10	14	9	2	6	5	20
3	12	3	15	11	14	2	1	4	5
12	19	3	4	15	19	14	14	1	5
19	9	12	2	14	18	1	16	1	11
11	19	19	5	14	13	8	4	15	13
13	20	12	13	9	18	20	14	16	15
16	9	5	20	1	14	1	1	2	14
13	6	20	13	15	13	1	19	11	2
11	11	19	9	12	19	18	19	14	16
19	8	1	6	15	3	15	19	4	20
13	7	2	2	20	8	1	20	19	16
17	2	4	14	4	6	10	17	9	3
17	2	8	6	15	6	6	14	18	12
18	3	15	11	10	5	9	18	9	4
18	18	1	18	19	17	5	7	2	10
14	19	11	2	4	11	20	16	7	15
3	7	2	7	19	15	7	14	5	20
17	12	8	5	5	19	1	10	8	18
2	20	12	9	19	20	13	14	7	19
6	13	12	14	2	12	17	14	20	5
11	12	2	3	13	2	11	6	17	5
11	10	9	9	14	4	16	14	8	19
3	13	7	6	15	4	1	14	3	14
3	7	11	4	8	11	18	10	16	18
9	7	17	2	9	16	5	4	1	19
17	4	7	1	3	19	5	16	8	9
2	17	4	4	3	4	20	6	2	3
