20	200
14	16	22	50	21	4	9	9	25	31	28	7	44	32	36	46	41	34	25	26
8	14	46	11	12	2	26	26	48	28	20	35	25	31	17	17	35	37	22	44
9	50	19	49	32	35	13	18	30	41	18	3	32	38	2	50	21	11	38	20
29	33	12	48	12	43	32	13	16	20	12	5	13	32	18	8	46	48	30	28
39	8	47	7	11	17	4	38	29	17	46	24	50	2	15	26	39	21	37	39
3	50	2	11	30	13	40	50	21	45	4	23	32	10	31	21	37	5	38	45
40	45	34	49	24	39	6	11	17	42	19	25	11	41	26	40	7	37	28	48
28	4	17	35	13	24	43	40	22	44	39	35	34	42	50	9	17	4	37	41
8	29	34	29	26	30	12	41	35	42	15	1	27	40	18	36	28	50	36	50
47	16	40	23	3	35	42	20	42	18	23	3	50	37	40	49	21	39	10	34
13	2	5	31	30	39	8	44	25	14	31	17	18	38	45	42	40	11	26	42
39	43	50	18	19	12	2	40	1	19	15	40	40	3	38	45	12	9	44	15
27	48	46	29	37	6	36	13	43	48	10	11	13	19	46	20	3	38	13	18
38	19	44	6	49	42	28	16	50	1	31	32	17	12	16	42	47	22	32	13
27	40	48	3	10	5	27	22	7	18	43	24	46	26	27	8	4	40	30	45
29	21	13	43	17	29	45	2	4	5	23	31	7	1	42	49	21	41	47	45
15	7	9	32	8	7	36	41	35	8	38	8	42	37	34	7	27	6	36	31
11	26	19	3	46	12	18	46	35	29	38	14	44	35	30	23	12	32	35	11
43	4	17	46	18	16	39	20	17	36	22	15	5	16	35	40	39	7	37	46
40	40	7	6	20	25	15	8	7	12	45	45	22	26	39	7	10	23	35	30
23	48	29	50	7	23	9	28	1	41	35	5	46	39	21	3	48	11	27	43
1	32	14	6	41	28	44	29	28	28	31	16	22	7	24	42	11	7	50	48
17	37	7	17	28	41	50	33	6	36	10	49	47	43	29	41	35	24	10	30
30	30	1	23	11	19	33	39	16	29	43	41	12	29	27	15	25	47	29	50
29	12	24	43	19	32	20	30	28	33	8	38	48	20	18	37	37	35	6	9
8	11	17	27	44	20	38	18	16	15	16	38	46	10	2	19	6	9	5	30
50	4	12	34	21	5	43	42	12	41	28	41	42	20	43	19	45	47	49	49
44	2	15	14	17	21	43	39	19	50	31	29	30	27	10	5	49	34	6	39
27	47	7	26	38	26	47	26	18	34	25	10	10	7	36	48	40	49	18	1
13	5	23	12	10	49	12	15	11	39	20	11	41	11	22	47	46	40	27	42
25	17	22	36	26	22	20	24	41	12	15	1	17	6	27	23	25	45	16	39
14	32	15	29	14	14	19	49	35	40	2	1	23	26	27	46	33	37	36	39
30	39	24	49	24	19	44	36	35	49	23	1	24	38	28	43	2	43	22	13
3	21	39	2	10	15	29	41	29	31	40	38	10	27	9	26	9	16	6	46
20	33	15	36	17	1	27	35	49	35	44	41	16	24	36	9	50	23	40	9
40	4	8	4	9	36	42	47	29	2	35	37	37	26	43	21	7	4	36	9
38	45	43	45	37	50	22	36	42	1	27	36	27	47	7	17	25	11	27	31
10	30	6	47	1	8	4	40	32	15	3	47	37	31	21	45	11	14	18	10
15	7	6	29	26	49	10	41	20	26	46	46	27	5	50	9	40	46	44	29
46	33	4	27	49	30	50	47	26	12	6	12	43	18	17	3	25	28	21	2
49	14	21	6	20	7	20	33	31	13	6	15	20	40	14	32	3	29	31	46
50	13	15	8	20	35	4	10	38	47	34	12	26	43	30	33	12	48	8	43
11	18	17	13	6	42	42	4	4	35	1	47	48	25	3	37	49	13	37	36
4	11	45	34	30	44	40	28	10	32	21	5	22	38	36	32	47	3	2	29
43	50	7	4	47	38	15	1	40	44	35	50	12	23	40	50	23	33	34	12
2	15	45	22	15	46	25	10	39	21	40	46	11	8	43	4	5	41	38	43
30	39	38	16	47	21	44	50	49	37	10	14	19	40	27	28	6	35	39	1
13	6	13	19	4	39	39	4	30	36	46	33	46	42	33	13	27	29	26	44
3	26	11	3	12	27	28	21	31	16	49	20	3	37	30	24	27	20	12	9
33	40	21	14	41	28	19	28	8	15	1	27	10	45	49	38	46	10	8	28
12	18	24	14	37	26	30	10	12	9	37	8	17	18	12	13	6	47	13	35
8	50	14	17	15	23	11	8	38	43	29	18	13	35	47	15	17	7	28	15
48	10	17	49	28	44	10	42	34	36	33	49	48	23	21	13	4	7	50	15
16	23	22	20	31	20	46	33	21	47	47	49	20	48	38	49	34	16	40	21
13	19	24	2	10	31	20	40	15	35	12	11	7	14	50	25	38	47	18	9
49	27	22	37	40	34	30	1	36	22	30	38	18	29	2	47	50	21	10	1
50	6	19	37	36	37	42	7	49	14	12	37	48	31	23	36	48	37	12	27
1	20	5	43	6	24	44	29	12	3	26	18	38	18	9	43	9	36	2	4
42	23	2	22	10	43	40	37	6	16	50	13	9	34	50	31	1	26	32	13
44	14	45	46	38	45	50	31	22	30	28	13	36	9	36	29	18	33	34	13
34	7	23	46	4	13	9	5	19	29	43	33	5	39	11	28	28	6	35	16
44	10	15	27	39	38	27	50	48	22	13	18	43	19	30	37	42	50	43	25
36	46	13	44	38	46	9	48	48	8	1	12	49	18	20	24	43	47	8	16
37	9	7	47	16	25	40	36	10	25	37	29	13	10	30	48	47	21	39	44
29	30	3	41	21	1	19	26	50	6	45	46	43	27	39	27	40	16	28	13
6	23	38	24	21	22	49	40	38	22	28	22	8	14	38	8	7	16	26	15
6	15	37	5	30	42	37	36	21	4	9	32	43	27	38	7	42	29	21	50
2	30	38	28	29	24	38	29	40	32	21	24	40	14	8	42	37	34	44	29
36	14	20	35	13	46	29	32	26	31	16	29	45	27	13	27	27	9	27	7
4	9	46	40	33	35	42	30	19	47	20	9	35	42	15	39	11	3	16	33
46	7	3	10	16	43	29	14	1	31	15	28	7	38	25	27	18	30	2	28
5	49	13	30	11	8	44	4	13	25	17	24	44	45	12	48	6	37	25	41
6	28	30	39	32	43	2	48	18	38	22	31	1	38	28	47	45	23	49	9
49	26	1	26	15	41	35	13	26	28	22	31	6	12	23	27	19	24	48	19
6	47	36	26	3	36	24	7	17	15	3	33	39	17	43	30	27	4	24	41
8	40	22	40	16	42	26	40	16	1	29	21	26	30	3	3	41	26	24	29
18	29	46	12	26	39	42	40	19	43	1	15	1	8	12	17	26	47	10	12
11	34	42	17	37	32	8	10	14	41	40	2	31	46	23	30	44	10	15	28
50	36	21	24	1	15	21	18	19	36	27	44	17	13	19	35	37	30	26	44
31	33	26	29	3	49	35	5	35	32	24	16	32	32	12	25	14	18	17	23
12	41	41	29	14	47	36	19	28	39	43	14	35	22	48	17	11	42	22	2
30	16	33	37	12	12	13	35	1	44	22	20	14	4	33	41	42	48	16	6
14	16	28	47	40	10	31	11	35	46	15	22	47	15	43	46	8	5	17	2
34	1	18	34	18	24	1	32	39	7	25	13	27	16	38	15	38	37	48	3
31	2	50	5	29	1	23	49	12	38	34	38	31	14	23	13	49	45	30	16
10	50	22	28	22	2	45	32	27	28	8	21	8	14	22	33	2	13	6	18
2	2	20	2	24	37	32	13	44	26	16	44	8	32	44	31	30	22	34	27
6	41	23	34	30	13	31	17	43	40	12	36	40	13	15	8	30	21	5	35
20	33	39	2	13	15	14	26	21	41	3	30	30	29	12	12	30	37	23	12
7	15	21	4	15	31	5	46	18	36	2	10	18	50	7	24	2	21	22	16
50	6	47	2	38	32	6	11	1	4	29	44	48	43	28	5	12	36	38	32
10	19	8	36	40	43	12	31	22	39	10	9	16	8	12	2	19	20	17	33
26	44	45	15	8	9	12	25	22	2	12	17	34	40	6	32	48	12	12	45
20	26	40	12	44	20	28	41	32	27	37	42	20	5	7	16	24	44	28	32
32	38	9	20	27	44	25	26	2	31	5	8	8	22	13	50	5	33	22	38
31	22	44	46	16	20	47	29	34	40	8	5	34	31	14	33	17	21	35	1
46	3	39	1	23	29	35	48	43	7	12	41	23	40	2	10	44	14	4	7
47	46	42	13	24	1	24	27	9	30	33	35	49	21	43	29	33	44	23	37
36	50	37	27	28	18	32	44	30	4	40	4	17	28	4	50	11	27	28	23
5	8	40	13	25	28	43	2	48	23	27	50	41	17	22	48	10	16	35	6
19	31	48	5	41	30	18	21	18	44	19	7	17	1	33	28	10	24	3	1
25	31	47	7	27	40	13	50	7	7	41	46	42	22	4	25	11	35	23	46
10	23	35	4	5	21	34	41	35	44	38	36	13	35	32	38	34	41	28	1
17	18	14	11	4	23	16	45	47	8	18	25	2	7	41	3	47	44	3	7
6	23	16	13	19	5	33	7	40	17	42	20	7	23	29	42	9	24	1	32
5	40	44	27	27	14	35	7	45	30	42	40	39	22	45	45	3	2	43	49
41	10	5	31	16	49	19	29	28	49	44	23	43	21	3	17	30	39	37	6
21	27	13	11	26	2	31	36	28	35	40	8	31	3	42	46	35	14	12	28
45	6	29	46	36	19	48	19	19	28	16	15	15	38	28	15	47	44	6	15
19	33	2	43	10	37	43	40	30	7	33	17	28	9	11	16	48	17	26	7
5	12	17	50	20	26	43	44	25	27	49	41	9	47	10	13	4	36	37	49
27	8	40	12	46	50	37	6	28	13	17	31	19	49	10	7	16	2	24	34
44	49	15	3	9	42	8	31	50	48	12	13	30	27	31	47	23	6	4	21
39	37	16	13	11	19	22	10	37	4	48	3	13	3	6	28	43	37	4	4
42	7	7	30	1	4	1	42	18	14	34	11	48	3	46	8	34	3	42	41
20	49	44	47	1	10	1	28	22	4	4	37	2	1	30	33	31	37	13	7
18	30	43	24	21	37	5	10	8	49	45	41	46	14	35	44	13	11	30	42
4	24	21	14	10	48	9	48	23	13	27	47	40	35	23	40	6	21	27	14
5	41	20	24	10	14	41	39	17	37	20	21	7	22	4	45	10	29	15	23
28	7	38	45	22	48	1	11	41	45	38	43	35	16	37	14	4	48	5	47
7	21	32	37	43	7	40	19	32	28	31	27	6	4	37	49	3	25	2	13
13	31	48	22	50	28	36	42	35	40	41	13	25	19	17	8	26	2	2	15
8	33	30	14	14	11	37	32	29	39	11	29	46	43	34	26	24	10	37	16
21	49	34	42	37	19	3	38	37	30	23	2	24	38	6	31	2	35	9	39
42	5	14	47	29	13	17	32	35	42	35	16	15	37	44	10	49	38	27	46
8	49	45	50	16	9	6	9	38	4	25	39	2	49	25	17	36	38	14	25
2	21	4	46	46	8	38	37	44	46	32	14	8	13	31	43	11	14	32	21
7	9	45	31	17	46	15	16	12	28	24	12	25	2	45	38	46	50	5	9
22	19	16	42	23	11	32	39	19	33	6	22	7	44	19	43	27	23	29	50
44	23	25	16	22	21	40	6	19	44	48	11	10	23	49	38	44	4	9	7
15	26	48	30	22	3	6	32	34	2	11	23	21	5	16	49	44	50	20	2
21	26	21	25	36	46	13	34	45	31	49	24	14	23	36	18	25	45	44	20
15	9	22	17	33	25	41	5	8	1	44	44	34	7	36	39	5	24	45	27
40	22	38	4	3	38	10	49	19	48	25	50	7	50	38	13	4	5	42	12
6	9	27	44	37	6	40	7	38	48	13	2	50	17	31	44	22	19	14	45
15	42	37	10	26	45	37	35	20	23	36	1	32	34	22	32	46	44	18	48
49	4	12	22	35	23	50	41	20	45	42	36	41	47	47	14	23	17	18	42
19	5	37	15	12	13	21	16	45	49	48	29	1	16	47	12	31	15	25	4
46	47	15	26	32	1	10	35	38	9	10	29	26	27	29	44	17	47	10	23
2	34	46	21	47	13	35	26	1	36	33	8	42	15	46	23	41	12	33	12
3	37	29	37	40	19	3	25	37	3	45	34	6	3	2	13	1	44	29	20
16	35	34	3	26	2	38	11	31	7	4	6	15	48	20	16	5	10	32	28
11	11	39	49	41	49	3	39	13	33	22	47	33	14	47	19	4	27	11	38
32	43	44	31	49	40	20	8	34	37	9	41	12	1	10	6	47	36	12	27
50	49	48	48	35	8	24	2	2	1	13	28	50	45	47	18	17	8	50	2
30	45	6	27	25	32	35	32	5	42	23	18	16	34	38	34	45	47	46	42
17	18	7	33	24	31	42	18	5	42	39	39	36	11	48	6	43	21	23	4
24	42	48	11	29	45	13	16	8	14	24	21	13	9	35	12	39	23	4	45
40	18	27	13	3	35	33	5	37	33	41	24	24	42	19	25	21	47	5	30
18	26	11	42	18	19	26	27	26	36	18	21	18	29	15	6	15	35	9	45
12	8	30	26	23	1	48	21	41	10	42	42	18	25	28	14	8	36	46	34
9	6	30	1	15	20	6	46	28	13	11	36	39	11	18	10	47	35	19	18
22	6	37	16	45	26	3	44	1	1	49	30	40	25	36	7	29	30	11	3
45	3	43	29	50	6	4	8	8	19	18	23	17	29	13	4	20	14	6	40
18	13	45	28	14	31	47	14	25	11	31	17	25	16	23	20	13	9	16	39
22	46	37	33	34	27	13	11	13	33	37	16	24	21	36	33	8	16	15	20
9	40	33	47	38	1	48	1	6	43	41	11	48	17	18	22	27	12	44	37
19	36	2	43	24	16	44	5	31	40	12	47	44	47	31	33	13	40	46	33
30	12	6	20	42	27	18	7	4	14	7	46	22	29	1	23	39	41	23	23
8	44	21	16	32	44	18	1	37	36	10	37	17	12	8	7	31	32	1	48
48	37	1	17	34	16	26	16	46	8	44	22	18	23	26	37	42	40	39	49
9	18	20	19	4	21	30	11	21	45	43	8	41	25	26	21	43	4	33	16
19	2	5	30	42	39	19	44	36	21	16	42	43	3	39	31	17	33	13	14
37	15	45	2	15	37	31	43	48	6	44	38	8	24	30	8	13	41	27	16
2	36	26	1	30	2	15	39	36	46	4	10	42	19	29	5	8	4	15	6
8	26	47	31	27	28	35	20	23	32	18	27	7	48	12	2	40	45	23	14
22	42	8	3	2	35	47	39	46	25	1	9	27	21	8	26	40	45	24	2
18	46	16	4	28	28	4	44	8	27	16	13	32	1	35	17	19	44	30	43
32	46	25	49	32	9	50	37	40	37	13	45	22	21	47	27	27	4	26	24
32	3	32	19	10	38	28	26	36	42	7	46	16	31	21	22	21	18	23	19
28	17	5	21	15	21	41	11	4	8	40	16	18	6	12	29	15	6	39	44
32	24	1	49	30	17	30	42	1	26	6	9	31	8	46	15	49	11	5	40
47	18	22	29	2	42	29	10	19	43	7	16	30	29	38	5	17	7	42	48
41	50	11	29	2	32	35	11	10	48	30	5	1	49	47	15	2	23	47	38
39	20	23	9	19	41	29	3	20	42	49	43	19	8	50	48	7	44	27	20
7	18	50	22	13	3	15	31	32	24	3	44	10	4	9	21	28	3	11	12
3	33	41	19	49	38	37	44	50	50	8	9	46	27	32	21	21	1	46	17
26	49	21	47	40	5	34	15	49	29	21	5	34	15	18	25	27	32	24	26
16	22	32	32	16	44	49	34	23	39	1	27	7	44	37	5	12	45	30	44
5	22	46	21	30	3	26	31	10	8	45	39	28	21	1	4	17	40	31	46
7	50	43	11	29	44	49	40	29	13	13	33	3	30	21	45	27	11	3	13
19	18	24	16	44	12	49	36	44	34	38	23	14	34	38	5	30	35	43	36
5	36	3	47	45	12	37	49	50	7	28	7	37	19	28	39	27	27	17	17
46	13	47	45	26	41	20	19	42	17	15	42	18	18	8	33	15	28	21	33
26	1	36	37	6	32	37	46	7	50	29	3	19	27	41	43	40	8	22	5
42	18	7	34	42	36	39	20	11	45	24	49	7	34	42	45	28	10	39	44
5	25	12	43	39	12	24	42	28	16	43	7	6	16	41	8	44	3	46	21
43	17	35	12	26	30	47	35	36	46	15	30	19	28	1	18	6	14	45	30
13	48	43	45	2	17	43	41	44	34	1	26	15	19	2	38	40	1	18	9
16	39	7	32	1	14	38	29	16	24	2	31	8	16	8	46	25	41	10	9
37	6	42	2	45	40	16	1	27	14	28	6	47	36	14	24	41	11	44	39
29	15	26	20	32	21	18	49	11	7	13	50	41	9	23	11	48	5	38	12
48	38	3	3	46	46	34	22	2	35	5	15	48	22	30	23	30	22	20	24
23	17	40	21	1	29	16	38	14	4	27	37	23	33	42	42	13	24	25	37
38	47	47	27	2	48	2	20	30	50	32	27	35	14	39	31	48	33	2	18
30	46	8	49	8	19	43	15	30	39	11	7	48	34	37	26	20	14	19	4
27	47	9	14	23	50	2	9	44	11	44	31	22	7	7	42	39	49	19	34
6	37	40	41	40	25	30	1	28	14	12	35	14	49	41	34	37	44	27	8
17	34	22	20	45	30	35	41	28	45	38	22	45	35	48	40	8	19	25	48
21	1	31	31	50	10	17	24	16	24	6	45	22	12	17	22	16	20	47	10
