10	50
5	34	46	33	38	3	10	28	9	45
49	44	11	5	47	33	5	43	11	39
34	8	12	25	32	3	47	28	20	31
3	22	48	35	9	22	27	20	12	36
49	23	16	10	35	45	27	2	17	32
44	37	21	20	39	48	22	22	1	36
6	32	8	29	42	28	46	27	46	26
6	36	32	26	41	11	43	3	40	37
26	45	12	39	38	17	2	28	46	11
50	6	19	26	30	17	15	37	18	8
49	1	6	42	26	8	6	45	30	28
6	20	32	14	10	11	21	19	42	26
27	19	31	35	26	50	18	6	47	24
47	6	35	33	39	26	39	21	13	30
11	7	48	18	6	31	25	5	17	19
47	47	46	43	32	31	20	22	16	26
41	50	49	6	32	1	35	50	26	35
23	50	6	12	15	21	21	14	30	46
26	14	40	28	28	50	11	43	2	9
6	18	6	37	40	11	8	42	36	5
46	26	29	32	47	48	41	34	29	12
10	7	42	20	1	27	11	21	29	32
41	43	48	18	29	5	45	20	23	4
13	29	28	25	1	1	35	8	32	31
10	27	14	41	49	50	26	36	37	13
1	37	14	5	15	3	28	12	4	42
3	22	12	25	49	31	30	18	20	50
43	3	40	49	23	14	29	8	19	29
29	9	33	10	3	27	16	24	11	48
23	24	5	41	28	39	16	39	42	18
21	9	16	37	21	48	48	15	32	1
24	20	43	25	14	44	39	2	22	22
16	7	8	22	28	19	49	49	22	34
49	40	16	2	9	21	44	47	40	6
30	1	42	10	25	4	31	31	28	34
1	14	17	21	3	15	2	44	10	2
49	49	44	49	3	34	5	42	16	43
1	43	13	17	43	15	15	49	48	24
38	19	22	38	34	35	24	46	49	44
20	50	37	38	7	32	8	43	8	41
50	40	15	35	33	8	2	1	29	38
50	4	47	36	14	31	27	6	16	18
11	9	43	23	24	2	6	25	10	12
8	23	41	7	25	49	5	38	6	26
34	23	18	12	45	17	4	1	24	27
5	3	28	40	31	41	47	43	11	32
3	27	42	18	31	28	13	40	11	16
27	40	1	40	35	39	42	32	28	8
48	5	2	33	7	5	45	2	27	35
2	13	27	24	23	7	32	1	32	17
