20	50
29	10	12	36	10	20	4	40	41	7	14	27	5	8	48	10	36	30	42	30
25	42	45	17	19	4	31	3	20	18	18	19	9	35	14	22	48	20	12	29
31	41	5	5	47	13	46	29	17	9	36	25	47	19	37	37	15	45	18	6
39	1	21	24	40	45	18	21	45	27	13	16	18	13	49	35	37	41	20	6
9	2	37	11	32	44	23	40	49	27	8	3	3	6	41	31	21	32	15	3
46	26	35	41	47	21	7	34	21	3	1	25	26	13	48	37	15	10	42	46
22	29	23	18	19	10	13	13	23	19	14	5	26	18	11	34	18	46	15	12
38	40	20	46	26	33	27	41	9	4	16	12	40	20	31	17	4	17	22	37
8	45	12	2	39	46	49	8	3	15	20	20	46	31	9	33	9	27	43	37
34	23	4	19	3	3	15	7	38	44	31	1	24	28	4	44	28	19	8	30
35	20	39	45	34	47	16	9	11	49	9	28	25	36	4	36	41	43	49	37
31	42	21	9	34	19	46	18	28	16	5	41	19	13	2	14	35	10	36	7
37	6	47	39	35	4	27	38	25	19	3	36	20	21	49	43	49	30	11	16
1	49	32	45	44	18	9	12	35	40	1	31	8	43	1	26	46	32	24	31
43	9	44	9	13	20	22	48	15	9	16	5	50	20	7	38	25	2	46	18
45	15	4	35	18	22	28	27	21	24	48	17	6	30	24	42	5	24	33	24
47	11	48	26	25	47	32	38	37	13	1	44	36	7	36	28	6	9	41	41
42	45	28	41	12	49	50	20	47	15	34	1	20	23	21	35	18	28	11	22
41	41	41	9	23	4	32	49	44	46	37	46	33	42	32	3	33	7	14	27
48	12	42	22	30	1	25	14	36	2	10	28	49	20	1	2	4	19	18	9
18	1	27	1	28	38	19	29	41	19	2	11	15	34	25	29	49	19	30	23
30	18	14	43	37	10	48	14	41	30	49	14	39	6	9	48	36	41	44	42
32	46	23	18	50	49	14	15	46	23	3	35	40	46	30	50	37	34	15	19
41	6	38	12	21	38	23	10	25	28	43	9	26	38	41	34	45	47	44	38
47	33	19	18	27	14	25	44	27	10	11	3	26	26	2	27	8	12	47	12
27	4	40	18	31	45	10	3	5	46	5	41	41	28	23	9	38	21	35	7
14	30	33	16	17	41	34	50	36	14	26	34	50	32	12	43	43	1	38	33
4	22	39	31	5	20	12	49	3	44	40	38	28	40	49	48	22	25	1	40
11	10	17	42	21	22	42	10	16	31	16	37	33	2	3	42	41	3	11	48
29	35	48	43	25	38	6	10	34	14	21	18	50	48	22	45	5	48	10	34
29	3	33	22	28	3	6	26	37	7	7	19	14	4	12	26	12	25	18	34
16	32	27	3	10	49	38	35	30	9	38	44	43	27	20	26	3	27	15	22
32	31	24	27	8	3	4	46	37	46	33	30	30	27	19	47	27	31	12	30
16	22	47	28	20	13	27	37	34	36	24	36	11	47	2	36	9	50	45	8
45	42	48	34	27	8	14	16	9	23	50	22	15	35	6	10	35	46	8	45
27	18	12	1	23	47	20	34	26	34	39	28	36	5	36	24	24	13	2	13
49	11	29	12	37	2	21	26	41	42	2	13	42	1	32	28	30	48	12	31
38	31	41	26	35	23	36	11	50	33	37	22	45	46	46	16	39	1	15	21
26	44	44	34	32	26	36	36	23	9	44	27	1	21	25	19	20	3	28	14
16	11	26	9	6	30	19	47	5	17	39	30	33	42	5	45	37	7	44	9
38	1	39	42	39	10	21	24	22	28	46	37	24	2	5	16	18	36	29	3
7	40	32	7	21	15	45	10	17	31	32	14	9	19	27	16	22	35	20	46
9	46	26	28	21	2	6	32	37	40	27	2	29	42	2	48	20	32	22	24
16	12	8	41	46	33	28	6	25	39	44	34	16	33	44	12	14	4	36	19
9	14	23	27	5	30	35	18	17	29	47	40	13	46	31	48	39	35	32	38
25	1	7	49	46	43	37	47	48	41	35	16	46	4	16	2	39	31	37	16
49	11	39	46	43	4	21	20	2	47	24	30	23	49	45	9	7	25	32	12
44	39	21	26	45	32	45	10	31	30	9	9	48	17	40	15	12	12	7	42
23	18	45	1	18	5	43	48	10	7	46	15	49	26	23	10	40	13	2	11
10	11	39	23	39	15	32	6	9	31	47	46	19	40	40	26	44	20	9	41
