20	200
30	12	30	43	36	29	6	21	2	22	9	39	35	30	42	18	17	29	17	2
12	44	21	16	23	22	31	2	11	41	20	46	44	3	5	36	1	42	12	8
34	17	26	6	30	19	21	30	9	19	3	35	21	3	34	36	41	14	21	14
49	5	11	11	3	14	45	33	25	6	17	26	17	9	18	46	19	16	36	5
2	2	43	42	39	36	26	42	19	19	45	37	22	48	10	30	6	16	3	17
25	39	5	3	3	28	18	12	35	39	18	26	29	16	13	47	12	19	23	18
39	3	14	6	11	30	4	20	49	39	40	3	13	20	31	13	48	41	40	11
18	14	7	31	2	20	9	6	36	13	18	38	43	36	29	22	26	49	43	23
25	49	13	47	49	15	14	9	36	1	50	22	30	13	50	25	47	33	5	42
21	48	34	36	21	3	10	28	42	10	38	49	48	17	37	20	1	11	32	37
7	50	21	36	14	47	8	31	36	4	26	43	44	1	2	27	15	28	26	47
5	36	18	27	13	1	24	13	26	30	24	36	2	18	36	22	28	49	23	25
45	30	42	38	35	46	6	48	15	10	6	24	36	36	33	21	33	44	23	13
24	46	5	7	31	40	41	27	16	31	50	16	5	2	2	26	44	31	43	18
46	27	48	17	24	1	1	17	36	15	40	34	27	10	1	50	25	36	8	45
5	29	32	35	11	40	19	35	34	7	27	2	2	6	18	48	48	39	33	30
40	25	41	2	42	16	40	46	1	3	2	9	24	48	13	17	45	14	7	35
32	17	33	29	38	38	33	21	43	4	2	36	4	28	6	31	38	31	44	46
1	24	34	32	6	19	29	4	43	1	3	35	33	49	49	24	42	13	14	4
33	19	4	47	1	16	5	47	43	33	29	15	20	11	34	9	33	2	23	20
10	30	29	42	2	17	4	6	29	32	39	26	17	40	14	32	20	37	31	41
14	33	11	11	22	39	15	22	15	41	41	40	40	45	45	3	41	13	46	34
12	50	18	12	44	4	48	31	48	3	39	46	22	33	6	27	19	19	20	14
3	32	42	39	41	49	37	23	45	11	41	8	41	47	29	14	15	50	17	19
41	35	25	12	2	45	19	7	39	18	35	23	43	33	32	31	9	30	21	46
17	26	37	38	13	32	6	25	5	42	13	20	3	2	23	19	8	30	38	46
30	30	34	27	27	18	16	9	16	49	6	36	29	21	2	15	48	37	50	21
40	45	3	47	6	15	21	42	11	14	23	30	42	25	16	38	42	10	12	45
16	47	9	7	37	27	41	32	50	8	21	21	30	17	7	36	28	37	22	12
48	25	49	2	26	27	44	5	6	15	24	39	26	6	5	43	36	46	10	29
24	40	42	3	44	3	50	25	19	31	10	5	39	50	47	42	49	8	32	11
33	37	26	35	35	32	45	25	13	14	50	32	27	43	38	9	33	46	9	24
27	19	36	26	6	19	1	27	9	13	44	29	15	50	46	38	14	7	18	12
8	25	13	6	32	28	29	46	12	39	9	4	49	8	34	15	1	1	30	17
32	19	16	50	20	21	18	28	47	1	46	26	28	47	16	2	7	31	44	28
41	5	15	21	4	41	31	7	16	32	37	13	28	2	31	40	10	13	36	11
11	1	50	11	44	34	26	3	43	33	8	21	8	3	27	27	4	46	47	29
41	11	13	16	15	33	49	27	17	27	43	44	46	33	18	40	6	4	28	21
16	29	15	34	24	17	6	25	25	4	36	15	17	7	21	50	39	35	47	11
35	50	36	16	40	14	26	25	36	38	22	50	18	26	14	12	47	30	42	49
28	24	2	14	41	29	28	39	12	18	2	22	8	17	36	16	43	49	44	10
42	32	40	38	32	36	47	41	44	9	4	10	43	49	34	12	48	23	25	12
37	37	13	18	36	50	43	2	40	48	20	48	36	32	7	47	34	14	32	6
33	38	45	4	14	43	29	9	34	25	19	21	24	33	24	5	19	23	3	33
44	45	1	46	40	7	24	11	42	37	28	34	42	20	29	50	43	10	5	44
21	34	18	15	30	50	24	4	9	3	28	12	12	50	13	38	37	50	14	7
19	19	18	47	48	35	29	5	4	25	13	10	18	9	12	10	28	36	16	41
34	20	3	39	10	16	23	43	8	42	13	43	46	48	25	3	17	22	18	46
21	20	50	34	41	18	44	4	38	3	11	1	34	24	24	49	16	29	37	32
13	37	47	13	12	20	15	21	35	9	44	7	19	21	20	14	21	19	49	42
22	19	5	5	31	13	9	23	24	26	38	38	35	36	33	34	23	38	22	21
4	24	20	30	10	4	32	13	4	11	29	47	31	46	11	44	33	42	32	50
11	42	47	9	21	6	23	34	39	37	42	33	47	28	39	49	50	25	46	28
31	47	19	14	47	41	8	40	26	40	2	31	6	23	11	12	28	11	9	4
32	49	25	18	19	46	50	3	7	12	44	8	47	5	20	15	24	34	12	30
49	34	8	50	36	11	28	25	18	27	22	40	16	42	46	32	22	2	45	1
42	5	33	14	46	44	34	2	3	46	39	44	49	29	6	49	42	26	32	9
19	25	35	31	41	5	43	6	10	39	43	22	39	11	39	44	2	45	4	43
27	27	23	23	39	28	41	37	36	48	40	47	20	37	33	17	20	3	23	42
2	29	42	14	3	17	6	39	41	12	48	48	22	40	32	43	3	13	43	14
14	6	20	13	49	47	3	3	29	22	24	49	22	13	42	49	35	9	20	22
23	3	47	25	50	43	25	31	5	40	15	8	11	9	28	46	9	30	16	6
15	3	10	19	38	49	26	10	49	34	9	44	44	21	42	12	9	46	13	7
23	23	49	39	8	17	39	13	35	46	41	5	44	14	8	21	43	28	37	2
18	15	32	22	32	21	15	40	18	16	38	14	18	10	34	43	4	22	12	21
10	13	26	4	44	4	1	30	14	22	20	32	9	12	40	8	41	28	7	37
3	50	45	19	9	27	38	35	31	15	17	21	17	16	42	5	40	29	28	29
21	35	27	47	47	6	5	6	21	26	2	27	16	25	19	11	19	7	45	17
17	16	50	49	5	50	15	44	20	35	19	12	50	29	16	18	23	49	23	3
23	32	15	5	13	40	6	42	48	32	36	33	34	12	13	6	36	28	42	48
42	11	37	36	7	41	27	38	10	1	38	20	35	43	44	35	2	45	36	16
44	24	46	39	49	36	29	38	16	11	33	46	8	26	12	13	46	29	49	23
13	19	32	48	45	17	49	42	19	28	4	42	43	27	4	18	15	49	37	21
13	40	22	50	18	43	13	9	32	31	40	23	47	14	3	26	42	49	44	33
38	38	20	38	8	41	4	31	22	44	48	48	43	28	11	24	47	33	30	3
5	40	10	38	39	31	46	29	25	28	27	17	5	4	34	25	21	34	42	28
39	32	38	39	34	42	30	19	3	29	29	9	20	42	29	48	28	32	49	27
46	25	7	44	17	32	43	40	44	36	4	14	41	3	14	23	3	22	5	47
1	27	27	46	50	18	47	13	26	36	48	39	35	16	33	15	25	44	22	3
50	41	25	17	25	16	18	18	29	7	45	7	28	2	26	19	48	12	45	49
35	31	14	8	39	16	29	26	21	49	48	10	50	2	48	11	2	10	21	35
1	30	35	20	41	42	11	33	41	14	17	14	49	23	18	19	27	18	29	10
38	43	47	30	9	36	7	26	5	16	17	39	41	11	49	5	47	45	18	47
5	46	36	7	32	34	11	28	35	29	34	35	31	11	47	8	34	5	11	6
36	36	29	25	48	29	24	39	25	14	23	32	50	33	6	42	8	41	48	25
25	30	42	26	33	32	8	30	14	42	22	42	35	12	12	20	17	11	10	4
11	23	4	21	7	2	35	49	6	5	1	43	7	36	32	6	44	4	43	16
22	44	25	33	43	31	48	39	21	37	26	47	32	45	15	2	27	21	19	31
48	9	25	9	41	29	35	49	31	6	26	13	18	45	32	17	49	21	29	26
4	47	29	20	30	4	12	13	22	30	30	24	35	12	19	14	20	16	43	14
46	50	8	15	11	13	29	38	13	48	4	7	42	44	28	1	30	5	30	38
18	23	28	2	27	3	29	7	26	19	48	33	28	16	30	5	39	14	10	17
25	24	1	24	26	24	32	42	35	18	34	16	37	5	46	24	22	7	39	9
35	23	12	44	1	22	29	27	14	23	12	17	46	13	13	44	23	4	26	3
21	38	22	9	36	33	47	23	21	7	33	33	25	1	33	2	13	7	24	5
46	5	28	13	6	18	20	24	43	2	2	19	31	37	38	47	2	4	9	18
25	6	7	8	41	30	42	45	31	11	32	16	31	22	8	17	11	9	3	18
13	24	31	19	5	15	2	39	14	36	1	10	49	6	30	40	49	20	22	27
27	25	43	32	20	36	38	9	29	22	37	43	1	41	5	2	25	38	3	27
28	3	32	45	11	23	18	25	43	18	18	41	37	27	42	38	31	49	49	20
27	43	11	42	49	8	9	8	1	28	16	12	17	46	49	24	44	49	22	48
18	14	17	11	4	47	7	25	49	18	22	26	39	34	50	35	43	41	46	4
15	11	24	15	3	7	25	42	28	19	45	32	28	2	3	14	27	50	38	3
2	34	9	34	7	40	23	34	46	15	32	3	3	18	34	8	40	3	9	48
22	15	48	31	23	40	48	37	32	37	9	43	3	43	3	31	2	41	9	13
35	42	46	14	37	43	29	11	19	45	24	24	41	41	31	37	37	29	12	17
43	36	2	10	6	39	1	11	16	4	6	49	44	47	14	31	20	35	45	31
11	38	19	37	13	35	3	12	12	17	44	23	29	43	21	49	40	37	8	48
42	19	45	16	39	25	30	45	28	1	17	3	35	32	6	5	17	16	47	21
37	39	49	50	10	33	21	2	26	15	42	34	27	47	39	42	43	4	48	38
5	8	35	12	50	42	39	48	37	16	32	25	40	38	11	3	21	46	6	6
5	29	19	13	9	34	27	38	44	14	12	14	18	9	16	30	5	37	1	18
45	24	15	10	34	18	44	40	37	36	22	48	48	42	34	27	39	22	3	17
16	2	5	24	4	19	7	32	22	31	49	35	46	39	12	32	14	10	30	42
40	37	2	8	43	15	16	27	26	40	41	33	34	34	3	43	20	42	6	15
11	13	18	6	38	38	2	10	30	2	14	30	43	12	27	29	1	48	31	40
3	30	7	32	41	16	1	12	36	19	13	22	4	15	31	28	20	46	20	6
13	7	47	24	27	12	41	23	8	24	43	23	12	17	13	32	7	36	16	23
37	41	24	11	40	42	26	28	31	50	10	5	28	26	27	47	34	33	6	29
25	29	5	13	27	41	11	38	3	50	21	34	31	47	19	23	33	36	34	35
36	14	42	8	15	39	45	36	41	16	48	24	31	37	49	9	36	12	35	50
32	39	25	32	29	27	24	32	8	4	14	48	49	22	43	11	37	47	48	38
46	26	47	37	2	48	3	44	49	11	37	22	1	35	3	48	39	11	30	39
15	13	29	37	3	1	26	9	45	38	22	40	15	48	4	7	42	39	30	32
24	31	34	48	17	43	47	15	19	46	23	27	17	10	24	34	47	11	35	2
22	45	50	11	39	48	8	4	31	47	6	1	31	49	15	35	30	32	20	10
4	12	40	49	16	45	23	5	25	21	10	32	4	28	10	29	31	23	9	20
36	43	34	23	41	22	46	19	45	39	4	16	41	25	48	11	5	1	46	44
26	3	30	11	38	24	47	4	40	36	4	7	23	1	25	12	29	18	9	44
50	4	11	36	17	44	41	30	31	49	25	31	28	15	45	33	13	23	35	17
26	43	30	9	36	48	43	41	1	37	33	37	42	2	45	22	43	45	44	44
34	18	23	41	12	24	29	8	7	42	49	6	33	43	19	7	25	2	50	20
1	1	29	45	17	38	39	26	21	23	41	19	30	42	33	8	20	39	47	13
19	36	34	9	38	28	4	50	34	38	47	42	45	25	43	34	39	29	25	25
35	4	37	34	1	31	27	42	10	11	38	36	5	38	1	16	17	20	7	40
34	39	43	34	27	50	24	5	50	50	19	42	15	23	28	16	49	1	9	8
2	13	41	23	1	11	37	8	25	27	17	19	23	36	41	46	12	4	8	2
7	22	42	10	42	46	22	32	10	35	18	17	12	49	39	21	49	20	34	16
13	17	31	24	33	1	20	30	32	32	5	45	43	7	2	30	22	31	31	5
40	5	48	40	10	1	7	24	48	21	48	42	21	43	39	41	41	19	28	42
27	42	1	28	31	23	24	6	48	9	50	19	39	30	26	8	19	41	14	32
44	46	33	12	35	13	25	1	18	11	39	3	4	40	28	49	5	20	10	37
28	2	26	39	21	30	3	42	17	31	22	1	5	46	49	32	10	39	44	18
48	23	38	37	20	47	16	50	2	28	4	49	32	27	5	43	20	44	42	6
11	34	34	37	40	39	49	8	42	47	39	17	27	43	40	5	14	40	19	25
15	4	40	40	28	23	19	28	41	6	12	16	48	38	8	14	40	1	48	32
49	8	9	5	39	37	23	40	38	50	29	31	25	17	42	7	45	44	9	17
20	21	17	36	36	24	20	40	35	26	16	13	43	38	27	7	45	35	1	42
1	30	41	42	28	32	41	31	47	1	20	46	43	31	12	28	41	24	20	16
18	33	5	12	35	17	39	38	41	35	13	10	44	18	17	41	31	26	9	5
33	40	43	35	6	20	21	12	27	49	17	21	16	36	25	18	26	29	7	12
43	4	40	12	38	11	3	25	14	22	48	15	16	16	33	28	40	21	6	15
46	27	12	43	18	42	44	8	44	49	15	3	20	47	12	29	50	32	47	46
18	47	49	5	2	3	6	50	3	47	28	5	23	42	16	17	43	47	45	47
17	45	31	15	7	45	46	19	5	5	29	9	24	11	48	50	29	7	42	16
36	45	6	48	22	10	31	28	32	45	37	3	37	50	30	23	16	34	48	7
8	38	46	49	19	19	32	12	45	17	39	37	6	30	11	23	40	34	44	47
15	18	38	10	18	26	23	25	32	26	35	45	9	35	8	49	49	7	30	3
29	19	34	15	7	1	48	8	40	7	33	32	40	2	42	40	1	37	31	43
47	8	31	20	33	44	28	22	22	13	24	34	5	42	18	47	35	23	3	18
29	15	35	25	43	3	6	8	43	19	49	12	26	37	6	22	38	15	33	14
24	26	37	28	34	50	27	48	34	46	6	29	35	14	15	33	23	7	27	30
38	20	29	3	14	12	8	19	37	47	9	21	40	39	45	3	29	8	42	43
26	8	25	48	14	21	28	13	22	24	50	32	38	4	26	4	48	34	14	22
43	9	12	38	38	35	39	46	20	13	5	15	16	34	4	30	46	31	40	44
35	45	47	14	47	27	34	36	14	42	5	45	45	20	1	18	47	38	10	29
32	33	44	10	20	36	17	4	50	46	8	17	45	21	37	48	12	48	41	11
2	3	33	29	8	10	20	46	34	37	34	9	22	11	12	3	2	38	45	12
10	30	37	18	34	38	1	25	34	3	6	49	47	49	27	29	1	16	2	10
16	22	20	14	13	50	46	34	9	35	47	25	4	30	2	22	17	15	45	21
10	46	13	32	31	35	12	23	34	33	3	36	36	35	47	39	11	23	6	34
42	17	16	49	6	32	46	18	48	6	13	36	21	32	1	20	10	39	33	28
38	24	50	26	32	12	39	19	34	13	12	44	9	12	29	43	30	14	26	50
40	45	25	29	21	17	15	5	35	27	30	22	41	28	46	19	18	41	17	45
43	27	35	36	44	20	27	10	3	9	41	46	13	34	39	44	49	21	6	16
47	35	35	7	33	40	4	32	16	11	25	40	47	32	7	13	10	40	36	2
41	6	2	26	36	35	10	7	40	2	20	47	35	2	48	9	42	28	4	4
16	46	45	43	34	2	50	32	28	26	35	10	36	5	26	42	33	10	22	49
31	48	42	14	41	29	5	45	35	49	22	33	37	32	36	45	12	10	43	35
35	29	30	14	18	11	11	30	27	7	26	33	7	5	23	19	4	31	2	6
47	5	47	29	5	2	24	5	20	31	30	24	17	37	14	3	18	29	46	31
19	25	18	28	23	39	26	32	9	17	42	31	8	38	39	30	32	1	10	16
38	7	11	47	27	3	16	20	41	21	1	26	36	22	37	22	38	20	6	17
27	42	46	3	39	50	16	30	49	34	22	18	20	30	43	12	15	22	2	21
23	7	41	39	16	17	46	36	1	17	43	12	45	44	40	46	11	9	8	28
37	36	21	7	49	34	7	6	30	25	8	17	19	36	44	20	1	8	37	23
5	31	30	33	42	10	23	26	40	48	2	7	14	24	34	37	37	34	40	33
11	40	7	26	10	27	44	10	50	21	46	3	22	35	23	7	7	39	16	40
12	31	16	33	24	1	3	45	3	8	34	17	19	5	13	15	24	5	23	15
17	14	27	20	2	50	35	29	2	27	31	48	19	1	22	31	25	25	2	9
24	49	7	43	37	29	35	18	23	9	33	2	16	1	23	48	4	46	31	25
16	25	44	26	27	36	49	19	33	33	40	50	3	14	42	18	7	35	33	24
16	18	7	43	45	29	32	18	28	24	27	29	45	28	44	50	6	32	16	2
30	16	35	40	19	33	50	3	10	6	42	20	14	7	9	49	19	2	31	49
4	31	41	9	7	12	6	25	21	43	13	25	20	32	45	50	34	17	24	12
30	30	9	23	33	8	16	38	19	46	32	5	1	17	48	49	25	26	34	8
28	25	32	18	44	17	50	32	13	10	16	2	28	20	20	25	23	19	27	49
47	19	6	26	11	8	24	3	34	46	25	8	33	16	34	5	49	41	30	17
8	34	26	10	31	30	27	32	48	24	27	7	50	36	12	10	19	7	7	36
43	48	49	18	35	8	19	13	36	15	27	32	40	10	41	13	43	47	46	32
