20	100
29	88	69	32	30	96	44	57	13	29	76	99	21	31	53	27	79	64	11	86
88	52	24	33	77	19	78	98	46	96	44	19	91	75	38	7	81	68	84	82
19	7	92	7	42	68	21	65	50	6	50	91	1	23	90	77	65	36	56	12
19	46	12	17	85	58	9	46	93	46	47	12	81	30	68	81	61	17	92	10
99	14	48	40	47	53	18	68	86	61	43	45	12	72	64	73	96	75	22	85
59	75	72	5	60	39	11	71	55	9	17	48	45	46	14	5	98	72	71	33
40	41	61	32	3	2	100	9	67	96	86	86	96	7	52	24	42	44	81	8
42	47	14	77	45	96	100	67	58	59	75	24	5	90	45	19	14	40	2	58
40	3	5	60	24	32	53	39	95	90	64	54	91	63	91	94	28	84	88	8
2	33	52	9	21	62	82	6	63	33	11	3	43	24	69	40	43	54	54	14
43	62	72	68	95	21	34	42	99	52	91	30	53	94	56	7	51	96	39	62
50	47	76	62	80	62	12	68	95	51	52	74	31	75	65	41	61	84	14	100
29	41	7	12	43	82	51	50	68	63	89	47	15	92	64	97	86	11	89	34
10	66	47	48	1	18	100	78	29	16	46	68	82	39	34	10	40	65	20	99
11	63	1	33	63	5	59	39	11	69	55	51	95	80	91	64	94	59	12	26
82	73	21	53	17	21	65	76	59	55	57	21	92	91	23	48	66	15	86	96
59	61	68	61	61	96	74	3	49	71	16	81	54	95	17	39	43	48	17	42
40	83	81	56	12	34	60	4	57	44	98	80	74	16	67	22	5	60	92	21
48	63	28	88	40	77	67	98	75	85	6	18	99	45	57	76	81	13	49	27
37	70	46	5	73	37	8	39	28	96	35	83	56	96	94	77	56	94	17	36
67	63	30	73	39	80	81	29	59	92	42	93	12	65	85	78	18	23	15	3
69	29	70	80	51	24	63	4	51	80	21	87	96	14	61	75	41	73	67	93
56	79	80	37	55	42	71	91	11	17	60	33	79	14	67	39	93	51	23	16
18	78	78	80	71	55	97	98	5	11	37	45	57	22	47	91	49	34	25	9
53	72	93	34	21	89	9	82	48	22	82	91	51	52	75	79	1	1	66	100
45	74	86	1	81	15	77	57	68	77	90	60	26	14	64	47	85	45	59	83
47	15	50	84	29	47	94	5	47	69	90	48	68	26	64	79	86	93	54	7
12	52	15	72	32	23	66	38	88	29	95	57	43	84	54	30	24	3	72	34
21	72	11	99	87	43	93	1	50	85	61	92	91	53	71	95	1	79	52	7
82	57	17	19	75	33	6	85	72	34	55	84	22	21	86	41	42	16	85	90
31	65	88	4	69	3	67	91	13	60	30	46	51	65	53	65	55	93	25	55
37	9	29	17	31	78	71	71	68	31	54	85	94	63	77	17	70	14	50	72
66	16	72	13	5	9	34	57	68	21	87	50	91	30	53	22	37	72	73	92
33	97	24	83	6	46	53	88	89	37	96	41	43	54	90	22	37	17	12	22
45	14	3	47	45	5	94	64	10	55	80	99	42	59	40	69	93	90	7	59
57	46	69	31	26	46	8	38	41	32	86	20	60	52	48	19	94	77	39	2
52	89	79	34	57	98	100	84	15	21	30	48	10	54	66	99	46	73	21	99
98	57	24	79	70	61	39	91	12	21	75	16	52	6	8	68	67	35	75	29
47	24	23	20	2	39	10	7	86	49	74	22	56	40	4	95	66	100	65	97
59	10	72	94	46	14	96	5	46	98	33	12	99	93	52	74	34	4	77	32
51	33	5	64	48	54	60	12	2	14	3	68	71	78	71	38	52	30	75	89
43	6	61	89	16	63	24	64	88	31	62	63	24	34	46	26	5	9	47	93
54	85	3	33	96	66	42	21	23	15	22	5	29	89	89	46	72	17	48	86
30	97	24	72	52	41	44	37	33	45	33	44	83	83	35	59	3	29	94	51
22	4	42	73	9	57	34	35	45	1	54	89	61	62	64	58	61	32	81	55
22	5	88	78	83	78	22	47	55	31	43	44	24	97	65	26	56	52	63	96
8	10	93	32	92	44	84	22	20	77	98	72	49	39	30	17	16	65	91	31
36	87	81	14	59	11	66	64	97	38	2	10	70	85	48	12	12	57	86	39
95	100	28	78	34	71	95	85	68	48	11	92	61	32	61	21	30	80	74	81
78	20	25	82	75	89	3	64	91	18	6	60	79	52	37	36	60	3	81	88
16	81	97	50	28	11	49	38	25	28	83	33	83	5	61	76	76	46	3	45
69	32	95	50	43	51	13	10	96	26	62	27	99	87	66	98	23	76	55	65
41	65	39	64	36	73	78	74	91	61	61	14	100	36	19	84	87	48	8	77
99	40	43	100	66	56	34	96	40	64	54	1	91	39	5	5	94	31	14	70
74	40	19	35	66	48	27	64	69	82	11	76	68	78	67	1	22	40	98	80
39	82	34	27	8	61	23	62	32	14	91	56	34	38	4	59	21	8	35	19
29	71	28	59	53	78	33	13	73	4	84	54	34	35	32	92	6	93	28	6
26	66	32	55	91	56	43	30	75	8	81	14	5	80	51	68	55	76	74	30
28	10	89	28	31	37	22	99	7	13	54	29	81	30	94	64	39	74	68	98
36	3	39	66	23	71	50	55	84	64	38	31	19	98	78	16	77	5	25	54
34	44	24	62	55	53	33	76	87	88	30	81	8	77	95	25	71	24	5	61
88	68	16	44	76	24	10	83	52	78	87	35	50	15	65	92	80	77	11	71
38	75	69	96	35	57	23	43	3	54	45	54	100	64	67	66	28	80	87	32
43	50	24	9	2	95	32	94	12	4	45	94	13	35	23	14	100	21	10	20
1	68	80	99	33	33	36	86	49	99	64	100	91	80	28	88	51	60	94	40
25	30	31	100	9	51	41	65	41	53	67	8	71	68	31	75	71	25	76	69
60	47	46	14	40	45	4	33	7	36	63	40	27	70	96	72	38	81	91	83
93	71	45	96	32	56	30	24	49	54	18	27	84	25	81	78	84	17	61	64
48	8	58	6	91	27	82	2	73	60	38	90	35	94	77	89	3	51	82	84
16	80	85	54	19	36	57	2	90	18	88	21	20	27	35	85	13	40	5	6
75	28	52	90	17	28	93	90	49	92	76	34	36	78	48	68	24	5	87	55
71	81	13	55	72	17	71	8	60	93	77	63	46	77	10	89	29	95	38	92
44	67	54	98	42	55	86	43	79	68	61	9	53	51	36	95	16	97	19	1
57	85	31	56	16	13	88	60	69	60	40	30	68	96	11	4	28	16	14	17
31	29	29	92	32	68	11	96	41	15	73	32	76	38	35	60	36	98	82	29
67	27	74	19	28	32	42	57	40	32	67	1	84	2	70	29	56	39	25	48
3	93	19	54	88	8	54	30	62	52	68	31	34	85	50	5	55	10	64	1
27	54	56	10	49	73	49	75	68	7	4	98	73	34	27	75	9	21	32	21
79	12	96	89	64	37	67	99	52	66	74	46	75	25	22	49	38	10	6	15
59	80	63	56	48	71	58	100	59	76	97	35	78	44	23	16	59	68	46	12
6	50	23	3	34	58	23	49	13	78	37	99	16	18	62	99	50	41	41	94
79	67	41	77	70	39	68	32	3	6	91	71	64	94	9	9	57	60	22	90
48	10	88	82	39	98	20	61	82	24	67	19	27	52	33	39	10	47	34	95
90	92	47	7	88	67	35	22	9	54	42	90	19	51	46	70	80	60	38	73
20	8	50	79	40	72	44	13	62	70	100	11	27	28	1	57	64	81	94	72
63	98	52	29	82	78	1	76	6	63	60	51	9	62	76	83	42	68	68	16
23	23	61	39	54	32	63	91	51	90	7	100	66	66	10	22	56	22	98	63
72	69	7	99	11	49	3	66	53	18	16	96	13	79	50	40	38	14	75	51
15	10	25	17	57	60	86	43	52	54	28	20	70	6	45	55	16	63	29	6
29	97	39	34	75	11	87	88	17	70	85	43	48	48	48	62	44	91	42	51
64	60	15	99	91	96	26	8	34	95	25	75	85	70	22	18	72	92	42	46
74	98	26	82	70	85	73	23	58	84	11	26	21	78	42	69	83	40	43	79
85	80	55	22	46	10	58	78	26	31	90	53	49	97	78	66	34	33	30	6
24	4	50	50	85	99	55	7	28	53	35	32	50	64	61	94	44	4	36	60
28	95	97	28	95	59	77	25	1	77	36	50	11	37	56	82	31	5	38	47
56	51	51	73	96	59	4	86	36	84	22	30	97	70	79	29	7	22	56	26
23	31	7	51	18	86	21	13	8	80	64	40	67	90	5	77	45	25	33	36
56	92	89	18	56	6	54	42	59	28	75	9	49	12	25	26	45	100	56	11
38	92	78	57	20	83	64	8	66	2	84	83	90	20	71	32	43	90	96	13
32	80	54	81	5	56	91	55	65	80	33	45	69	23	99	64	15	32	98	73
