5	100
12	38	4	2	40
50	29	14	15	40
40	35	24	42	22
22	37	34	47	4
5	32	20	2	21
26	4	36	49	25
49	15	45	28	49
12	32	10	24	6
33	21	4	37	45
8	1	23	44	7
20	17	32	47	47
30	18	2	32	15
47	43	16	41	41
26	41	46	44	11
41	27	11	41	21
35	28	34	7	13
25	31	43	42	6
33	33	48	32	19
44	30	29	9	10
41	6	14	46	20
18	6	30	34	17
43	6	42	26	13
3	35	45	19	40
16	50	24	36	9
44	43	15	25	17
11	49	2	32	31
30	14	38	38	45
20	2	10	26	13
27	42	22	19	17
9	36	10	20	45
41	32	29	38	26
26	41	5	17	6
45	5	11	46	34
39	48	7	24	21
15	41	49	23	33
3	22	47	8	8
26	39	33	37	41
48	36	1	13	20
29	47	44	21	19
22	32	27	36	29
12	29	36	49	30
50	34	6	5	23
5	45	47	9	30
6	22	24	5	36
3	48	45	5	42
18	48	28	5	11
22	45	11	30	47
48	3	35	8	41
15	31	46	40	16
35	50	35	41	13
1	9	22	50	26
15	34	32	7	13
3	6	1	45	2
10	34	18	12	33
3	38	17	14	22
23	2	6	40	8
18	13	38	42	11
14	23	12	4	32
14	22	28	45	39
9	30	1	38	6
1	33	24	8	11
13	42	8	28	4
13	29	43	49	45
41	18	9	35	39
37	23	14	31	19
32	11	22	26	13
43	1	18	34	8
36	40	31	32	48
22	16	34	1	20
36	30	29	50	48
42	21	17	50	20
29	20	43	39	29
3	21	33	16	11
12	12	9	42	10
2	38	27	37	17
22	39	13	12	34
2	32	22	28	21
23	34	18	15	29
16	47	42	4	46
2	33	18	41	8
25	22	37	40	47
5	44	31	34	49
41	7	32	5	28
21	49	5	45	39
28	44	45	14	45
5	46	24	41	16
39	21	23	4	10
31	45	32	32	17
29	4	35	17	39
10	15	37	26	26
3	29	24	3	30
31	27	24	46	43
9	21	41	18	10
20	35	28	46	48
26	17	24	29	10
25	10	29	25	35
41	9	49	16	14
11	48	21	25	30
4	22	36	40	8
9	14	17	7	20
