10 100
47 53 40 80 17 69 57 68 63 90 
80  9 25 38 13 89 67 63 85  7 
11 98 65 72 49 95 29 52 87 13 
16 100 56 27 16 17 75 14 76 35 
86 74 19  3 22 51 62 43 12 96 
 1 34 64 58 71 85 30 23 90 19 
 1 34 77 48 11 55 50 72 54  2 
19 43 14 45 26 95 31 41 27 49 
32 33 56 87 84 78 49 90 33 19 
32 83 53 18 78 39 24 69  2 61 
89 67 21 38 49  1  2  4 28 75 
15 53 39 95 81 92 95 12 74 60 
62 51 100 80 92 73 23 65 37 11 
26 80 98  8 99 71 23 14 76 100 
72 53 62 27 98 99 54 12 37 46 
55 24 65 25 52 65 41  3 100 26 
19 50 28  9 87 30 69  5 72 72 
28 60 77 24 18 53 49 81  5 12 
44  5 37 18 99 96  7 14 62 77 
78 67 24 97 78 22 61 67 35 72 
35 24 12 95 12 37 78  6 89 54 
45 66 21 86 28 72 67 75  3 92 
 1 21 11 78 38 25 32 26 39 58 
44  1 18 49 54 28 46 48 38 38 
64 57 61 97 79 65 92 51 80 50 
47 80 83  6 95 81 54 36  1 15 
32  4 72 45 94 92 99 89 95 41 
64 89 61 40 88 84 27 13 96 30 
83  2 30 62 32 65 35 71 84 61 
19  8 70 31 14 81 28 26 87 24 
 3 27  6 78 35 59 21 21 56 74 
98 91 49 76 47 31 30 87 41 59 
69  7 15 37 54 77 74  4 62 57 
64 24 43 46 33 96 23 39 47  9 
83 81 37 84 24 95 39 90 65 91 
29 71 75 97 22 86 34 74 72 81 
34 97  2 94 14 98  5 61 26  4 
18 34 87 16 86 14 72 86 84  1 
92 23 68 65  1 94 46 63 33 88 
48 31 22  7 42 53 52 59 81 93 
 8 21  3 36 43 10 83 33 52  5 
57 27 23 70 35 91 19 35 60 37 
25 47 28 28 24 66 31 17 38 86 
88  9 80 15 31 48 46 43 12 53 
36 72 92 85 99 37  2 97 41 72 
63 90 91 28 57 58 96 47 60 71 
86 74 48 34 78 87 67 10  4 82 
 9 47  4 26 70 36 24 72 22 63 
64  6 77 46 34 83 88 97 85 65 
35 77  2  1 14 51 98 68 79 65 
71 86 31 85 93 99 30 98 100 53 
81 32 57 53  5 86 32 78 68 73 
51 87 27 18 57 42 33  7  2 90 
87 24 71 16 94 26 48 43 14 33 
68 94 79 63 69 79 77 92 10 68 
17 85 52  4  8 37 19 94 24 58 
100 24 30 89  2 49 86 14 96 73 
48 50  3 34 47 14 77 59 51 100 
78 74 28 10 29 49 65 22 71 87 
59 97 73 53 60 100 50 16 69 91 
29 20 18 39 64 23 52 73 13  2 
93 74 10 35 44 32 99 61 23  7 
85 79 31 91 98 67 55 69 80 63 
67 73 68 36 99 35  2 90 95 52 
46 98 85 66 45 64 54 93  5 89 
31 47 40  9 97 28 10 67 94 43 
46 89  2 95 39 52 76 19 68 10 
98  3  6 84 24  4 41 88 31 80 
 8 72  8 90 43 62 33 42 91  1 
47 71 53 25 22 77 97 93 55 92 
41 21 44 53 43 54 93 86 64 60 
57 35 46 70 22 79 68 47 64 32 
74 39 32 75 94 44 90 76 90 62 
98 48 29 95 24 14  5 44 64 88 
44 69 88 95 100  1 71 23 62 63 
18 32 11 65 20  1 20 42  8 31 
85 91 32 10  5 44 99 16 93 73 
61 99 11 100 76 72 36 63 69 13 
21  4 47 22 96 69 55 71 50 94 
45 94 92 35 48 52 99 83 96 95 
85 28 56 100 49 56 30 97 18 78 
 3 20 80 33 90 17 73 22 96 26 
66 59 66 48 67 10 91 77 43 58 
25 92 40 49 88 56 64 51 70 46 
75 36 44 47 19 12 79  8  8 59 
23 81 67 93 50 40 67 10 47 86 
 1 86  8 89 29 81 88 25 36 53 
 2 17 25 52 87 69 99 39 48 48 
81 36 48 20 49 82 59 10 89 16 
31 94 62 73 97 17 37 39 45 38 
62 15 23  1 35 72 61 91 51 64 
20 96 53  2 17 90 48 66 83 10 
41 44 43 98 69 43 73 13 15 16 
22  6  6  8 45 46 92 36 81 98 
70  7 68 35 60 92 85 73 13 14 
23 90 73 85 68  1 14  3 80 58 
28 40 59 78 62 26 16 41 65 60 
 4 18 69 73 33 37 90 39 45 52 
29 59 93 81 88 42 15 79 82 23 
12 30 37 18 17 93 62 12 58  4 
