2 200
26 36 
14 15 
 1 49 
63 83 
37 47 
48 14 
93 85 
53 52 
37 49 
76 58 
99 99 
11 91 
68 48 
15 12 
43  2 
68 98 
22 37 
53 71 
59 82 
35 24 
 2 38 
67 51 
33 35 
37 29 
14 29 
47 76 
77  2 
 8 55 
63 26 
65 97 
23 64 
81 39 
23 69 
51 55 
97 51 
34 43 
13 38 
97 48 
 9 59 
90 13 
25 48 
 5 26 
93 68 
55 50 
10 14 
 6 69 
34 82 
82 26 
81 46 
 5 32 
17 100 
34  6 
68 91 
99 15 
49 51 
54 31 
43 66 
85 88 
87 13 
61 57 
22 23 
11  1 
81 64 
54 38 
26 75 
20 55 
86 86 
35 40 
93 20 
73 99 
61 30 
 3 48 
43 61 
18 93 
34 83 
61 72 
37 21 
52 22 
26 17 
77 22 
64 98 
83 53 
48 33 
19 70 
39 75 
17 84 
18 49 
33 31 
44 61 
99 65 
55 90 
14 40 
83 29 
20 71 
35 79 
29 59 
70 77 
100 26 
13 93 
28 41 
65 64 
10 24 
58 85 
64 99 
100 41 
31  6 
97  8 
 9 68 
21 44 
18 56 
49 43 
20 46 
59 70 
91 72 
15 49 
28 28 
91 86 
26 31 
74 59 
50 27 
100 47 
80 70 
66 98 
52 23 
 1  6 
 2 18 
32 52 
43 28 
 1 14 
92 86 
76  9 
43 99 
20 74 
69 16 
43  8 
52 68 
13 48 
76 10 
42 23 
83 48 
37 45 
29 12 
56 56 
95 76 
 3 57 
23 85 
25 41 
78 86 
94 25 
42 21 
 5 65 
94  4 
52 19 
88 28 
48 71 
56 46 
86 83 
 9 64 
41 10 
 6 95 
41 69 
61 53 
95 37 
84 99 
100 19 
34 64 
85 43 
78 64 
78  6 
15 54 
83 73 
 6 83 
 2 20 
78 43 
88 28 
73 23 
43 67 
16 11 
49 57 
86 61 
39 54 
77 67 
40 52 
65 43 
74 47 
55 70 
29  4 
58 27 
 9 16 
 7 60 
37 20 
82 36 
44 59 
19 65 
97 76 
58  7 
52 27 
66 87 
 2 84 
92 46 
