10 100
14 62 30  3 64 63 37 64 75 21 
 2  4 23 23 10 36 37 37 12 81 
39 59 73 98 59 61 87 19 76 91 
73 54 54 98 86 42 30 25 99 14 
74 75 46  6 73 13 88 57 49 69 
93 58 34 15 80 36 42 73 41  2 
37 48 62 15 42 93 20 20 37 28 
 4 29 90 32 48 69 81 93 56 14 
68 68 65  4 91 66 24  8 20 54 
93 63 35 36 21 97 54 59 36 30 
90 60 47 15 53 65 52 24 61 91 
81 87 92 96 34 91 50 95 53 77 
20 37 34 42  3 66 33 46  5 37 
23 82 49 40 71 58 68 91 45  6 
90 22 93 100 49  3 84 90  9 97 
77 12 19 25 65 90  5  1  3 46 
56 13 77 61 29 37 67 66 99 89 
29 74 34 34 53  7 30 42 55 46 
33 38 31 26 85 18 32 35 69 96 
96 44 29 55 16 67 88 93 88 79 
38 18 31 99 77 54  3 75 33 56 
62 52 86 56 37 83 21 46  9 60 
40 48 43 57  8 90 31 65 89 52 
20 25 62 73 27 35 20 84 65 52 
13 80 92 27  9 83 70 37 36 52 
50 88 85 63 77 36 69 63 91 78 
77 16  5 38 65 94 59 65 34 72 
48 25 66 31 95 33  7 14 44 98 
 4 59  6 57  3 56 86 43  2 99 
96  7 13 65 96 14 72 53 36 90 
100  2 63 25 92 61 31 71 93 88 
81 41 82 23 40 100 63 100 96 12 
31 87 77 57 90 76 23  2 32 31 
59  1 24  8 77 35 99 52 93 24 
58 53 16 15  9 20 79 75 83 74 
23  2 41  2 76 40 22 33 11 24 
54 41 64 92 81 55 84 89 43 34 
43 69 55 74 38  7 26 10 19 36 
10 92 43 89 65 91  9 40 25 70 
69 44 64  8 99 33 26 52 31 15 
48  5 97 72 40 98 78 50 94 44 
64 65 45 10 39 70 87 36 88 87 
39 19 89 94 38 72 10 14 100 44 
19 96 31 16 97 51 14 23 49 21 
 3  5 22 59 85 82  3 75 15 17 
28 59 41 22 45 69 58 76 27 51 
71 38 64 97  9 37  3 79 13 45 
30 47 27 50  8 30 30 72 32 70 
73 93 30  6 59 79 85 38 54 20 
17 84  9 88 55 38 93 48 10 73 
47  1 78 77 45 67 15 76  9  3 
 7 22 20  7 26 74 93 94 10 83 
28 40 31 42 11 92 22 17 89 36 
84 48  1 35 58 24 99 16 91 96 
39 54 20 15 24 87 15 11 65 98 
95 56 56 39 56 61 23 22 67 85 
 7 40 48 67 81 60 85  2 62 90 
40 91 90 17 86 37 36 94 10 38 
 3 40 35 19 43 16 61 25 79 47 
 4 99 14 20 89 97 99 71 27 58 
13  8 47 17  4 27 92 80 65 54 
28 40 75 69 72 46 27 47 39 57 
28 15 28 95 32 76 22 78 41 40 
73 97 90 24 58 21 35 65 62 97 
44  6 64 87 21 30 31 17 15 35 
49 58 96 11 50  7 55  9 18 29 
15  5 57 56 81 56 48 99 48 46 
93 66 39 78 88 66 57 78 43 64 
28 86 93 99 56 95 53 85 63 77 
85 78 61 71  8  3 38  5 35 28 
83 32 34  7 99 99 100 61 20 71 
 8 73 60 93 39 27 54 27 37 13 
99 47 82 21 94 13 80 41 68 89 
33 77 90 15 45 50 77 92  6 59 
100 61 66 54 62 82 89 50 28 28 
92 87 41 76 35 82 61 22 19 78 
53 31 56 86 49 59 40  1 41 13 
94 39 52 68 81 71 60 89 86 38 
 4 24 30 72 96 13 15 32 29 22 
19 36 39 96 44 68 64  8 26 49 
23 26 49  9 43 56 59 84 30 20 
71 57 71 18  9 90 32 17 36 99 
54 86 92 22 34 10 81 58 67 21 
22 93 85 47 50 46 93 100 51 42 
100 10 27 19 19 71 94 17 11 89 
 2 30 44 28  4 42 93 88 67 46 
44 50 22 39 13 80 18 27 59 30 
18 89 99  3 36 89 96 76 38 41 
 9 16 53 96 55 84 10 100 89 32 
98  6 27 29 83 21 96 24 82 26 
26 46 42 87 15 17 25 28 55 49 
14 59 12 89 87 85 71 72  6 69 
93 22 74 46 14 57  4 38 30 81 
37 62 88 24 81 82 70 86 76 56 
72 61 11 31 99 10 71 29 83 81 
51 50 59 25 52 11 91 28 47 71 
12 95 44 67 72 46 70 27 63 13 
 2  4  6  3 11 11 23  9 60 92 
37  4 39 33 82 34 74 94 38 91 
25 35 40 56 12 99  2 52 42 95 
