5 100
73 30  1 68 14 
63 54 74 99 46 
49  5 15  6 88 
15 42 72 26 91 
35 80 32 42 79 
12 35 67 40 35 
83  5 58 55 59 
20 27 48 76 81 
73 25 52 96 48 
29 30 51 29 20 
92 72 91 98 20 
36 41 94 44 49 
20  2 55 83 41 
51  8 10 10 91 
33 74 60 64 13 
69 26 17 54 76 
31  7  9 48 86 
87 29 56 10 36 
 7 17 74 47 22 
62 88  7 82  8 
78 13 47 38 91 
95 75 15 45 65 
66 86 12 73 70 
29 46 31 11 63 
95 10 70 61 18 
76 71 50 54 76 
49  5 28 46 91 
100 24 87 64 37 
55 36  5 51 43 
50 27 28 53  7 
 6 52 11 46 44 
45 49 57 70 22 
94 78 91  8 67 
61 34 21 13 92 
82 16 45 22 10 
99 27 20  1 33 
69 61 59  9 39 
79 90 74 56 100 
68 36 14 63 48 
 2 71 81 85 78 
64 84 92 69 84 
14 75  2 46 37 
90 90 51 96 91 
59 40 16 85 65 
68 16 96  5 17 
91  7 31 87 33 
30 97 13 33 17 
25 11 69 81 67 
42 46  5 10  8 
88 77 51 69 19 
79 59  4 10 51 
44 94 74 37 20 
73 56 19 32 80 
48 18 98 97 83 
68 37 62 37 92 
 2 72 34 54 71 
17 51 92 94 22 
27 85 75 63 49 
93 88 11 60 93 
 1 78 29 15 68 
11 56  9 82  5 
38 96 19 88 90 
60 68 14 37 25 
37  7 29 86 39 
39 42 82 23 27 
38 54  4  4 81 
 4 95 54 80 84 
16 25 22  7 17 
100 38 25 44 14 
69 67 41 29 31 
74 23  9 78 88 
34 80 50 98 62 
71 89 30 23 84 
42 38 23 82 91 
74 10 72  8 72 
81 39 10 43 73 
52 64 62 77  1 
80 61 63 94 53 
52 95 96 57 75 
92 90 58 30 52 
40 15 76 51 83 
15 22 69 69 62 
18 91 66 85 27 
 7 22 49 92 80 
87 50 90 75 46 
85  7 60 72  1 
14 12 78 93 68 
89  2 94 45 30 
48 55 93 25 16 
76 46  1 50 27 
96 78 24 92 98 
60  8 36  3 37 
 8 44 35 53 33 
84 29 27 43  5 
65 65  5 85 77 
11 58 15 15 30 
59 45 61 26 53 
79 28 57 51 52 
95 27 53 14 17 
43 20 25 95 44 
