10 20
57 71 71 65 93 85  3 43  1 22 
44 71 50 44 32 31 46 21 15 99 
69 92  7 97 21 87 26 68 65  7 
15 44 64 56  9 12 11 57 48 39 
35 22  8 32 64 79 94 48 20 30 
50 39 44 92 39 98 40 18 43  2 
37 41 46 74 43 52 36 57 84 34 
18 86 13 90 34  3 43 22 36 20 
65 76 72 32 16 36 36 81 72 72 
97 44  9  5  5 10 92 42 24  2 
94 18 43 64  3 23 60 28 75 18 
28  8 19 32 12 51 81 40 36  9 
 1  9 82 15 24 43 23 48 42 46 
85 74 95 71 50 27 50 25  2 36 
64 13 26 90 100 43 58 85 88 48 
36 72 24 54 53 18  3 75 79 87 
49 68 86 30 99 73 43 15 24 62 
 6 62  6 26 70 12 73 43 44 89 
22 31 86 77 20 90  6 73 55 14 
28  1 93 47 90 13 29 100 23 64 
