20 100
 4 16 62 59 80 55 41 58  7 36 76 41 10 82 66 38 69 62 93 11 
89 63 42 26 49 28 50 45  8 73 75 76 45  8 39  4  6 46 35 51 
50 77 26 54 81 87  9  4 95 22 50 97 87 89 55 17 11 98 96 67 
46 91 70 49  9 16 18 51 44 91 90 65 18 84 84 41 40 28 50 97 
35 84 24  3  2 28 15 16 51 19 49 21 41 15 64  8 97 89 28 91 
34 56 40 62 85 15 17 37 50 24 52 41 72 23 91 81 10 89 32 20 
50 99 85  2 36 51 32 36  2 37 90 57 78  1 65 13 21 14 87 67 
87 23 56 84 39 32 12 99 73 65 64 80 28 88 100 66 88 49 93 68 
71 61 68 65 86 75 22 73 32  2 68 72 63 14  9 19 26  7 37 21 
42 61 39 96 86 78 21 44 28 37 70 20 52  8 16 49 71 85 89 67 
54 39 34 62 69 80 76 85 53 100 13 53 13 68 31 16 61 84 11 79 
39 50 46 64 56 100 23 44 62  2 65 12 79 74 18 25 41 72 21 80 
 1 47 96 21 77 84  2 42 52 100 53 85 23 23 71 31 29 75 27 51 
31 31 65 22 84 14 11 96 38 17 58  6 30 74 55 67 11 28 19 24 
42 93 21 63 80 46 80 78 51 27 23 15 99 27 79  6 100 59 80 92 
95 68 40 21 75 34 45 94 63 69  8 76 62 85 25 57 38 75 17 24 
20 82 50 10 42  7 52 27 95 80 23 67 57 75 17 37 90 96 65 25 
90 72 41 37 64  9 49 50 82 82 86  5  1 17 49 60 93  8 59  6 
72 90 27 52 55 68 81 56 77 10 14 22 63 96 43 53 58 60 22 69 
16 30 64 22  9 26 28 51  5 15 93 10 41 20 99 28 96 81 67 93 
67 11 56  8 28 38 42 72 36 66 78 68 54 33 71 100 42 14 79 95 
88 56 34 92 93 15 80 95 42 49 96 72 68 23 84 62 14 63 11 39 
22 59 87  2 55 71 43  4 70 68 70 24 33 66 74 51 29 69 76 94 
27 12  1 35 46 84 45 20 45  1 44  3 81 46 12 71 83 28 78 34 
92 19 58 61 68 97 79 19 72 95 51 56 63 34 87 46 64 60 76 18 
81 41 25 62 27 99 29 24 15  1 66 31 79  6 78 56 74 93 34 59 
90 10 21 44 21 72 70 61 92 50 90 27 56 56 39 76 62 65  7 31 
78 51 61 61 81 54  4  2 97 61 92 89 68 52 62 51 93 65 42 43 
43  1 58 25 58 20 59 43 50 53  5 52 92 63 91 87 62 99 30 90 
41 28 20 60 20 21 53 31 89  4 70 75 35 82 62 88 72 83  1 76 
70 25 61  1 76 43 54 80 92 77 55 42 53  9 92 53 64 90 27 88 
22 39 60 100  7 84 97 55 97 73 47 13 85 48 49 39 65 20 41 14 
19 70 19 88  8 76 99 82 79 23 38 83 25 30 68 71 93 91 42 84 
12 87 21 51 61  9 70  5 63 10 43 84 98 55 92 38 51 15 79 74 
46 16 49 78 82 74 10 39 48 90 46 61  2  3 73 79 99 28 13 43 
94 57 58 19 47 31 70 68 27 80 32 20 63  7 49 14 89 20 68 20 
87 86 80 36 98 88 44 29 31 36 46 26 24 41 91 18 21 36 22 85 
75 70 36 83 33 66 44 78  3 11 33 63 92 13 33 45 46 13 37 75 
80 19 29  9 53 56 21 19 38 67 85 84 24 84 33 53 16 73 97 62 
36 88 47  9 59 12 31 33  2 35 40  9  8 11 19 34  9 14 91 77 
65 20 46  6 32 74 72 26 32 19 84  5 23 58 66 22 29 71 95 79 
36 15 31 64 87 13  5 79 83 43 33 50 94 24 30 84 92 12 52 98 
75 47 72 33 95 33 18 58 13 40 45 33 66 30  3 47 48 50 45  7 
20 23 82 48 11 37 68  3 98 52 33 27 36 76 26 50 30 77 29 39 
 2 46 100 15  9 80 43 52 81 99 29 27 99 45 95 30 79 89 55 29 
45 54 21 94 13 58 21 36 68 84 67 80 73 47 61  6 50 74  8 94 
 8 25 26 97 77 94 75 12 55 80 33  1 55  7 47 59 29 88  5 15 
21 14 95 10 25 17 79 73 69 64 87  5 33  8 37 13 75 72 68 90 
22 34 100 82 30 57 96 40 32 97 20 20 20 12 59 39 46 33 21 43 
71  2 18 15 93 12 90 45 43 70 80 16 91 58 93 92 86 56  7 58 
70 26 73 41 10 80 68 66 54 57 48 87 43  5 100 22 72 42 90 97 
57 25 57  9 73 49 87 31 97  8 38 100 47 38 19 67 66 44 44 64 
 9 18 38 84 98 35 88 95 64  2 10  2 74 25 44 40  3 64 88 65 
45 38 19 65 52  5 75 21 14 75 97 88 70 31 15 34 42 64 64 99 
60 12 99 12 30 65 57 77 98  6 42 14 41 78 84 82 37 15 17  3 
52 81 90 59 54 97 16 52 15 60 93 88  1 46 99 91 96 72  1 10 
 6 61 36 34 98 93 69 84 48 49 68 25 62 45 28 100 84 21 46 28 
43 85  1 34 60 47 40 29 10 65  1 54 73 91 76 19 71 96 80 75 
40 96 85 77 52 74 48 93 26  2 78 19 33 94 35 56 26 19 33 92 
 4 90 27 22 65  7 45 84 98 24 50 35 24 83 91 22 61 34 72 88 
19 24 39 70 100 56 45  2  6 96 47 83 85 85 100 54  2 61 46 36 
 1 14 30 69 18 92 80 75 58 17 40 84 84 99 28 11  1  7 96 93 
25 23 73 93 75 28 45  4 39 90 15 53  3 77 83  8 78 60  1 92 
40 60 72 15 32 39 13 16 11 10 33 77 69 66 44 88  2 66  9 57 
95 90 13 75  5  9 16 39 52 36 39  7 53 23 44  7 94 56 47 77 
65 27 16  6 97 42 14 79 29 23  7 68 80 80 48 84  6 16  3 52 
50 92 13 77 92 27 74 24 75 59 40 66 37 82 16 37 12 59 51  4 
88 81 19 38 31  3 78 54 48 47 37 12 83 89 21 71 50 93 12 40 
34 66 52 71 75 82 40 20 43 80 54 94 60 86  1 42 57 45 65 17 
64 29 47 30 21 100 57 20 74 74 39 22 54 67 29 41 75 41 100 23 
65 86 42 59 38 48 77 66 26 58 39 34 16 69  9 57 75  4 57 26 
65 72 28 31 97 67 76  1 68 27 59 49 24 11 57 41 22 22 42 68 
32 90  4 83 37  5 86 40 84 12 84  5 24 64 51 51 80 48 86 57 
78  1 74 96 39 36 22 39 61 18 97 57  2 59 49 69 52 42 99 32 
27 66 100 20 62 20 59 88  1 51 51 49 87 11 48 68 85 79 93 38 
35 40 87 24 77 14  6 75 68  5 54 92 61 52 24  3 27 69 88 89 
38 68 86 78 90 12 50 79 46  8 40 30 51 25  2 33 94 73  4  4 
60 56 64 26 91 39 28 35 68 78 69 24 76 19 31 12 18 39 76 95 
15 55 72 17 91 24 21 72 18 44  8 31 69 15 45 32 94 67 67 67 
65 87  5 81 57 36 68 20 95 91 28 46 74 15 86 53 95 46 95 59 
71 18 21 19 71 72  8 89 17 68 48  9 85 28 14 82 27  6 45 89 
100  7 27 81  5 38  3 13 66 36 96  1 96 15 29 40 22  8 21 78 
33 28 10 96 69 10 58 74 44  9 19 76 91  5 79 60 19 100 18 13 
49 28 16 28  6 88 67 61 86 65 48 69 89  7  9 91 92 92 100 27 
 5 24 96 37 45 71 83 86 81 16 10 35 21 46 30 23 59 28 47 66 
65  5 34 82  4 62 68  6 21 10  8 13 58  5 70 44 69 44 69 10 
34 61 61 16 24 54 40 52 66 70 47 53  6 67  7 13 77 20 91 88 
18 24 44 74 94 29  4 18 16 52 39  2 43  6 87 69 60 29 64 73 
87 30 28 62 82 43  1 39 51 30 71 21 68 16 15 20 22 79 40 57 
75 33 14 55 31 23 57 50 75 13 49 63 22 99 22 98 41 61 55 12 
44 15 28 67 97  2 83 21 40 46 73  1 23 83 62 89 57 89 33 43 
11 39 45 33 87 52 15 69 63 89 52 12 88 35 78 22 61 87 44 57 
69 94 30 81 38 60 12 37 47 72  5 42 87 53 82 23 84 38 11 25 
46 33 26 47 90 33 38 55 50 53 62 87 54 64 58 62  4  6 95 95 
75 16 33 52 78 58 96 35 64 86 38 13 19 92  2 94  5 24 50 93 
100 90 55 94 32 98 38 29 21 45 93 94  6 68 80 47 46 51 61 17 
63 38 39 79 11 28 68 49 45 10 10 30 25 16 30 40  6 35 59 51 
10 22 57 51 40 10 43 73 39 24 64 67 16 72 97 55 75 34 69 15 
12 55 78 12 73 10 14 66 50  7 80 38 53 14 68 89 78 66 22 33 
60 56 67 41 25 73 70 18 44 19 94  6 18 42 23 19 53 59 31 88 
