5 50
78 53 26 75 59 
53 51 49 20 25 
19 49 84 29 12 
49 97 23 16 17 
37  7 83 40 74 
11  6 33 65 74 
52  7 53 68 13 
50 15 20 96 84 
18 40 82 24 100 
26 32 33 65 51 
67 24 15 62 90 
15  4 37 69 78 
24 90 17 64 33 
47 100 55 17 24 
29 31  8 61 94 
77  8 91 35  5 
14  6 24 30 93 
81 34 95 79 96 
40 61 54 21  5 
91 96 64  9 69 
10 29 14 40 98 
96 61 50 73 34 
65 81 38  6 58 
76 70 67 65 32 
62 44 54 23  6 
43 12 99 70 42 
80 97 70 51 87 
99 23 83 48 93 
 5 51 86 66 94 
21 78 97 95 82 
28 15 89 74 65 
31 44 92 62 15 
99 96 26 72 82 
62 23 32  5 71 
 5  5 82 24 13 
24 85 12 59 54 
69 31 31 87 80 
64  9 68 98 18 
95 88 56 44 28 
87 51 72 48 42 
89 46 27 27 32 
18  8 26 100 50 
26 37 15 79 92 
36 99 76 11 40 
 6 75  2 100 23 
12 74 96 85 18 
57 98 12 83 14 
85 58 23 36 76 
69 57 99  3 41 
 1 34 75 97 92 
