10 50
46 38 89 18 75 64 15 62 53 82 
11 14 81 66 43 56 82 46 63  9 
27  3  4 71 11 87 60 58 19 18 
70 95 28 29 62 28 90 29 98 83 
77 42 86  8 51  9 18 29 83 73 
89 19 58 93 41 66 44 98 95 26 
43 94 56 64  1 92 58 89 28 68 
30 83 38 75 87 26 26  5 63 86 
96 54 33 53 57 30 44 54 61 23 
98 39  7 11 98 14 19 35 67 61 
94 38 13 27 95 40 34 49 50 27 
48 31 74  5 31 41 79 15 29 57 
76 72  3  3 62  9 93  4 85 18 
86 42 15  4 54 41 17 77 77 47 
98 31  4  6 83 14 44 77 100 92 
78  8 77 53 94 31 67 35 94 32 
25 48 51 14 90 56 26 44 95 69 
98 65 40 72  9 72 58 93 29 59 
47 88 10 89 39 47 48 100 77 86 
72 97 35 18 87 30 60 96 31 49 
74 23 99 59 43 19 79 64 97 50 
23 46 30 38 42 98 44 75 88 100 
100 89 40 24 36 38 92  2 25 42 
47 76 98 41 37 60 56 39 99 99 
15 64 58 72  6 57  4 56 41  8 
86 42 89 78 74 99 18  6 78 12 
34 58 88 70 15 18  2 34 85 10 
17 45  8 91 93 32 61 79 46 18 
42 31 74 92 66  6 10 24 70 57 
83 84 94  1 13 49 51 57  4 33 
21 52 92  6 15 87  4  1 14 56 
50 15 69 13 53 85 35 47 76 54 
 7 80  3 48 16 27 92 92 80 36 
60 76 32 38 34 11 56 59 65 77 
99 12 74 89 60 56 96 85 23 40 
72 82 61 23 99 34 40 26 32 63 
16 35 18 92 48  6 13 78 76 78 
74 72 40 20 34 24 38 100 47 76 
56 26 35 34 12 86 32 79 73 71 
42 16 88 72 30 41 43 78  7 44 
12 21 35 27 13 96 12 88 56 14 
61 22 59 51 41 36 69 95 89  9 
13 81 75  1 23 27 92 95 99 80 
73  1 86 23 30 61 15 72 98  1 
51 57 17 42 79 90 58 91 15  5 
47 69 48 36 34 35 30 93 97 89 
 5 91 39 60 23 76 63 58 77 47 
70 29  2  2 15 93 76  6 62 46 
16 37  7 83 98 27  9  3 62 52 
91 55 64 26 46 11 81 90 76 70 
