10 50
85 72 75 97 45 63 35 81 95 72 
63 24 22 27  5 27 10 71 16 31 
17 14 83 48 36 54 72 48  9 91 
73 90 17 87 21 51 13 27 69 94 
25 46 52 48 82 34 89 39 80 60 
76 75 85 80 81 75 19 31  3 54 
46 99 81 55 92 77 16 63 37 95 
66 44  5 16 62 27 31 87 19 85 
66 77 67 49 14 53 63 32 81 23 
16 40 20 68 67 19 82 82 54 71 
84 78 50 21 11 83 22 85 88  7 
92 25 26 98 44 55 23 35 22 19 
59 12 87 74 45 52 43  1 13 88 
87 30 93 45 66 37 39 50 96 26 
83 98 62 85 75 22 26 88 18 53 
31 100 25 46 26  3 81 99 10 35 
20 98 97 94 30  5 13 93 27 13 
 2 89 64 31 34 17 97 18 73  7 
97  4 63 17 85  8 55 54 51 74 
33 66 42 17 17 56 13 95 17 57 
66 31 58 35 28 28 92 14 33 38 
86 38 37 69 86  9 17 35 32 13 
91 19 23 14 37  4 27 87 63 15 
84 56 38 41 49 97 72 63 49 59 
75 27 24 58  8 11 22 77 76 80 
30 85 67  4 44 29 95 45 84 12 
38 36 51 64 93 67 43 93 39 37 
46 83  2 87 87 91 57 86  4 52 
83 19 97 41 15 82  2 60 10 51 
96 54 52 95 44 30  4 22 29 13 
10 26  3 83 68 90 46 96 53  9 
86 65 95 37  9 91 37 90 60 95 
 7 44 51 52 51 72 83 64 91 12 
50 33 23 40 84 47 38 22 63 95 
71 49 77 25 26 51 73 34 45 39 
 7 29 20 19 40 20 47 51 66 69 
41 49 90 80 10 36 96 19 55 93 
48 99 40 58 24 41 28 20 25 20 
 2 95  3 50 26 52 62 59 61 81 
56 99 89 81 16 51 46 77 78 96 
10 18 81 79 40 17  1  5 23 29 
86 96 65 80 38  7 15 52 88 31 
43 27  3 87  5 33 51 49 64 49 
76 47 86 63 42 79 42 35 35  2 
28 72 21 56 19 76  7 14 58 67 
 8 38 41 41 18 45 98 82  7 36 
53 43 12 97 90 70 96 59 49  4 
59 61 99 39 68 96 17 49 75 59 
64 63 19 65 40 13 52 44 52 21 
57 14 24 74 59 46  1  5 16 12 
