2 200
46 49 
10 64 
65 11 
67 86 
36 62 
32 17 
34 34 
88 11 
58 17 
96 67 
83 69 
92 34 
48 86 
68  8 
67  5 
68 86 
72 14 
59 16 
48 83 
71 12 
20 99 
28  8 
91 70 
23 54 
75 80 
59 39 
54  5 
74 26 
66 58 
82 28 
22 14 
81 17 
16 29 
74 83 
98 50 
49 42 
50 85 
51 73 
26 70 
63 89 
60 14 
21 35 
75 86 
26 62 
75 34 
96 70 
48  3 
79 93 
56 60 
78 92 
100 23 
100 32 
92 11 
99 53 
76 80 
89 65 
47 20 
91 96 
27 68 
12 52 
 6 77 
99  8 
88 93 
97 88 
51 97 
54 23 
92 76 
63 56 
54 83 
 3 87 
68  4 
65 33 
76 98 
38 68 
 6 34 
61 58 
 5 95 
11 87 
32  3 
62 51 
31 69 
95 74 
30  4 
82 27 
19 80 
97  8 
37 30 
100 28 
36 38 
11 90 
76  5 
85 82 
67 80 
61 80 
68  5 
45 42 
58 62 
10 80 
 6  9 
 3 83 
70 18 
68  5 
15  9 
100 91 
10 70 
92 80 
 1 79 
 8  2 
98 94 
64 86 
13 19 
43 13 
60 54 
29 83 
94 95 
14 30 
75 29 
88 19 
94 50 
47 38 
58  3 
44 57 
44 85 
15 86 
83 32 
91 19 
56 13 
43 50 
58 60 
98  2 
32 97 
 8 16 
40 91 
81 58 
52 37 
46 51 
35 95 
 1 61 
83 51 
73 56 
93 31 
41 34 
21 23 
 6 16 
25 66 
19  7 
93 78 
26 44 
88 84 
 6 33 
42 20 
65 23 
62 22 
59 85 
46 60 
15 42 
43 88 
21 98 
88 33 
62 62 
17 62 
 3 46 
44 49 
 8 71 
 7 42 
76 48 
75 57 
89 79 
37 89 
66  7 
85 13 
35 10 
66 82 
21 73 
40 29 
76 32 
35 49 
81 55 
13 64 
79 59 
89 24 
80 17 
10 95 
55 50 
17 45 
60 68 
97 93 
45 27 
 1 15 
80 24 
98  9 
79  5 
92 96 
82 43 
88 34 
100 85 
19 35 
18 18 
96 42 
10 15 
