20 50
61 56  1 94 75 98 61 24 13 44 24 87 69 59  9 45 29 40 59 56 
99 91 12 96 34 14 60 14 52 49 65 88 43 39 47 21 30 31 31 81 
12 87 41 23 34 53 66 45 60 52  7 67 86 36 26  5 31 60 56 78 
65 54  1 45 24 14 13 59 33 72 92 18 69 62 98 14 25 90 17 53 
50 38 80 39 29 62 61 78 71 62 72 74 71 32 29 22 34 51  6 20 
58 76 28 98 26  3 26 75  3  9 53  8 11 89 54 87 82 32 79 12 
51 73 17 86 50 13 10 32 93 57 19 45 79 25 12  8 58 32 73 34 
94 57 97 25 58 80 81  2  8 46 87 53 56 30 43  8 85 43 96 67 
62 54  7 73  3 64 21 34 20 64 80  7 31 82 19  2  4 60 91 43 
73  4 83 86 41 99 64 35 99 36 36 40 83 79 29 20 82 46 32  7 
93 17 24 64 89  9 26 45  2 39 33 48 23 36 23 36 20 32 96  8 
67 44 87 48 40 17 79  3 49 93 26  9 91 49 55 83 47 85 56 71 
99 92 26 50 47 58 82 84 59 22 38 59 68 17 25 63 85 78 19 41 
58 44 98 31 79 18 87 15 30 31 58 41 70 59 10 82  3 96 77 81 
46 68 77 86 97 71 37 47 96 89 53 88 22 73 94 73 34 78 16 59 
44 79 98 67 90 99 18 38 15  6  4 19 29 14 42 71 95 76 33 45 
26 35 72 88 69  6 92  4 24 44 40 56 93 90 63 33 52 74 15 45 
79 28 17 60 84 63 66 78 93  4 83 72 49 40 99 66 48 63 33 78 
66 77 62 48 57  3 67 26 57 48 16 38 16 68 55 43 45  8 21 50 
10 40 45 36  5 100 25 27  6 76 22 83 68 70 28 33 29  7 42 92 
34 61 59 95  1 93 48 98 21 12  1 19 28  7  8 69 12 36  5 15 
89  1  1 42 34  2 72 27 72 85 52  1 85 97 80  2 96 89 95 79 
26 59 50 49 91 51 85 62 57  6  8 42 50 51 72 45 38 23  1 55 
32 97 15 15  2 25 58 100 22 13 96 36 60 86 14 74 93  7 21 65 
69  1  1  9 92  5 40 46 68 19 12 95 47  6 61 13 25 87 60 84 
33 100  8 47 80 86 91 71 28 91 33 83 37 82 22 14 65 83 77 54 
34 78 30 88 60  2 29 28 21 29 74  2 28 37 69 47 54 38 55  2 
88 84 37 27 55 94  4 82 45 35 31 37 100 66 39 44 28 42 34  8 
 5 81 88 56 30 11 33 55 19 100 34 29 95 59 82 51 36 11 26 13 
76  8 20 26 20 88 89 26  3 47 66 21 34 33 25 88 17 66 93 50 
89 28 19 66  4 94  2  1 34 23 12 89 39 83 25 45 94 81 27 45 
48 70 53 48 93 13 85 53 43 55 12 23 40  2 71 42 11 31 57 37 
78 86 43 39 94 13 76 91  9  8 12 28 69 22 67 81 81  9 57 98 
77  9 18 33 73 86  9 82 49 23 97 40 71 29 86 12 13 83 76 52 
12 48 46 81  6 95 82 87 92 58  7 43 17 36 90 28 76 82 34 28 
100 92 17 88 50 95  2 13 82 59  6 55 59  5 68 58 61 64 80 81 
51 61 22 23 34 26 95 93 50 54 44 84 92 60 48 29 15 35 14 19 
 1 64 93 28  2 86 37 11  3 85 81 66 16 18 25 28 28 90 54 78 
78 37 34 82 67 21 53 67 52 92 51 49 29 82 43 55 65 38 13 44 
32 77  8 16 72 100 16  5 13  1 84 35 91 38 34 77 51 11 77 99 
29 84 52 47 14 95 49 29 100 73 50 57  4 72 89  7 16 27 31 51 
56 17 50 84 75 94 44 53 72 97 55 86 77 57 84 19 80 50 78 72 
33  2 68 44 53 59 19 17 23 42 23 44  2 87 47 18 38 70 88 13 
91 95 74 66 38 13 26 62 75 37 79 87 37 51 28 37 81 59 89 70 
52 36 84 63 62 81  8  6 90 88 74 26 93 12 19 78 36 99 97 57 
82 49 97  9 18 26 82 38 59 15 27 34 66 96 23 34 18 14 54 65 
28 75 48 73 37 29 34 26 93 80 88 14  9  2 43 93 16 35 81 23 
80 36 30 17  4 63 12  9 35  5 41 18  3 33 48 72 29 98 95 91 
27 21 64 31 78 24 21  3 88 38 16 49 93 73 83  1 28 25 77 91 
13 59 51 52 27 45 99  1 45 81 11 86 32 42 43 52 24 42  8 83 
