5 200
62 43  1 86 62 
43  1  9 91 62 
33 78 89  2 79 
38 75 49  6 77 
93 17  5 72 88 
 8  6 49 52 71 
51 83 74 41 45 
75 46 100 28 50 
 3 78 69 57 12 
34 59 100  4 72 
75  3  3 66 88 
37 83 24 90 17 
31 76 81 25 11 
18 84 36 68 44 
98 20 55 65 90 
20 99 29 37 93 
41 67 55 51 24 
16 45 45 57 55 
40 40  3 48 12 
39  7 32 69 97 
34 28 60 45 27 
34 45 99  5 95 
92 38 74 87 65 
74 14 42 62 37 
40 17 10 66 67 
91 94 64 99 50 
21 72 98 24 34 
98 44 81 73 85 
36 65 49 96 56 
83 89 18 36 77 
32  7 99 97 78 
73 88 60 92 69 
46 66 27 17 80 
91 58 64 24 23 
92 38 78  2 97 
13 40 88 86 41 
 4 80 24 41 17 
24 47 33 11 84 
66 14 44 66 12 
23 75 37 90 77 
90 38 75 15 79 
 5 83 15 74 37 
17  9 38 64 83 
43 57 100  3 87 
93 76 35 80  1 
20 11 99  4 22 
34 22 38 84 37 
24 66 51 61 22 
87 18 14 56 92 
 2 73  9 93 19 
88 59 72  1 60 
59 35 13 27 95 
17 74 73 36 99 
25 39 99 14 74 
21 95 51  5 24 
74 81 63 30 97 
34 55  2 97 93 
67 49 14 15 41 
87 22 69 13 44 
42 38 42 11 87 
69 12 90 18 87 
23  2 19 55 42 
39 78 82 59 70 
91 14 29 52  2 
98 48  2 47 18 
70 64 94 91 54 
56 22 20 14 75 
55 72 69 79 11 
69 53 25 18 93 
79  6 87 47 70 
97 52 80  7 83 
74 85  3 59 78 
46 12 26 11 22 
13 69 54 30 18 
40 30 57  1 69 
17 53 73 16 84 
74 88  7 20 84 
98 15  4 73 60 
98 72 57 14 31 
16 33 11 75 82 
77 49 80 99 80 
56 66 61 24 12 
24 20 82 74 45 
74 39 43 95 58 
92 51 52 63 25 
51 51  1 15 53 
49 48 44 32 73 
98 78 45 28  6 
62 94 46 92 26 
65 44 92 64 52 
24 22  5 35 44 
77 93 83 75 75 
77 30 93 59 59 
40 74 86 50 93 
55 63 62 76 55 
93 68 55 57 45 
81 93 57 52 24 
65 18 100 44 11 
92 95 26 58 59 
 2 94 27 46 12 
48 15 59 100 12 
70 29 90 69 33 
52 80 98 10 20 
67 42 47 67  7 
61 51 90 67  3 
41 81 72  3 78 
70 81 15 63 93 
67 76 39 13 76 
56  3  2 14 81 
60 41 61 18 33 
46 69 16 79 82 
13 35 41 65 37 
69 77 29  7 60 
54 27 39 96 15 
38  3 55 32 18 
85 50 72 77 53 
53 19 26 64 91 
52 73  5 51 73 
98  8 70 39 16 
 2 86  9 58  1 
 7 46 42 51  4 
64 22  4 74 31 
91 16 83 56 18 
91 78 66 11 33 
69  7 67 30 44 
63 84 51 58 15 
45  5 52 85 25 
 1 14 31 66 16 
94 40 18 39 32 
97 72  8 79 78 
92 64  7 89 77 
35 52 51 48 90 
14 17 27 69 81 
27 87 56 17 79 
39 89 22 15  1 
75 38 44 73 22 
89 65 15 79 47 
69 33 43 51 34 
62 37  3 19 83 
39 24 29 96 66 
80 61 36 23  8 
50 80 42 54 29 
36 93 79 76 23 
23 44 69 72 17 
19 69 97 46 46 
29 62 37 62 49 
35 87 39 100 32 
 8  7 87 21 60 
99 44 94 75 22 
81 60 33 54 88 
18 43 28 85 99 
99 21  7 80  8 
92 90 56 15 62 
31 58 88  7 11 
19 37  7  3 29 
37 99 28 71 33 
27 68 43 93  4 
98 54 10 62 26 
19 29 24 89 13 
41 72 95 14 76 
71 65 53 31 49 
47  3 42 81 86 
93 96 77  4 53 
28  6 53  8 97 
92 40 78 79 54 
46 49  9 71 82 
12 54 28 91 80 
25 16 44 85 70 
47 70 13 20 23 
64 24 15 84 41 
30 90 56 47  7 
99  8 28 18 60 
43 37 13 51  9 
82 43 60 32 100 
63 62  7 61 43 
64 34  4 40 51 
88 13 76 30  4 
58 93 42 63 21 
91 81 83 99 27 
67 69 83 85 97 
70 71 19 46 33 
53 41 50 89 27 
100 22 81 28 92 
68 26 49 47 61 
82 11 21  8 89 
40 97 61 58 40 
69 75 33 37 93 
12 70 50 34 77 
78 19  4 92 12 
29 53 40  9 85 
49 42 52 53 93 
32 96  4 31 19 
37  6 60 32 37 
15 50 58 83 15 
95 20 49  1 57 
 7 33 87 53 99 
 1 89 47 31 42 
65 22 44 89 83 
100 24 17 75 20 
50 91 50 74 77 
