5 100
 4 35 69 28 82 
15  3 43 63 90 
 7  3 30 25 60 
61  4 22  1 58 
85 68 36  8 97 
86 61 82 86 71 
35 68  4 95  2 
63 81 11 62  1 
71 25 57  8 26 
50 76 17 62 90 
97 75 50 43 74 
93 46 27 55 83 
63 70 74 99 66 
30 87 80 13 79 
43  8 92 30 17 
99 30 94 88 78 
100 93 61 48 67 
12 41 77 65 28 
56 10  6 49  5 
68 65  3 78 36 
58 91 93 20  3 
60 49 52 91 75 
23 20 10 57 55 
13 47 38 17 14 
99 61 65 82 95 
78 41 33 15 20 
30 74 41 57 63 
 3 59 39 64 99 
27  9 52 37 54 
 1 99 27 59 59 
 2 87  1 64 58 
92 65 94 94 69 
98 87 79 82 61 
43 95 97 44 30 
62 40 34 71 19 
76 19 48 94 80 
77 42 48 73 100 
 1 29 60 41 75 
68 82 70 30 42 
39 35 30 34 21 
35  1 97 69 11 
34 100 93 19 45 
53 60 67 94 49 
35 75 63 23 18 
27 48 39 47 32 
48  5 30 67 45 
11 80 65 100 92 
74 57 17 98  8 
83 47 46 82 79 
28 54  3 43 45 
51 69  4 75 30 
96 51 19 72 14 
99 26 96 20 32 
 1 97 72 35 92 
76 37 59 84 11 
51 52 33 87 70 
68 79 72 97 49 
 3 20  6 10 84 
56 16 26 72 71 
13 26 58 20 76 
85 83 94 81 20 
61 16 21 91  7 
26 80  6 85 53 
48 19  7 53 93 
 7 25 41  2 66 
62 85 74 22 22 
42 70 58 39 11 
 2  2 74 26 40 
61 76 99 81 64 
55 63 93 27 58 
46 90 49 75 96 
16 38 18 91  2 
93 45 25 11 24 
27 12 100  3 72 
97 14 31 88 58 
16 52 16 37 12 
19 16 40 73 40 
94 52 58 71 63 
35 96 68 13 34 
32 59 40 100 61 
37 53 47 57 41 
90  2 17 53 14 
53 46 25 27  8 
41 89 25 55 57 
83 89 18 60 74 
70 82  2 46 63 
27 71 43  7 42 
 9 71 75 44 82 
27 15 21 24 60 
82 34 24  6 52 
 8  6 92 18  2 
37 15 19 95 44 
56 56 29 68 39 
88 81 18 89 94 
77 99 10  4 99 
22 72 97 60 74 
85 97 75  8  7 
27 43 56 65  4 
57 94 71 55 27 
19 54  2 55 66 
