10 20
68 75 84 57 39 62  9 50 93  6 
93 89 80 14 27 89 10 33 67 70 
37 91 14 53 97 21 61 68 65 89 
 8 91 16  2 83 84 88 51 98 34 
19 12 26 33 28 24 86 98 13 71 
86 95 22 18 49 23 83 49 40 74 
76 42 75 97 25 45 69 34 66 24 
52 52 60 33 54 71 52 26 88 50 
62 25 38 13 26 52 33 77 29 50 
60 85  8 31 78 46 57 62 17 18 
99 82 36 16 83 62 27 65 43 100 
33  7 78 13 62 31 36 94 38 80 
60 49 76  4 11  2 26 64 23 61 
87 54 94  2 98 49 64 84 96  9 
 9 13 25 77 56 58 76 33 84 80 
39 24 16 12 91 36 44 23 59 17 
32 63 33 69 76 37 19 61 20 84 
 9 13 73 48 42 82 20 80 98 27 
81 34 73 59 25 24  6 100 21  1 
43 12 25 75 49  6 15 12 18 56 
