10 100
78 33 36 13 45 40 35 51 31  9 
38 42 75 72 31 25 65 56 67 30 
47 52 86 93  2 75 16 98 42 52 
23 78 87 65 65 50  6 24 25 54 
 7 56 80 27 52 59 43 93 62 79 
46 85 56 75 40 80 67 69 11 56 
47 86 57 94 88 39 10 69  2 55 
20 60 53 69  6 57 84 41 26  5 
82 61 90 49  1 35 59 26 43 91 
37 97 13 11 61 29 84 45 58 55 
74 21 89 18 72 82 96 25 88  1 
85 60 26 30 63 84 94 32 74 77 
40 63 91 56 92 18 61 88 19 12 
48 21 57 100 99  8 72 87 19 42 
91 66 27 57 10 31 16 45 83 74 
36 42 72 40  3 28 50 53 36 61 
85  8 94 40 30 26 76 67 97  9 
59 90  9 15 84 56 97 43 67 79 
85 33 90 66 55 37 36 15 21 34 
51 86 77 80 15 36 83 50 45 39 
65 70 78 93 55 56 82 51 62 39 
20 43 82 97 55 33 39 20 99 46 
67 61 12 90 70 16 98 13 76 78 
46 20 68 46 42 81 29 33 49 67 
17 19  3 21  7 77 91 96 30 90 
 6 68 78 20 58 87  3 85 15 27 
35 98 68 92 93  3 81 95 13 65 
52 52 75 80 86 20 79 33 50 15 
24 20 72 89 83 71 47 20 50 28 
55  6 71  6  8 32 35 93 33 96 
58 52 36 17 74  2 42 51 82 77 
15 61 32 82 90 12 25 12 58 25 
48 24 93 68 93 90 11 78  9 20 
90 27 88 79 12  5  7 51 91 45 
31 10 99 79 63 66 63 36 95 90 
64 11 74 13  6 37 98 75 43 42 
90 96 28 38 22 91 57 100 95 60 
97 90  7 82 68 46 72 97 60 93 
25 45  9 43 34 93 21 57 89  4 
55 62 22 90 66 29 49 58 28 25 
87 20 49 81 100 77 78 69 25 25 
82 17 81 10 16 99 43 96 13 89 
95 36 68 51 30  9 45 13 71 96 
23 31 22 46 55 44 13 14 81 13 
30 74 99 96 35 21 44 68  7 23 
 5 32 89 32 82  9 87  6 52 88 
82 20 33 71 88 34 96 74 44 49 
74 62 49 21  5 44  2 27  8 37 
40  6 98 25 41 53 89 54 92 19 
83 65 33 74 100  2 48 15 82 59 
28 88 14 44 45 75 99 70 75 20 
23 28 57 100 33 80 85 12 76 99 
61 74 62 98 28 72 41 35 68 77 
94 57  8 31 66 19 57 76 90 80 
27 28 82 39 15 49 14 36 50 79 
62 28 51 61 75 23 91 74 10 52 
74 35 74  4 90 30 98 35 10 85 
97 98 64 44 47 94 24 12 86 87 
80 92 59 48  5 80 43 29  9 19 
21 20 66 71 87 34 85 61 52 95 
87 58 63 21 57 15 57 37 34 22 
17  9 88 55 22 65 23  7 45  1 
 6 59 100  6 32 94 75  6 34 59 
73 29 41 32 23 26 58 99 48 72 
 4  1  7 29 25 16 40 78  7 88 
68 100 96 72  3 45 93 98 33 69 
31 42 66  6 49 62 91 99 80 71 
37 56 61 79 51 68 10  8 88  8 
24 85 41 80 32 13 33 53 36 47 
20 99 60 33 55 37 26 83 32 49 
58 28 27 99 95 96 51 87  1 63 
14 81 33 31 32 42 93  9 94 38 
42 95 80 35 17 30 47 67 19 88 
60 67  2 89 73 93 21 80 51 30 
77 100 13 84 67 89 41 75 72 38 
26 90 65 62 74 73 95 57 23 41 
98 13 13 28 29 44 33 14 48 22 
31 74 37 92 55 77 57  9  4 44 
91 47 25 98 24 67 23 34 89 98 
87 70 13 23 50 59 29 35 87 50 
89 26 64 18 58 57 33 81 39 98 
31 19 44 14 89  7 14 91 98 88 
45 14 92 86 47 85 40 76 48 47 
78 69 98 47 65 77 90 36 21 60 
66 40  6 23 44 48 48 15 89 66 
87 24 45 26 58 50 84 83 77 51 
41 85 15 27 66 97 15 80 31 100 
53 66 62 81 88 16 48  7 72 54 
44 52 18 90 62 51 51 63 82 50 
60 40 84 36 73 94  8 75 62 58 
50 68 21 73  6 30 100 97  1 98 
73 52 32 32  8 97 17 15 69 77 
29 35 76 44  1 56 80 52 37 78 
97  6 71 98 34 60 74 16 24 21 
38 31 37 21  6 79 14 85 11 58 
92 96 52 39 68 15 35 57  7 87 
99 46 29 20 28 33 42  1 85 44 
 9 94 10 52 98 46 94 74 46 57 
21 63 45 64  8 51  5 81 30 70 
11 24 91 53 29 63 56 29 13 87 
