20 100
17 63 11 36 28 14 61 36 16 80 18 43 39  2 12 92 54 49 95 63 
94 42 41 53 52  4 34 25 14 90 100 68 59 63  7  1  4 70 62 44 
89 68 79  8 32 97 93 48 31 79 82 96  4 72 14 84 13 90 64 12 
16 40 75 42 40 43 24 65 66 12 81 60 31 35 29 77 54 22 53 92 
85 32 20  5 70 16 11 34 72 99 27  5 46 50 85 43 64 91 47  4 
45 18 30 67 43 92 16 49 33 54  9 25  4 60  3 48 84 57 64 86 
10 85 71 10 56 15 67 37 24  5 92 17  2 32 55 99 18  7 60 47 
82 100 51 59 77  4 92 37 62 89 29 89 96 59 52 19 62 48 38 56 
28 57 13 90 71 73 30 56 71 78 43 91 93 99 59 37  1 59 90 67 
84 38 22 87 51 42 93 52 98 25  7 79 99 46 61 12 81 47 17 19 
75 50 93 74 81 78 21 29 25 31 90 64 68 59 13 15 93 85  3 40 
94 60 77 10 29 83 92 13 80 20 82 99 56 83 99 28 24 53 85 26 
16 51 59 60 69 89 18 90 21 98  8 71 43 73 30 84 47 74 93 77 
93 21 48 43 97 57 49  9 32 26 21 66 28 39 32 64 49 58 68 79 
19 68  2 39 60 30 96 18 14 68 74 59 11 22 51 44 45 96 77 45 
76 24 31 86 32 77 38 23 61 44 11 32 56 56 80 40 45 32 32 29 
89 64 52 97 43 53 93 68 38 85 89  3 77 71 14 53  1 47 62 52 
47 45  2 74 68 58 83 55 55 57 38 63 40  8 11 29 51 70 33 22 
84 17 13 17  2 38 83 36 44 57 17 89 100 85 70 14 36 22 41 85 
31 73 29 54 81 100 24  8 11 34  1 14 50 28 31 98 48 22 88 90 
24 90 45 73 50 81 57  1 44 87 38 37 81 82 58 24  6 22 14 39 
59 70  7 24 70 96 64 44 17  6 22 65 62 33 86 95 78 71  4  1 
38 10 91 57 58 20 68  2 13 99 12 32 61 38 90 73 81 35 30 50 
89 37 88 35  7 39 14  4 77 13 54 29 89 79 79 77 63 86 13 16 
68 33 37 100 16 73  4 19 71 98 70  5  8 44 44 44 33 98 74  6 
12 72 30 62 12 45 77 47 27 51 27 46 29 30 99 19 50 64  3 32 
28 71 43 26 94  7  5 45  5 94 63 20 83 46 30 44 85 46 81 69 
90 42 35 26 57 50 99  3 93 100  8 22 88 44 82  6 24 64 82 63 
52 80 46 67 62 13 10  4 81 68 12 92 71 89 45  5 86 18 80 61 
95 31 53 56 76 68 44 50 88 14 79 14 61 30 100 23  2 44 73 69 
63 28 74 60 66 24 97 79 57 86 51 84 30 12 87 32 47 33  8 37 
13 23 27 58 79 73 50 18 88 32 70 65 90 91  3 49 46 69 79 86 
28 29 100 21 17 20 26 18 18 80 28  2 83 27  4 57  2 71 88 47 
24 96 80 100 77  2  2 39 18 69 34 74 46 79 68 96 74 91 77 11 
72 42 81 98 15  2 33 82 10 82 26 35 82  5 49 19 19 87 90 98 
32 78 59 41 11 59 30 34 11 19 26 25 31 16 100 79 68 29 50 58 
28 59 15 30 49 60 46 94 51  6 92 50 55 95 24 82 91 97 72 18 
43 69 85 57 99 48 60 54 100 75  3 48 83 30 57 58 43 52 87 49 
41 83 12 83 73 95 10 41 17 43 92 14 13 28 19 16 85 13 60 65 
58 67 40 77 49 82 29 70  5 86 30 67 32 34 29  4 34 71 21 85 
 6 10 64 74 32 67 84 37 54 96 26 45  5 59 92  9 84 43 44 52 
 6 84 34 15  7 53 68 98  8 54  7 99 88 95 65 18 52 43 46 94 
46 80 72 77 32 79 84 51 78 12 90 75 36 14  9 60 84 72  6 96 
58 71 46 93 52 15 92 34 18 86 44 61 98 73 83 78 74 53 79 87 
96 96 29 12 94 15 27 57 88  3  1 52 82 35  3  1 68  7 49  5 
59 26 55 64 64 41 95 51 73 73 91  2 72 29 68  1 35 76 86 41 
51 34 94 60 96 86 71 63 43 66  5 93 31 93 18 95 83 90 43 83 
69 75 30 96 22 68 50 74 29 79 58 52 59 27 11 70 33 14 76 40 
44 38 79 98 57 10 66 58 30 75 15 56 12  7 20 35  5 81 28 21 
23 59  5 72 12 94 98 42 98 20 43 20 100 92 93 42 64 32  4 14 
23 93 76 23 97 84 28  7 87 89 60 67 10 51 71  9 11  2 41 65 
49 10 62 67 47 30 57 38  4  3 55 27 68 31 94 20 19 84 47 23 
 3 30 30 70 74 54 29 15 32 24 94 79 32  2 26 60  6 87 24 80 
20  9 10 86 46 15 73 35 92  6 13 69  1 25 65 92 35 48 86 63 
 2 25 65 11 33 85 22 19 31 72 53 59 19 19 18 21 71 11 53 93 
100 13 83 14 54 99 46 68 77 21  1 54 42 76 57 76 60 46 42  4 
 8 31 16 67 27 27 53 49 65 50 21 66 95 80 50 11 70 15 20 74 
97 97 98 84 10 24 15  9 55 49 90  4 70 17 51 78 82 95 87 43 
75 65 72 22 28 49 25 82 98 93 37 90 72 51 45 21 58 75 93  7 
 2 84 37 50 11 14 10 26 53 66  1 16 18 11 17 92 11 63 77 70 
77 38  7 12 30 75 99 17 88 13 63 41 77 57 71 79 90 53 49 25 
99 34 35 47 95 47 73 93 88 46 41 60  7 64 16 73 18 59 46 15 
27 63 80 54 61 20 71 58 87 91 56 18 74  9 37 24 77 85 34 81 
85 99 74 59 67 16 67 27 80 16 33 51 46 53 46 75 93 56 42 18 
66 20 11 65 24 74 12 63 95 51 28 14 99 97 89 91 36 10 72 79 
18 29 38 13 37 75 37 100  6 64 32 75 74 53 100 37 76 53 90 49 
79 43 28 40 49 63 45 22 48  5 66 95 74 21 50 60 26 41 64 63 
29 34 39 28 32 98 60 57 30  4 25 49 88 30 93 81 33 77 59 78 
42 15 52 80 99 75 94  9 84 59 40  6 58 52 41  3 24 48 51 62 
57 18 75 22 47 26 52 47 86 37 91 89 52 89 56 58 16 28 40 56 
33 54 100  8 42 68 42 38 16 56 75 10 89 76 16 58 30 86 30 39 
85 94 32 68 92  5 12 12 46  1 10 89 56  7 25 24 10 12 51 10 
21 93 26 28 16 24 50 21 95 10  2 70 81 48 29 90 35  3 91 14 
33 20 68 62 62 93 50 86 94 95 82 49  3 91  4 29  7 59 10 64 
40 49 37 25 83 41 13 49 42 59 16 56 42 50 75 36 99 14  8 35 
37 73  4 67 84 47 81 16 30 28 78 50 87 32 70 18 44 33 84 97 
 4 61 18 20 34 82 50 33 93 55 31 26 24 91 25 59 88 100  8 84 
74 17 75 16 60 27  9 17 26 43 36 100  3 47 100 21 79 72 45 98 
55 53 21 59 56 43 89 75 52  9 39  4 45 35 26 78 36 56 12 98 
95 92 74 74 11 11 67 64  7 41 55 85 34 51 72 84 41 88 27 21 
76 57 91 66 76 78 20 59 14  4 23 20 44 77 30 75 11  3 32 78 
63 97 100 29 50 17 82 43 68 69  4 58 29 14 92 59 95 71 32 90 
72 39 21 88 26 97  3 98 53 86 18 82 92 15 41  7 76 15 18 12 
10  4 77 72 14  7 44 22 85 34 64 80 29 67 85 12 55 83  5 15 
49 26 66 30 86 45 92 32 52 24 21 82  7 22 95 23 55 70 28 40 
66 81  4 43 37 52 39 95 53 85  3 73 66 86 78 48 64 87 42 43 
62 71 47  4 44 92 91 24 49 93 30 98 36 15 34 47 61 39 92 18 
28  2 71 77  2 67  7 20 84 58 53  9 52 94 52 93 34 70 32 80 
 8 48 27 63 40 28 87 28 20 35 100 74 88 62 62 27 47 69 95 47 
33 93 64 35 13 81 18  1 80 17 56 11 61 96 38 87  4 39  8 22 
80  9 81  5 67 11 15 88 19 56  6 45 76  4 38 72 89 58 59 69 
 6 81 43 94 64 70 33 10 79 40 53 29 54  7 49 91 21 77 62 87 
35 21 12 84 36 78 65  4 32 62 93 11 98 42 89 85 69 21 34 47 
67 98 12 92 80 66  8 80 20 18 88 35 80  7 63  3 15 97 100 50 
90 84 65  2 85 49  6 59 95 21 28 38 84 97 39 12 20 25 65 97 
91 43 78 98 36 98 12 10 57 42 100 46 71 21 65 85 67 68 86 14 
37 67 17 43 84 10 42 18 59  8 60 44 96 73 17 28 40 40 55 82 
88 72 21 100 37 19 97 42 79 48 88 46 54 72 98 47 67 95 16 76 
90  6 76 42 39 67 28 58 61 32 80  5 51 67 90 34 22 42 74 58 
64 73 40 64 53 22 18  4 85 57 21 37 30 13 37 95 44 49 26 35 
