20 20
 3 91  8 23 57 20 42 23 57 41 78 86 12 53 99 83 65 99 38 81 
66  1 95 93 89 12 31 48 89 56 60  8 39 22 50 69 16 70 88 41 
99 15 47 69 89 91 83 67  9 34 40 41 23 48 70 16 83  2 64 30 
 7 80 31 96 87 30 50 99 29 97 19  7 79 18 30 56 52 76 69 51 
89 26 37 26 12 41 98 54 39 53 98 82 13 100 61 81 97 66 41 80 
 3 36 36 61 34 89 96 26 58  7 93 89 36  4 97 70 51 50  6 96 
72 17 31 95 30 70 43 16 19 10 91 91 23 45 28 64 45 93 30 78 
12 49 37 95  2 11 26 90  4 24 82  7 45 59 66 48 91 92 99 19 
20 53 32 28 72 91  7 84 89 96 97 98 22 42 47  5 78 89 41 77 
49 37 54 78 91 95 52 27 91 11 29 84 60 19  4 75 71 79 72 52 
14 27 33 16 100 59 86 39 100 55 85 45 50 100 12 20 85 98 99 16 
17 47 40 42 96 78 59 74 65 53  4 27 15 14 61 85 90 75  3 85 
59  8  6 27 62 84  6 14 74 27 85 43 31 27 98 53 95 11 100  2 
 7 26 54  9 55 26 70 44 87 59 100 86 53 34 26 54 34 49  5 26 
 4 76 18 45 92 13 84 82 82 64 18 16  2 12 77 31 45 66 98 12 
63 20 57 36 90 21 27 58 80 64 60 81 30  5 85 97 20 18 39 74 
78 38 39 44 94  9 83 35  1 53 78 24 89 85 53 17 68 72 70 29 
66 70 64 81 62 15 52 17 46 45  3 32  1 15  5 74 43 93 87 74 
55 61 18 75 26 66 44 76 99 21 13  8 94 90 65 66 93 48 95 95 
91 34 87 92 75 44 85 85 38 99 74 86 80 75  3 27 33 84 65 27 
