20 200
59 71 64 96 52 59 34 97 91 43 90 20 64 51  4 58 87 66 52 15 
69 65 73 28 93 21 44 79 24  5  7 27 46  1 56 17 100 80 47 49 
34 12 18 11 50 97 39 60 39 44 28 97 87 13 38 98 73 44 88 80 
 1  8 17 93 64 80 38 87 27  8 86 69 55 58 19  6  4 100 11 42 
37 25 46 42 21 26 76 10 87 15 88  9 79 26 11 50 29 62 74 82 
59 40 85 88 66 21 69 57 60 10 36 82 43 46 58 19  7 47 34 63 
73 89  9 43  2 93 14 32 37 44 88  5 67 30 68 61  2 98 44 13 
78  8  3 22 94 10 38 44 37 68 14 19 98 18 35 97 86 56 29 96 
75 84 22 68 88 92 73 73 25 56 48 72 84  1 11 23 50 98 68 72 
97 28 40 21 41 22 69 70 13 32 51 24 17 96  3 51 27 16 68 14 
69 32 73 36 36 77 91 61  2 100 80 89 11 90 39  3 72 32  2 17 
84 29 95 68  4 32 18 58 69  8 32 39 11 13 77 88 86 75 86 31 
34 100 18 73 32 51 91 92 40 79 89 47  3 47 61 82 38 88 87 36 
75 65  5  4 89 67 84 96 100 13 66  2 18  9 26 85 96 81 52 34 
 8 38 30 27 17 28 30 74 66 75 36  5 49 18 23 87 82 81  3 65 
48 42 15  4 36 85 81 32 75 69 99 58 65 62 15 100 88  7 79  3 
58 96 77 33 47 19 16 42 12 48 87 94 14  5 67 33 37 85 34 67 
42 27 50 75 41 47  4 16 98 66 79 10 100 20 48 47 38 27 84  3 
39 86 87 89 63 78 87 81 45 90 24  2 37 51 94 71 73 77 39 44 
60  6 61 22 45  7 42 28 55 88 13 81 21 55 40 34 50 68 13 97 
35 42 37 27 86 45 56 21  8 14 91 25 12 59 53 85 79  5 71 93 
45 76 91 28 100 90 46 15 64 58 35 88 96 44 91 59  2 85 63 69 
68 99 28 28 92 91 22 28 51 21 84 59 80 98  7 69 28 16 55 98 
 8  9 82 86 26 66 37 81 19 69 73  2 38 68 65 19 42 44 32 28 
44 85 45 97 82 83 100 37 34 45 33 31 84  4 69  6 13 35 63  7 
84 72 25 64 78 40 73 32 42 12  5 50 41 10 12 38 54 78 95 92 
19 18  4 90 95 42 52  1 44 65 55 56 32 27 36 26 92 65 47 86 
35 39 43 88 29 43 48 29 57 27  3 94 56 52 16 54 74 61 70  1 
61 92 48 59 19 80 15  2 73 14 37  5 57 67 18 14 65 70 19 29 
37 16 21 16  7 40 16 66 22 71 50 72 70 11  5 87  6 62 69 70 
66  6 96  6 20 53 93 43 83 25 85  3 88 45 40 59 88 12 79 28 
13 68 83 88 85 15 84 82 19 79 70 67  8 14 55 87 61 10 31 98 
94 46 67 92 58 12 50 19 95 74 36 51 57 64 21 36 87 61 94  8 
28 36 75  1 46 44 60 41 91 34 15 68 68 88 91 92 36 62  4 47 
98 35  7 59 67 73 84 44 82 73 54 35 24 17 80 30 83 85 34 79 
25 22 82 19 86 45 47 32  2 98 20 44 11 77 83 36 15 27 96 49 
11 63 24 77 69  2 14 53 27 56 44 69 63 58 67 93 93 73 15 92 
 3 31 55 49 12 22 58 85 26 26 44  7  1 24 89  5 99 24 54 83 
39 100 51 99 55 43 53 92  8 94 39 41 22 49 13 50 90 53 60 98 
65 33 50  2 22  3 95 57  4 92 26 38 50 31 37 12 30 17 47 54 
38 28 57 66  5 55 37 23 32 98 88 26 76 86 69 45 29 17 59 74 
64 34  8 13 49 45 17 51 59 51 27 73 46 54 33 94 15 83 97 35 
 9 31 43 42 94 60 97 17  7 77 15 91 76 25 22  7 70 83 11 29 
97 97 70 31 71 39 97 62 90 69 87 84 26  4 97 51 95 94 66 10 
49 64 36 21 61 54 42 29 92 10  6 30 93 86 80 44 76 20 42 100 
38 55 53 32 23 97 59 27 59 24 45 20 16 53 16 17 61 27 52 67 
 8 25  7 61 17 75 82  2 71 98 36 31 47  9 47 36 64 89 52 60 
73 59 92 19 64 38 71 73 97 74 16 74 45 89  3 26 58 55 87 88 
29 98 66 49 19  5 59 94 58 78 67 86 84  9 99 84 45 85 67 54 
69 90 26  8 51 25 74 46 33 93  8 65  5 45  2 16 49 17 32 87 
17 15 28 93 70  5 21 97 100 41 25  5 71 34  7 22 32 32 93 81 
34 86 19 42  5 36 28 92 37 67 75 61 48  9 14 92 57 89 85 42 
64 47 84 80 68 80 72 28 21 14 82 56 51 46 21 72 75 13 50 78 
36 82 16 21 24 75 22 17 60 28 16 54  7 13 92 90 55  7 10 64 
86 38 15  7 72 41 20 69 76 59 45 22  1 100 87 60 61 68 100 42 
18 57 86 18 92 10 29 81 60 60 12 23  2 61 53 30 26 34 76 86 
29 67 37  9 35 90 82 33 12 18 17 34 22 12 71 100 77 95 81 12 
18 87 68 24 97 40 72 86 98 23  7 80 41 54 49 99 36 97  3 98 
100 89 50 85 39 11 88 50 53 45 34 35 18 38 33 34 67 73 43 89 
92  7 32 57 10 65 35 86 68 57 22 66 82 87 70 53 22 38 47 89 
94 62 79 32 78 16 95 55 48 74 56 46 94 73 71 10 85 72 73 24 
10 58 15 84 24 91 56 55 42 70 21 86 13 76 100 29 42 40 80 15 
86 95 17 20 22 93 51 95 16 69 31 42 71 71 80 59 82 14 33 55 
94 85 63 45 70 83 79 45 16 68 19 58 99 75 79 70 43 19 36 68 
18 60 55 90 33 71 34 26 81 31 34 21 84 65 46  1 27 79 38 67 
35 63 58 69 65 16 37 60 51 26 96 54 85 37 80 46 77 71 11 49 
 6 90 39 84  5 85  8 86 21 69 64 42 15 76 91 41 70 50 90 69 
95 22 42 24 98 58 30 53 57 89 14 24 33 74 67 95 89 48 45 23 
52 66 54 31  4 60 78 61 89 45  1  9 46 89 20  2 43 75 35 52 
99 63 63 24 97  9 28 36 28 81 61 32  5 74 45 38 18 21 89 40 
41 35 50  3 16 48 62  2 24 29 77 45 36 49 87 79 95 96 47 32 
95 27 16 37 88  8 96 100 64 24 37 49 36 90  5 75 42 25 12  3 
90 14 31 81 57 86 96 31 68 71 50  1 43 89 23  4 71 39 17 71 
22 60 56 59 22 47 54 38 26 55  9 19  7 41 95 58 59 17 65 69 
83 30 91 99  3 85 84 11 28 19 67 38  5 67 82  8 96 78 20 75 
60 56 27 51 29 55 76 52 68 13 29 35 10 54 68  6 78 21 23 30 
50  2 45 21 26 44 64 92  4 19 18  4 43 57 81 51 27 62 49  4 
18 80 72 16 43 45  6  5 19 57 21 34  8 32 42 83  1 94 68 58 
52 74 30 52 46  7 19 91 50 54 55 33 10 62 16 43 47 28  8 64 
89 88 61 81 49 14 16 77 100 46 78 87 21 76 92 60 93  6 66 71 
44 64 44 54 83 98 96 29 71 40 77 73 36 94 75 70 41 16 88 70 
22 46 30 64 78 35 56 12 20 98 43 23 95 15 45 97 81 62 35 19 
54 88  4 52 96 96  9 40 28 22 87 95 76 42 11  5 67 46 36  5 
 7 40 24 24 79 75 74 36 29 51 20 15 100 22 93 22  1 78 73 41 
31 64 42 37 76 100 91 78 49 40 53 66 75 67 52 64 99  2 63 69 
42 91  3 72 84 67 50 71  2 76 34 87 14 73 82 28 46 19 26 52 
39 87 92 29 13 32 71 42 32 62 66 33 64 96 92 78 67 61 77 16 
98 93 83 78 46 35 18 53 82 100 61 24 66 15 46 31 23 37 85 37 
59 91  2 32 51 31 31 70 42 66 97 84  2 11 85  3 87 47 86 54 
93 94 32 80 45 62 93 79 28 83 95 77  4 59 74  5 82 77 86 46 
26 49 52 19 54 81 61 61 33 29  3 36 56 29  6 38 61 77 22 72 
46 47 47 22 52 23 10 17 63 68  1 99  8 86 88 55 49 95 47 91 
38 48  4 63 79 16 93  8  1 35 22 20 90 91 59 26 66 95 70 47 
41 52 83 40 43 17 29 27 62  1 26 52 26 66 58  8 36 41 97  6 
16 35  4 17 57 67 68 46  5 79 87 36 96 85 49 22 56 31 15 29 
37 13 100 51 38 69 75 29 72 77  8 66 35 64 29 53 52 40 67  5 
 5 83 98 11 90 76  8  2 80 75 91 63  4 87 35 48 80 100  4 59 
18 45  1 66 95 57 94 35 25 72 79 93 13 83 42  7 66 47 37 28 
39 92 79 26 76 45 31 29 65 47 65 65 86 64 96 35 92  3 66 55 
76  5 72 30 27 55 91 26 57 81 76 41 65 59 33 18 24 43 78 98 
 4 75 79 77 77 31 15 48 75 88 100 70 69 45 69 38 64  4  3 98 
61 29 19 32 33 45 66 100 96 12 68 90 73 45 51 79 91 21 54 79 
39 99 16 43 96 32 45  7  4 80 47 94 70 60 56 20 83 91 33 54 
 8 52 43 23 52 53  3 70 38 34 70 81 22 80 84 86 77 49 62 64 
29 23  9 11 16 90 74 50 36 87 91 42  3 32 27 80 85 18 64 98 
98 24 23 16 18 68 91 69 58 68 29 51 45 80  3 74 90 21  8 84 
36 49 57 54 52 47 65 42 73 37 53 38 22 80 93 17 79  5 42 47 
13 47 30 100 13 50 63 40 34 78 69 82 48 15 30 36 67  1 55 51 
89 12 87 18 12 43 38 97 86 47 87 73 30 76 77 42 40 34 92 37 
62 64 42 77 38 44 16  7 60 57 18 100 42 94 63 67 95 68 64 74 
91 37 10 37 97 82 90 98 85 53 93 75 32 65 37 55 22 22 83 90 
26 99 62 38 53 76 43 56 48 63 23 62 36 27 98 22 38 29 56 55 
 8 100 88 16 38 100  2 92 36 64 77 99 23 10 23 86 86 12 96 56 
73 58 87 90 64 29 10 33 19 80 44 73 12 80 40  1 65  1 38 25 
99 66 78 59 60 33 44 16 37 83 78 42 64 30 37 74 11 65 80 91 
 5 27 25 23  9 17 64 52 77 15 88 77 68 31 45 28 37 23 31 36 
96 74 43 14 42 68 59 59 96 23 59 28 24 75  6 61 78 87 60 47 
33 89 34 19 38 45 86 15 50  9 13 45  8 11 75 71 75 64 68 60 
54 36 74 65 13 54  5 90 99 75 92 90 95 76 61 53 86 41 78 81 
80 56 23 19 29  3 71 85  4  7 74  9 76 47 17 41 67 13 33 13 
41 75 92 47 16 17 44 90 14  2 25 67 25 80 19 66 70  7  3 76 
30 30 75 82 30 82  7 73 92 35 71 39 19 38 44 67 38 49 51 72 
 3 92 92 77 22 100 88 52 90 68 68 83 67  3 75 47 84 55 98 70 
86 92 59 94 76  5 36 30 14 47  4 65 95 55  2 73 81 49 89 90 
96 19 13 83 51 21 84 67 84 26 48 20 52  4 51  4 73 84 99 29 
 3 94 24 42 16 15 49 18 98 43 54  5 99  5 17 13 11 91 89 50 
62 34 51 42  5 21 55 55 47 15 78 34 34 82 37 36 93 86 66 12 
66 22 70 75 46 81 64 84 86 16 96 15 97 96 43  2 99 31 92 39 
64 64 16  4 19 82 60 36 40 76 18 68 30 87 14 68  5 12 19 87 
63 95 30 39 45 50 12 44 60 25 68 17 46 99 61 12  2 94 18 69 
60 72 73 73 80 26 39 53 27 69 67 81 66 89 80 10 37 47 26 29 
12 74 75 98 34 75 28  3 37 89 39 77 97  8 53 87 91 45 45 16 
91 37 89 10 34 39 32 52 16 89 82 72 21 63  1 90 81 10 42 18 
68 82 83 15 56 25  5 64 75 36 30 76 58 10 58 62 61 60 69 56 
81 95 52 90 12 21 48 10 98 96 60 49 74 74 65 47 64 28  2 58 
66 72 64 46 69 60 42 88 73 33 76 59 99 30 76 50 30 38 97 64 
12 63 27 83  1 42 46 34 86 23 53 43 10 36 74 32 41 45 85 20 
 6 48 59 98 84 74 50 64 97 37 51 78 28 53 59 67 63 81 22 31 
15 97 52 18 56 83 48 30 82 48 69 24 82 46 69 97 60 21  2 10 
86 89 36 97 58 93 17 24 29 83 16 25 50 89 56 10 76 60 80 38 
23 80 39 73 59 69 74 79 78 12 61 43 83 70 57 81 42 36 62 61 
24 13 11 19 98 14 71 63 63  5 52 33 93 79 64 85 42 38 88 86 
59  5  9 63 41  6  4  3  6 32 21 63 28 36 25 66 50 64 71  5 
58 49 91 35 46  8 92 10 65 90  7 17 49 63 82 18 81 85 68 23 
65 99 62 86 98  1 16 60 54 44 48 92 36  8 10 30 95 16  8 22 
95 23 65 52 43  2 97 71 16 19 25 87 10 31 94 98 44 51  6 92 
73 77 93 98 18  9 22 81 39 100 28  6 73 87 55 68 11 88 95 11 
50 71 79 67 74 74 66 19 43 85 28 71 31 12 70  9 32 61  3 65 
100 34 11 100 86  9 85 60 87 21 72 64 52 81 16 82  2 49 67 66 
51 77 83 52 29 37 62 26 61 65 15  2 98 30 81 72 48 68 22 25 
65 30 23 49 100 65 67 82 67  6 27 16 86 18 63 47 37 50 79 88 
64  1 17 26 54 75 38 57 33 70 85 39 86 71 29  3 52 29 98  6 
88 25 52 52  6 58 19 21 64 24 83 61 75 36 60 64 31 57 70 89 
 2 69 67 29  3 62 63 47 74 40 25  8 88 11 17 26 12 50 100 48 
13 88 60 73 11 35  8 63 65 34 94 84 98 73 78 63 17 44 15 24 
77 83 93 32 59 47 63 92 74 25  8 14 88 11 16 100 26 43 34 20 
46 56 23 83 68 31 16 68 50 27 26 77 34 81 53  3 80 39 26 48 
39 77 59 83 55 73 90 41 10 49 78 19 25  8 21 58 72 92 75 45 
91 93 59 45 86 26 71 87 34 57 55 100 16 68 100 77 62 31 66 65 
28 93 63 89 96 64 27  4 84 32  8 81  6 95 91 63 31 78 38 49 
70 55 89 62 14 100 32 15 63 97  6  7  7 75 48 95 85 73 42 30 
61 25 58 17 74  6 31 73 63 11 38 61 97 81  7 87 51  3  4 70 
 5 88 19 64  2 59 53 83 37  5 12 43 26 75 44 18  8 69 17 86 
23 25 21 42 51 66 89 28 62 55  8 72 48 83 83 46 38 57 16 39 
86 22 41 19 50 28 44 28 55 88 17  4 81 67 76 52 84 89 28 59 
54 13  8  8 83 48 62 80 33 71 97 86 42 87 58 98 71 78 55 70 
37 78 72 22 34 13 93 56 88 61 70 51 96 13 49 45 58 23 79 65 
59 79 10 74 46 99 55 53 86 34 66 28 87 89  9 68 11 18 83 56 
69 69 14 24 59  5 93 23 86 10 27 14 68 89 24 84 21 31 58 100 
70 70  7 83 22 64 82 49 26 42 66 76 61 34 59 19 55 74 45 21 
14 54 50 27 74  7 11 84 48 45 38 35 48 90 62 55 90 95 20 96 
47 93 58  2 84 10 69 61 40  9 45 47 84 54 23 30  2 40 67 20 
50 26 71 31 57 85 77 13 22 100 34 31 79 14 18 27 77 29 43 84 
61 51 73  5 85 12 78 54 41 17 11 31  4 89 69 59 80 25 90 54 
61 44 80 97 49 48 76 18 36 77 57 89 58 85  8 56 78 27 24 24 
61 33 65 24 22 79 38 62 46 23 29 39 83 64 13 91 58  3 30 77 
50 16 95 80  7 33 81 22 66 45 86 49  6 51 28 79 41 21 74 98 
16 55 51 17 96  7  3 94 81 55 28 52 99 63 94 68 57 75 71 59 
70 75 61 22 48 31 38 17 13 32 29  2 29 23 65 45 37 54 85 95 
31 61 72 16 88 12 95 42 98 28 99 64  5 21 34 31 16 64 93 98 
78 16 98 86 13 40 35 96 53 73 64 26  9 73 50 35 12  3 17 99 
24 74 28 97 20 20  8 12 27 13 98  5 81 23 61 42 27 52 29 86 
18 24 14 68 37 34 31 55 97 81  1 82  6 13 44 17 73 11 55 29 
31 46 29 97 89  4 34 100 17 90 69 60 15  7  1 80 86 45 62 15 
90 60 31 65 43 29 81 56 89 40 100 17 27 79 72 71 80 89 95 15 
57 84 29 74 64 93 62 57 56 97 89 59 98 71 42 94 17  7  9 44 
50 14 14 91 45 58  5 29 74 78 27 42 90 63 35 46 45 50 14 93 
89  6 47 24 75 25 38 47 33  1 80 89 53 78 46 90 93 12 62 48 
62 93 49 80 87 10 82  3 23 24 79 23 70 100 19 21 56 79 90 70 
12 59 74 69 68  2 61 62 13 80 23  5 82 52 72 32 62 31 33 95 
83 19 79  1 22 19 95 65 31 92 33 27 32 32 70 52 61 11 57 34 
18 18 70 56 13 77 40 89 60 28 38 18 47 88 88 18 12 81 54  1 
48 89 100 79 85 30 77 22 93 97  2 87 19 80 22 24 17 21  6 71 
17 70 53 95 77 40 21 28 100 80 81 64 71 14 44 78 26 85 67 99 
 2 97 17 28 85 85 14 99  9 87 86 79 79 12 69 39 94 86 90 65 
52 34 12 43 53 57 70 56  5 42  9 56 41 95 69 31 90 33 75 86 
39 30 92 70 39 19 44 17 57 40 84 27 48 94 49 20  1 25 20 40 
30 31 19 35 96 22 87 97 43 33 50 72 92  5 11 87 71 68 97 78 
38 64 10 56 83 85 61 74 99  5  9  1 19 92 69 48 19 97 58 58 
 2 58 52 92 29 25 69 65 36 81 95 83 44 44 23 71 82 83 29  4 
