20 50
55 89 43 35 53 91 20 34 39 21 63 86 79 97 94 16 90 58 92 56 
91 41 28  7  2 84  8 39 93 55 38 91 93 91 76  8 38 88 13 98 
22 95 44 22 62 17 90 63 42 89 30  3 26 94 16 32  5 23  5 26 
87 80 91 63 39 53 38 83 52 81 90 40 36 76 50 46 30 87 11  8 
98 95 99 22 52 57 29 79 46 88 79 72 72 27  3 58  6 73 15 64 
 4 93 81 64 100 67 53 60 97 55 54 71 31 43 22 31 70 42 22 72 
19 28 24 85 29 46 33 66 65 69 14 66 60  9 95 74 59 17 38 15 
91 44 35 74 36 56  5 55 100  4 79 41 62 73 78 82 15 19 35 56 
47 48 19 20 68 96 39  1 50 81  7 29 59 11 96 70 85 17 80 87 
60 93 26 42 36 73 95 41 68 10 18 17 37 18 20 66 54  9 95 38 
49  1 13 96 58 43  2 29 86  6 41 15  3 23 17 84 34 85  2 71 
28 56 79 68 31 23 11 68 55 79 64 63 89 21 78 29 70 29 34 64 
17 36 83 44 23 97 96 18  4 20 92 32 51 27 93 57 76  1 20 39 
44 60 99 68 19 30 36 55 46 89 51 33 18  3  4 71 23 16 40 54 
27 15 34 49 13 37  7 53 31  9 64 59 98  2 44 80 39 98 96 60 
88 35  7 98 62 57 12 15 64  4  7 22 79 29 87 58  2 47 43 67 
18 87  4 84 65 89 61 78 80 64 80  1 63 25 34 67 78 46 35 70 
62  8 64 71 27 28 36 39  7 53 27 23 18 86 29 38 33 100 46  7 
53 40 88 64 44 20 83 33 54  4 49 84 24 83 85 100  9 36 65 60 
72 22  4 13  2  3 55 13 54 33 65 52 69 94 76 17 68 49 38 28 
38 27 18 77 67 26 60 50  2 17 46  4 93 21 69 14 20 54 69 63 
57 20 25 82 83 99 75 39 100 83 25 48 37 13 97 69 71 56 14 26 
 9 46 64 74 25 77 91 94 23  3 19 77 89 83 42 77 78 15 68  1 
82 60 81 86 20 58  7 41 100 29 11 81 19 89 61 52  6 18  7 93 
 7 91 18 45 20 70 46 76 11 92 22 52 85 60 12 33 56 42 48 15 
36  1 30 57 58 22 46 76 67 52 24 87 20 71 27 97 95 13 80 51 
71 27 13 39 77 48 92 95 58 65 83  9 58 96 76 68 53 49 57 62 
84  6  1 80 80 42 31 69 58  9 10 15 64 70 55 78 45 86 76 40 
56 80 96 54 65 10 49 91 83 63 31 97 30 20 67 26 21 47 74 72 
66 91 88 51 43 25 80 70 47 14 35 30 23 23 54 23 97 56  4 36 
64 30 10 45 25 76 51 75 59 55 30 16 18 61 53 84  2 99 67 43 
52 14  3 59 31 29 88 79 66 55 38 67 38 60 65 82 76 74 54 25 
 2 29  5 50 70 52 67  3 51 45 88 43 88  6 40 52 86  6 85 20 
 4 89 54 89 92 97 77 34  6 94 96 11  2 65 33 23 56 30 58 38 
53 92 26 92 73 34 15 15 64 37 42 61 68 10 29 89 19 84  9 89 
45 78 62  3 95 23 46 47 75 16 12  6 19 29 12 45 15 94  5 95 
12 66 44 62 16  7 83  8 53 67 66 35 66 75 51 35 54 97 60 16 
50 18 30 22 70 74 59 17 65 23 48 91 21 92  9 12 48 36 44 57 
84 82 17 70 46 46 58  5 95 12 35 93 97 61 78 52 18 91 16 18 
21 63 95 59 55  4 12 41 55 84 54 52 91 30 36 12 98 46 33  3 
48 67 93 91 94 60 28 61 88  6 74 65 18 21 17 54 36 49 40 47 
80 60 87  8 94 76 17  1 40 70 46  6 41 55  7 100 73 36 94 20 
31 13 77 50 36 79 45 26 16 20 54 40 38 37 34 20 55  1 100 95 
87 91 45 36 87 81  3 85 44 23  1 47 100 53  4  4 25 53 57 50 
64 41 27 35 28 46 65 11 31 45 98 52 92 61 48 56 73 68  5 43 
36 11 10 90 20 55 43 11 40 69 10 43 13 92 59 85 16 35 35 59 
34 37 58 27 72 37 95 84 63 64 35 89 74 90 82  7 72 50 73 47 
35 87 39  4 17 77 33 96 26 17 42  4 76 54 44 94 85 84 16 78 
78 90 42 40 35 55 45 43  6 70 97 91 74 18 99  4 62 99 33 11 
73 48 60 42 98 82 31 74 97 14 13 43 24  5 56 62 56 52  4  6 
