10 100
61 77 86 82 77 43 73  9 35 43 
39 66 55 78 63 20 24 95 17 24 
12  1 91  5 42 87 37 15 69  8 
90 52 50 47 84  5 11 62 54 37 
67 33 32 36  8 47 95  6 53 25 
98 10 77 31 15  8 98 97 25 62 
86 42 45 21 23 48 36 51 82 63 
44 99 29 75 52 95 25 55 21 92 
51 26 33 53 61 70 35 70 50 60 
55 86 76 52 26  1 75 99 68 94 
78 100 87 62 18 75 68 83 51 48 
 6 12 25 70 57  9 76 15 30 22 
38 91 35 36 76 33 33 34 38 64 
64 98 83 19 44 72  9 59 94 38 
46  1 51  3  7 35 71 73 80 94 
52 82 11 39 90 78  6  2 45 70 
 4 64 84 30 21 52 39  1  1 64 
63 54 42 28 55 48 90 56 24 90 
65 83 68  8 24 22 29 12 83  5 
91 95 84 28 53 94  5 17 51 76 
70 47  5 17 61 53 81 51 23 82 
24  4 31 21 44 24 69 92 87 95 
60 92 16 44 29 49 78 60 89 45 
 9 66 84 17 37 22 83 19 70 14 
73 31 78 71 40 54 26 12  9 22 
 2 69 49 21 43 73 69 48  1 50 
19 56 41 35 28 84 80 71 44 67 
73 75 59 38 82 52 93  8 32 97 
49 14 36 31 55 64  1 93 49 82 
66 56 74 25 51 73 86 81 34 93 
94 91  9 44 64  2 50 14 82 43 
97 92 100 35 68 91 20 33 28 39 
57 39 19 49 81 78 15 70 33 45 
55 23 60 88 72  4 54 83 12 91 
91 11 62 26 37 19 75 99 36 53 
25 83 43  9 91 91 53  2 20 34 
69 73  2 11 87 75 59 39 79 40 
94 69 43 23  5  1 35 96 95 40 
62 70  7 93 51 30 23 57 84 75 
40  3 40 10 24 85 33 14 31 18 
12 57 81 21 70 77  3 64 28 77 
82 13  5 56 51 79 58 47 69 44 
60  4 49 21 90 21 70 37 14 90 
58 52  2 88  6 26 81 23  2 54 
18 86 27 17 44 28 81 23 34 25 
23  6 24 24 14  3 34 89 85 38 
97 44 34 64 43 19 78 78 33 85 
 2 40 27 66 30 41 49 50 23 70 
97  7 53 66 12 99 43 89 79 56 
76 83 28 28 99 39 62 12 34  9 
96 45 10 76 55 72 67 23 75 76 
27 37 39 18 35  7 66 81 56 34 
 3 91 56 12 39 61 62 59  4  4 
95 85 65 33 70 93 41 85  7 61 
56 57  7 59 54 62 11 74 50 22 
88 32 95 56 44 32 22 40 43 54 
12 69 40 84 34 60 76 82 22 84 
56 65 41 54 95 82 14 38 44 18 
85 29 43 21 97 82 99  9 15 99 
49 30  5 77 32 53 13 14 67 89 
 6  7 96 60 17 46 25 51 10 58 
60 32 73 68 65 18 11 62 80 16 
28 49 83 57 99 76 100 41 37 12 
17 85 47 51  2  9 44 16 55 42 
47 96  2 44 36 84 71 64  3 59 
92 25 63 61 83  4 26 58  8 64 
37 72 29 64 99 61 95 95 43 68 
56 85  6 77 26 80 74 34 35 86 
48 100 91 93 75 100 15 44 44 77 
72 24 24 98 75 49 57 74 41 68 
82 54 93 81 15  8 46 61 57  2 
70 30 79 52 81 91 97 89  7 16 
99 13 83 51 24 53 39 14 20 65 
22 100 45 55  1 88 36 51 34 30 
35 22 86 95 67 34 62 14  9 30 
41 12 21 72 12 33 77 10 80 94 
54 33 15 48 61 93 21 79 78  5 
94 44 42 23 10 43 91 39 77  9 
13 18 74 14 90 68 15 60 90 32 
 6 96 97 40 10 92 20 39 90 92 
31 10 60 35  2 25 91 93  3 17 
28 68 82 91 99  5 50 38 37 17 
62 66 88  2 93 22 96 77 16  9 
52 74 45  6  2 88 22 15 63 10 
36 15 75 55 41 42 89 96 64 88 
51 52 30 60 87 25 11 80 24 83 
80 16 19 22 77 23 16 71 97 10 
43 38 84 44 71 21 31  4 38 35 
26 61 66 26  1 61 100 31 69 67 
58 48 82 36 92 35 47  8 48 32 
27 73 72 42 29 57 58 98 90 35 
82 43 10 87 51  1  6 100 49 65 
62 48 51 85 63 32 100 81 89  4 
53 16 25 99 14 50 33 93 85 64 
85 85 23 87 59 26 59 96 41 61 
 7 31 38 67 36 40 66 55 74 78 
62 69 49 63 13 15 47 74 14 97 
78 19 89 18 38 100 43 87 67 85 
97 40 24 16 27 49 36 100 48 93 
53  7 82 83 77 65 21 63 62 20 
