2 200
72 22 
28 36 
41 96 
81 13 
63 83 
46 18 
84 96 
70 21 
70 88 
 1 40 
64 97 
31  4 
75 81 
95 73 
73 33 
32 93 
42 89 
63  6 
26  5 
12 56 
50 63 
72 30 
 3 14 
75  3 
78 15 
56 36 
36 49 
12 39 
87 26 
37 36 
15 66 
52 92 
82 58 
98 58 
66 27 
12 28 
82 53 
52 63 
35 93 
38 30 
100 48 
16 64 
 7 15 
 3 59 
45 70 
40 31 
33 24 
57 25 
35 31 
27 31 
99 23 
74 64 
51 15 
10 43 
35 11 
82 67 
52 68 
 6 64 
80 52 
64 23 
83 97 
100 31 
15 51 
49 74 
86 29 
10 41 
40  5 
21 54 
32 26 
 6 48 
22 10 
39 59 
94 78 
10 94 
35 63 
93 48 
 4 32 
51 61 
92 42 
 9 66 
60 53 
17 18 
30 88 
94 21 
81 34 
 5 44 
 1 15 
 2 33 
23 54 
31 65 
24  5 
31 83 
36 78 
29 76 
61 94 
25 23 
 8 64 
81 46 
43 21 
25 39 
71 49 
70 46 
31 93 
87 92 
52 40 
96 62 
58 12 
72 37 
78 44 
56 50 
46  3 
67 59 
17 100 
91 80 
 8 72 
86 92 
38 45 
35 65 
43 66 
63 38 
79 76 
 3 93 
12 14 
56 17 
50 33 
31 49 
 6 48 
50 16 
43 13 
93 37 
12 23 
19 12 
34 78 
20 94 
35  6 
58 83 
14 78 
44 71 
96 19 
88 81 
83 86 
28 89 
77 59 
44 76 
30 20 
55 26 
19 39 
92 19 
40 81 
85 67 
80  4 
76 86 
33 32 
13 53 
78 98 
34 79 
 4 10 
33 63 
83 84 
83 79 
80 68 
72  5 
10  4 
57 42 
91 55 
92 70 
87 13 
 7 72 
68 60 
71 42 
28  7 
11 39 
88 52 
89 82 
35 29 
51 22 
56 67 
 3 30 
78  4 
12  3 
81 64 
37 68 
38 47 
77 22 
32 80 
49 29 
27 37 
52 58 
12 28 
15  8 
 8 85 
41 68 
36 80 
21  5 
89 67 
94  2 
72 65 
74  8 
 5 71 
54 23 
