20 200
40 29 82  3 62 17 67 60 84 100 16 59 100  9 90 49 76 74 25 97 
90 66 81  2 73 16 58 62 57 95 93 36 32 19 80 48 76 65 25 11 
98 16 67 74 62 38 67 26 83 54 37 12 52 35 39 60 14 75 91  7 
54 48 14 78 87 95 25 75 46 77 34 17 53 100 92 96 51 84 21 81 
 8 99 72 84 65 35  7 74 30 71 14 43 84 83 58 72 19 65 23  5 
61  8 73 60 83 15 69 76 29 78 91 13 74 99 98 70 92 76 80 87 
60  4 80 74 15 18 51 32  5 99 70 63 35 100 58 86 61  7 35 86 
97 81 46 27 16 15 75 26 98  1 30 76 17 12 59 10 60 23 58 98 
18 80 75 87 94 24 24 40 63 68 83 54 70 43 72 70 93 28 48 21 
 1 32 25 67 47 40  7  6 49 38 26 39 42 91  2 96 48 95 46  7 
86 10 30 60 18 42 55 51 91 87 71 15 80 45 93 79 58 31 80 14 
63 65 49 27  5 63 97 79 39 92 52 83 69 39 100 96 28 36 66 10 
22 55 63 11 13 73 33 71 94 63 40 46 18 93  4  8 78 50 50 17 
74 44 44  2 57 76 25 97 13 25 99 57 22 64 91 43 12 79 89 47 
28 34 46 74 33  5 22 99 72 97 20 24 54 56 36 76 100 90 37 80 
73 40 31 100 21  1 19 66 33 65 15 47 47 59 74 74 62 54 15 27 
61 29 40 97 85 98 96 18  4 53 31 92  5 58 55 60  7 84 52  5 
62 17 45 89 97 97 92 45 58 91 32 37 47 24 21 24 56  5 95 46 
59 77 18 77 53 42 69 77 30 11 88 32 19 47  6 65 89 43 84  9 
12 79 69 41 79 73 33 50 55 41 51 82 32 77 28 34 71 40 46 70 
28 48 43 13 87 28 22 23 87 50 17 70 63 75 60 15 95 59 65 72 
78 78 51  7 36 88 52 82 64 45 56 14 52 93  7 59 85 29 80 92 
73  3 68  6 48 86 62 28 28 69 50 85 27 57 97 51 21 36 29 84 
39 70 50 65 70 86 49 64 95 60 67 62 60 96 36 52 73 80  6 33 
56 10 92 69 77 46  8 65 56 46 67 79 87 82  7 84 22 30 22 72 
43 28 77 83 92 13 44 18 93 17 59 84 55 34 79 30 14 93 81 77 
47 83 53 33 52 97 83 71 73 57 59 34 43 49 85 22 62 77 63 100 
12 39 34 99 41 69  4 16 71 23  8 35 72 42 74 69  8 37 21 52 
42 76 18 98 67 89 86 58 50 98 72  1 69 48 100 46 67 47 32 33 
40  2 60 15 65 53 85 82 29 78 62 50 56 35 33 40 70 100 21 33 
26 73 92 16 60  8 17 99 60 57 27 18 96 82 84 47 65 70 67 93 
28 76 83 53 40 64 25 28 47 42 40 43 81 42  8 87 38 46 50 39 
 6 52 74 60 16 29 42 40  9 86 83 92 88 76 81 50 56 86 94 50 
60  2 33 41 31  6 72 58 99 62  9 99 62 24  4 78 53 16  5 30 
64 99 74 88 47 93  9 98 65 55 99 75 66 16 51 56 63 92 45 49 
58 67 11 24 20 71 37 38 15 20 58 98 10 49 16  9 77 42 46 70 
56 74 97 87 60  8 45  6 17 93 24 45 70 33 61 70 65 22 64 40 
78 20 51  8 42 35 56  2 24  7 18 68 28  3 78 85 82 75 65 66 
65 20 84 31 71 50 50 88  1 46 55 77 32 90  3 31 54 24 89  5 
13 37 53  1 64 94 41 99 84 95 40 38 14 63 42 95 89 11 58 79 
15 10 31 95 21 66 98 52 47 80 60 27 48 88 37 82 76 78 84 82 
 5 37 41 21 53 86 92  7 77  6  6 88 42 22 19 44  7 97 99 93 
53 89 46 35 11 41  4 45 16 92 40 65 70 62 44 82 52 96 73 71 
 6 29 80 32  3 91 48  4 52 68 29  5 19 41 61 15 61 32  7 12 
93 95 44 56 35 62 43 30  2 52 47 36 77  8 13 72 45 66 16  7 
10 76 85 20 47 93 93 79  1 36 45 46 82  4 45 70 59 32 11 38 
57 13 31 99 60 47 63 100 81 42 54  2  3 96 26 97 52  3 61 24 
13 52 31 85 62 36 66 83 45 10 51 52 36 59 58 56 98 26 59 35 
28  1 22 72  4 100 78 82 59 24 12 60 96 16  5 11 78 63 20 88 
52 32 72 38 50 77 16 70 12 42 23 84 36 16 92  2 72 28 87 93 
48 81  7 74 17 72 78 25  4 22 30 41 67 27 25 93 14 13 88 50 
 6 53 46  1 65 44  3 46 76  8 88 80 70 82 76 87 58 57  9 74 
47  2 31 35  1 71 92 14 83 79 10 53 27 96 31 45 72 89 79 91 
 3 59 31 23 10 16 19 85 89 55 42 77 45 23 35 64 26 73 38 20 
44 35  8 46 21 90 15 99 54 78 36 48 45 16 97 80  1 31 83 25 
10 47 74 22 11 30 47 98 69 92 51  7  4 14 26 21 17  6 11 82 
67 63 92 84 65  5 96 24 87 84 56 14 97 56 10 17 19 25 21 23 
67 54  7 50  8  7 88 31 80 35 92 24 64 41 65 65 45 21 79 41 
22 10 95 85 79 49 82 48 90 77 89 11 30 77  5 32 40 66 71 57 
44 65 67 15 55 31 64 92 85  4 76 58 97 95 78 35 42  2 72 15 
55 67 56 65 57 46 35 34 13 58 50 43 14 83 55 53 55  1 82 43 
66 52 43 69 80 50 61 98 10 100 86 29  4  9 54 38 46 32  2 28 
58 62 39  9 42 72 90 32 49 15 70 75  5 91 54 73 16 18 65 31 
72 99 22 38 14 46 24 45 46 34 12 75 28 95 98 94 91  4 99 14 
20 62 32 41 97 89 15 24 59 48 72 13 79 42 85 91  3  3 37 38 
26 38  9 36 87 10 31 87 51 70 93 33 67 10 24 15 68 85 26 24 
78 12 87 75 48 78 56 85 87 37 98 68 16 83 47 51 49 74 10 47 
81 71 23 50 44 46 53  1 60 37 94 54 19  2 23 52 76 90  2 61 
83 86 51 39 61 47 60 11 65 69 67 22 29  4 21 83 39 29 48 82 
29 58 100 18 89 91 32 42 29 25 82 64 92 42 34 60 35 12 68 40 
86 55 81 45 65 64 20 76 62 84 28 39 13 64 33 81 49 83 81 49 
97 41 14 25  7 76 72 12 57 71 76 33 99 62 82 67 98 49 51  9 
32 59 65 70 60 52 72 98 75 66 62 76 80 38 76 79 80 44 57 69 
65 56 73 10 44 87 27 95 19 72 20 94 71  7 32 49 76 12 38 99 
30 46 55  2 13 37 74 44 82 82 11 63 96 11 63  7 92 61 84  8 
84 42 72  4 78 93 51 77 85 57 89  5  8  7 11  5 30 38 45 39 
75 47  8 28 69 36 54 95 35 54 70 17 78 16  8 37 47 94 75 65 
42  1 96 33 71 90  9 35 81 83 83 58 19  7 41 73 46 32 91 93 
81 20 14 47 63 79 93 58 63 96 48 87 85 79 92 72 48 44 46 65 
53 95  2 70 22 62 73  7 56 92 38 42 57  5 67 53 11 46 52 67 
 5 92  6  4 48 33 21 52 30 96  5 72 27 93 89 10  9 14 59 37 
100 45 37 36 93 59 57 43 60  2 34 57 62 98 62 19 43 95 84 28 
83 28 38 27 81 25 32 95 57 39 63 65 30 70 74 90 12 18 59 66 
28 26 38  6 25 65 67 56 92 75 43 56 91 43 40 91 90 70 95 97 
40 74  7 54 98 30 53 63  4 56 56 93  7 77 73 99 20 25 33 24 
20 12 38 61 57 37 90 58  7 70 68 35 61 12 35 59 93 55 69 64 
17 27 14 26 27 53  7 73 25  5 21 87 23 35 10 65 14  1 53 31 
36  8 92 90 82 40 87 100 27 14 74 23  1 27 13 76 98  2 77 74 
63 61 94 72 42 99 75  7 16  9 75 67 24  7 39  1 100 69 52 69 
45 69 69 67 62 85 33 56 68 38 39 49 10 61 67 32 47 21 56 49 
 5  6 51 57 21 94 73 68 14 12 22 18 44 47 38 43 73 67 24 36 
43 74 27 34 29  8 99 35 65 22 42 54 26 38 96 75 95 27 61  8 
51 37 45 80 55 48 73 91 68 89 86 82 12 62 16 77 36 14 72 73 
16 90 49 59 96 91 20 21 47 79 95  8 86 94 95 12 19 80 49 76 
87 98 28 79 10 48 83 14 29 16 76 34  7 70 63 82 24 31 24 68 
30 91 50 69 70 61 94 100 60 17 77 23 19 28 49 45 32 67 77 78 
55  8 85 23 51  7  5 50 53 69 75 98 64 25 62 25 60 42 33 41 
95  3 62 26 65 49  1 47 47 72 58 44 75 23 75 84 65 85 77 26 
60 18 11 79 23 85 81 98 61 93 80 48 81 42 39 51 81 19 21 49 
46 79 62 96 74 96  6 60 49 69 91 64 56 44 16 17 29 89 75 44 
 9 20  3 53 36  4 96 74 32 29 78 68 18 70 88  6 41 50 100 36 
39 39 93 21 35 38 68  1 14 17 41 33 66 26 44 51  2 83 78 26 
 6 45  3 22 66 49 45 44 95 33 19 87 11 16 56 77 69 55 85 70 
71 71 87 41 94 92 24 84 79 50 25 34 47 77 36 87 84 50 56 100 
40 80 48 37 25 98 86 61 24 24 84 44 56 42 20 14 19 86 97  1 
97 96 75  1 14 83 75 100 37 16 64 29 10 86 81 17 45 83 73 50 
100 58  2 74 28 75 37 38  4 35 15  8 24 80 38 19 30 64 30 66 
 8 53 18 69 23 87 33 32 26 93 96 31 85 58 56 84 38  6 17 37 
47 36 14 84 61 79 11 89 75 69 49 64 23 37 24 21 37 50 100 27 
20 95 73 25 63 55 37 18 17 17 63 17 25 72 39 15 54 18 28 99 
32 46 67 57 88  4  7 39 40 72 13 45 66 40 49 68 95 28 89 58 
63 62 91 68 35 46 49 25 32 54 75 47 16 15 70 76  5 79 43 91 
 5 48 86 76 83 39 22 38 26  4 65 13 17  2 100 100 64 41 64 99 
17 48 95 94 87  9 77 26 72 30 83 37 91  9 81 35 38 86 86 64 
57 28 93  5 67 33 60 51 37 83 40 56 67 95 11 82 32 15 54 38 
 5 92 14 97 12 16 10 71 62 18 48 51 34 61 21 61 64 25 76 62 
51 83 47 98 13 95 55 41  1 57 59 75 19  2 31 68 84 90 86 35 
76 21 46 59  5 36 74 71 53 35 82 60 87 75 92 80  1 80 73 96 
21 55 43 83 94 89 66 13 66 73 65 32 100 18 55 91 83  4 65 42 
11  3 24 26 92 90 33 24 58  5  4 31 24 71 91 48  8 75 45 75 
71 96 84 44 27 39 16 71 30 98 98 35 24 94 96 25 60 14 90 85 
83 45 12 75 65 76 92 27 11 97 18 75 75 53 29 48 13 54 83 85 
75 42 92 66 68 28 37 100 60 50 16  9 32 96 29 92 59 99 55 93 
23 45  9 25 21  5 53 70 98  7 18 14 48 57 79 29 51  7 84 10 
 4 45 19 31 68 96 38 87 83 45 91 99 57 92 95 28 45 63 26 98 
17 29 41  8 76 70 84 86 85 23  4 82 63 57 41 74 58 29 30 59 
 3 100  3 52 94 65  7 89 77 42 60 27 30 29 53 39 58 21 17 31 
38 41 67 50 12 74 73 56 56 19 10  2 33 51 77 69 70 24 71 11 
 6 50  6 64 49 79 56 71 39 90 31 54 11  1 92 55 74 33 16 48 
46 96 42 44 69 49 29 30 38 30 50 79 93 81 54 42 57 49 67 22 
43 93 91 38 38 96  7 32 86 33 90 25  8  6 96 94 45 22 75  7 
27 19 24 51  3 36 98 12 55 70 52 75 67 80 15 65  6 81 47 82 
24 68 27 88 92 68 20 11 94 73 12 48 18 95 51 76 46  1 91 38 
70 20 22 91 61 53 12 11 69 73 39  6 30 34 13 66 44 73 87 62 
40 54 48 35 67  7 46 84 61 54 11 25 40 78 93  7 17 46 10 48 
25  9 96 24 15 90 57 28 84 64  9 94 41 72 22 56  4 76 21 81 
 2 52 14  9 87 65 30 88 72 96 23  6 36  1 65 34 26 27 76  8 
79  4 26 59 56 71 62  5 17 17 34 16 12 24 43 100 94 65 91 53 
41 39 31 28 72 60 70 56  5 38 46 10 22 78 43 63 70  7  5 77 
 9 58 84  7 12 22 84 46 42 73 37 89 12 37 16 87 81 31 17 62 
96 100 64 90 94 39 45 44 88 96 84 56 62 98  4 77 51 66 21 51 
87  9 60 24 87 33 44 55 33 48 77 95 73 88 22 58 64 39  9 75 
43 81 26 62 27 40  8 17 66 10 79 59 42 28 34 23 87  4 70 78 
46 82 40 41 32 72 41 74  6 70 70 42 27 18 50  8 18 54 67  8 
36  1 33  4 73 92 59 52 21 65 42 25 12 88  2 87 50 48 40 46 
25  4 20 38 26 15 80 78 32 76 47 74  6 34 18 68 55 44 97  1 
98 51 31 64 35 51 41  8 80 12 99 37 45  6 10 33 58 91 27 80 
67 25 99 97 64 71 61 54 68 49 50 51 66  4 73 43 88 48 22  6 
61  8 13 59 17 85  7 26 51 85 84 28  2 57 10 61 50 100 44 36 
51 50 52 99 64 91 82 59 45 99 65 83 24 41 94 94 69 37 46 20 
 8 80 19  5 47 51 94 10 40 56  6 12 41 40 21  4 43 40 68  5 
27 52 32 93 80 91 75 96 36 77 90 52 83  5 43  6 80 24 44 39 
30 72 49 48 80 44 29  5 76 77  5 68 64 41 34  9 83 30 19 29 
81 12 25 53  3 26 87 54 79 69 53 51 99  2 22 93 87 84 31 34 
25 92 42 77 73 29 69 66 76  3 97 31 97 20 12 53 59 58 52 83 
70  8 30 76 27 78 38 52  7 68 45 91 34 52 46 30 52 49 62 11 
21 39 45  2 27 83 31 40 60 40 37 30 40 16 22 41 55 43  1 12 
19 71 73 65 39 64 33 81 39 81 53 34 80 61 57 15  1 99 32 76 
83 55 79 60 44 80  9 63 27  6 64 85 79 61  3 23 85 25 51 43 
52 53 89 25 41 82 50 50 59 59 89 53 16 25 88 53 90 73 100 55 
10 65 14 93 44 60 17 49  5 64 17 94 99 85 21 97  9 89 22 96 
77 71  1 11 63 70 36 100 78 32 41 60 66 26 40 53 50 53 42  8 
53  4 12 44 34 82 71 15  8 18 46 30 43 13 73 54 81  5 79 88 
85 79 23  9 92 20 85 28 46 84 87 81 35 56 74 62 95 19 72 95 
 8 10 18 46 36 63  9 80 15 23 59 72 63 28 63 28 16 45 31  5 
74 71 25 21 36 53 66 37 31  1 32 78 47 81 11 50 65  2 75 90 
100  8 20 46 68 36 40 97 25 45 13 12  2 84  9 25 11 24 85 60 
56 72 41 17 91 39 54 45 21 19 24 82 76 93 87 52 95 34 74 80 
30 22 91 59 10 66 16 85 63 52 35 17  9 83 73 36 68 15 97 87 
21 45 49 17 24 53 18 76 58 36 75  1 45 19 82 43 18 63 41 35 
31 29 83 38 70 36 80 51 76 98 72 92 84 34 17 62 54 90 41 50 
25 27 69 45 89 64 22 12 14 36 44 72 48 77 46 35 55  6 93 42 
28 90 48 61 89 100 76 86 36 12 55 80 66 93 50 28  2 46 35 38 
85 46 17 69 34 69  5 67 10 30 95 71 72 85 93  3 98 12 17 66 
71 67 35 46 81 19 42 12 84 71 68 10 30 37 83 85 32 82 93 99 
73 94 80 83 32 79 29 44 12 81 40  6 41 66 68 57 89 64 69 53 
 2 67 24 59 31 43 77 43 29  5 14 12 91 48 33 74 89 32 31 54 
34 79 74 56 86 72 58 25 94  4 84 61  3 17 72 22 55 93 96  8 
18 22 50 77 64 97 65 41  2 85 90 92 27 65 35  4 85 39 51 84 
 7  5 59 58 40 48 16 78  7 27 33 61 12 18 51 31 95 51 16 11 
21 81 97  1 62 70 34 33 79 77 89  5 79 77 90 92 81 38 86 10 
47  2 51  8 44 63 69 26 37 60 85  9 19 20 36 89 15 17 13 58 
89 37 83 88 83 42 87 48 45 94 55 66 37 81 52 40 52 89 42 37 
 1 57 40 17 44 38 48 24 50 78 68  2 63 36 59 96 42 12 43 43 
61 16 94  5 67 15 46 87 95 59 100 30 14 35 47 53 47 13 10 98 
42 41 20 50 35 35 19 73 33 24 30 58 90 15  9 31  9 89 32 38 
97 31 95 90 82 33 14 50 91 80 30 45 48 57 96 68 39  8 60 27 
51 99 85 47 75 25 73 39 73 19 90 36 55 25 88  6 69 91 88 14 
97 38 84 77 53  1 81 10 10 22 79 89 58 100 57 40 10 61 96 57 
 2 71 25 93 25 58 57 86 31 52 34 93  8 11 89 37 24 86 21 90 
68 76 55  7 11 19 78 65 14 38 45 16 98 71 62 82 32  8 34 42 
23 91 44 42 80 67 69  6 89 55 70 36 14 10  1  8 92 68 60 74 
96 12 33 76 100 60 32 26 62 78 61 94 59 38 56 21 85 67 15 91 
97 70 42 45 52 37 76 22 57 75 74 76 46 62 15 18 92 54 63 98 
75 66 56  9 97 12 39 89 38 22 48 36 74 52 52 53 29 19  3 86 
 3 66  5  8 12 20 78 57 19 84  1 15 23 39 23 13 91 51 48 88 
81 45  7 17 22 52 18 57 28 59 72 85 93 53 36 96 23 97 26 36 
 3 43 100  5 96 34 37 24 61  2 11 48 51 46 26 58 90 67 69 65 
87 48 86 67 82 89 77 83 99 65 97 82 60 74 61 59 55 21 68 56 
48 16 48  6 24 51 96 66 72  8 44 45 54 73 81 38 64 39 17  5 
