20 100
 5 31 95 39 60 66 76 42 67 84 55  2 37 24 73 48 95 11 14 24 
53  2  3 79  4 72  7 28 12 36 15 66 90 72 99 53 75 13 25 21 
59 64 71 22 10 44 71 21 89 64 55 13 33 63 23 18 39 47 28 77 
33 53 73 57 65 34 96 92 92  8 73 36 63 43 20 11 14 92 58 62 
69 70 19 94 32  8 49 15 90 60 25 77 84 84 23 93  6 37 60 19 
41 41 95 19 98 13 87 44 92 65 72 51 26 100 34 31 30 96 28  3 
98 47 19 12 49 33 81 44 92 94 59 98 57 59 33 86  8 37 32 32 
85 70 47 26  8 69 36 23 52 34 30 78 86 82 82 65 46  5 80 28 
74 90 43 55 53 67 16 28  5 79 40 33 66 70 86 88 54 35 99 15 
57 51 81 58 30 22 39 60  5 39 20 51 13 68 49 13 40 45 23 83 
81 94 70 96 44 90 67 28 41 42 89 66 55 17 82 56  5 37 63  5 
14 75 20 15 48 51 24 75 11 72 29 91 89 18  3 15 50 63 63 36 
65 37  9 63  4 83 21 41 32 59 59 91 73 87 63 51 14 85 63 18 
11  4 98 46 97 79 52 65 70 14 62 52 58 67 37 67 54 97 90 81 
34 37 61  3 16 86 94 50 22 40 54 51 51 82 31 34 90 60 26 96 
93 23 72 66 89 44  7 49  4 30 33 39 40 99 47 45 12 18 32  1 
30 38 24 17 81 70 21 52 60 77 32 15 60 15 86 20 62 43 100 41 
58 70 81 37  4 100 56 96 11 15 26 89 77 13 76 46 13 98 56 17 
64 18 37 18 46 46 50  5 42 22 12  4 28 36 17 30 15 73 14 48 
37  3 96 51 26 69 50  6 43 24 55 64 73 61 16 91 86 76 79 80 
68 14 19 94 48 54 26 80 99 37 27 84 46 16 13 22 78 100 90 48 
49 15 29 77 16 86 78  7 67 50 31  7 59 40 75 72 77 32 43  7 
48 15 35 100 21 59 58 68 46 42 74 54 73 93 70 33 88 80 47 92 
99 53 70 91 56 16 57 23  6 90 90 79 97 55 14 52  1 72 29 68 
36 44 75  9 38 87 87 28 87 86 73 36 94 49 53 19 11 63  3 95 
 2 32  5 56  4 18 21 56 14 40 24 10 81 32 52 40 93 19 19 80 
25 18 44 45 85 89 61 49 96 33 83 37 23 25 54 94 57  7 18 92 
71 87 98 29 35 20 36  4 70 43 49 94 90 61 27 33 72 30 43 68 
49 51 35 45 97 70 92 14 89 48 45 31 71 67 90 42 21 45 80  8 
93 36 18 46 85 27 74 54 94 70  1 98 76 75 71 42 20 69 86 80 
12 61 52 62 82 27 24 16 22  4 75  8 87 32 82 44 86 54 79  5 
53 33 46 85 55 55 81 12 42 81 35 52 26  8 43 100 10 62 85 83 
50 91  5 31 55 54 96 27 68 90 27 83 77 54 91 67 10 32 46 53 
24 80 11 15 84 90 94 11 51 46 29 48 42 79 41 24 35 59 90 39 
69 20 63 63  2 72 75 42 18 33 95 31 44 92 76 93 96 45 57 81 
12 64 53 39 91 95 70 72 68 92 90 52  3 37 41 31 95 22 56 55 
62 66 26 28 11 24 76 50 51 99 43 11 25 24 49 56 28  5 76 67 
63 41 66 51 98 29 39 49 13 14 67 17  8 42 88  7 65 45 49 42 
22 85 62 10 26 88  8 36 46 17 32 18 78 72 58  8 77  9 55 25 
92 100 11 87 17 15  9 88 63  9 26 17 56 10 88 39  5 25 77 15 
17 96 72 96 100 32 13 99 48 69  7 68 99 69 90 12 59 51 80 58 
91 71 23 65 57 55  3 15 94 18 48 23 18 68 93 35 87  3 30 80 
66  3 67 99 68  6  8 73 29 35 72 12 98 75 52  7 53 34 36 80 
 8 66 93 88 11 66  4 79  5 93  8 87  8 66 16 73 49 16 85 23 
43 25 43 100 24 98 25 72 62 46 97 66 95 33 53 64 48 28 41 69 
24 65 79 99 23  5 89 21 80 66 67 94 11 56 49 92 33 64 43 72 
17 11  5 10 21 35 62 61 23 19 50 76 79 50 41 61 32 31 85 64 
11 36 23 22 38 50 61 57 15 83 56 37 33 41 50 73 83 59 95 14 
70 90 99 49 47 94 71  3 52  6 13  3 50 88 88 21 84 68  6 78 
37 47 18 86 63 99 67 74 36  7 43 26 92 74 24 58 38 17 16 64 
 7 19 68  3 71 92  7  2 37 10 40 24 62 48 39 72  8 23 97 41 
80 98 100 89 33 89  4 53 84 69 33 51 42 70  2 62 58  4  8 92 
72 100 89 92 57 14 46 16 21 28 12 78 82 97 37 93 14 68 15 56 
87 15 13 73 98 23 33 89 19 53 60 53 29  7 79 29 82 90 95 96 
78  8  1 64 52 31 48  1 94 62 19 14 29 55 15 91 45 66  3 81 
79 75 78 95  8 60 29 79 22  4 94 46  6 53 74 12 62 38  4 51 
49  5 90 89 83 36 96 36 10 82 59 95 74 75 19 35 22 35 80 98 
88 33 11 76 41 54 28 50 94 38 25 89 12 72  3 94 77 77 49  1 
27 66 53  6 82 45 38 66 26  2  8 75 53 61 92 67 62 50 10 47 
79 26  8 86 91 97 28 68 64 53 34  7 80 77 43 30 60 96 28 87 
64 38 46 61  9 70  8 45 81 15 79 43 87 72 38 10  2 62 27 22 
93 62  5 28  9 55  2 24 29 75 13  6  8 72 62 16 76 31 99 13 
43  6 97 34 73 83 36 61 62 11 97 60 38  8 41 18 70 61  4 30 
38 85 36 33 79 22 67 17 71 19 61 39 46 58 24 76 45 31  9 42 
99 94 49  2 76 100 73 49 19 74 30 21 65  4  6 45 54 91 48 89 
15 52 46 13 45 96 55 63 50 59 51 86 68 88 18  6 26 75 94 75 
64 23 37 20 33 81 55 15 52 40 95 84 97 83 23 70 52 24 83  7 
51 43 94 83 88 44 21 84 75 87 83 26 100 99 42 70 60 12 75  2 
11 89 98 77 15 45 77 79 55 11 80 80 28 43 59  8 94 65 11 69 
71 33 79 87 69 86 42 54 72 91 58 43 48  9 28 77 66 53 20  5 
53 25 80 63 92 63 94 80  5 72 84 49 18 92 90 36 98 44 82 16 
29 97 16 54 64 56 27  5 64 16 97 24 42 45 75 70 79  3 47 59 
40 72 48 42 38 85 10 85 82 75 52 73 28 72  4 86 34 10 73 28 
44 36 21  8  5  4 45 45 11 85 91 28 40 25 75 43 40 100 90 48 
48 69 52  3 64 52 77 55 16 89 80 74 68 73 50 77 78 60 48  1 
 7 58 50 81  6 73 91 23 44 59 80 76 60 84 73 66 11 61 15 62 
 5 73 44 47 21 29 61  8 88 29 74 78 60 25 65 88 74  3  8 43 
91 20 15 26 70 49 65 44 64 70 63  7 32 54 72  5 60 58 92 47 
89  6 87 18 21 70 67 51 76 66 20 44 56 74 84 17 85 49 41 72 
54 28 41  7 23 58 23 33 87 53 53 12 40  6  3 80 65 73 92 33 
50 12 98 89  6 72 35 35 19 86 66 32 84 19 44  1 48 70 21 11 
 9 79 13 29 13 86 84 60 68 79 71 93 36 71 57 52  8 35  5 43 
18 23 41 28 91 57 46 31 93 61 72 24 42 81  2 37 19 38 72 85 
61 81 54 15  8 88 76 75 55 12 50 49 46 53 40 52 16 32 69 23 
36 100  1 67 37 83  4 39 73 11 78 91 20 53 79 63 17 77 77 25 
36  6 57 64 11  4  1 61 18 34 18 46 20 56 44 97 47 91 94 22 
44  4 41 32  9 57 33 13 76 35 41 84 13  8  7 78 85 74 73 72 
 9 82 66 65 25 45 41 81 92 19 59  4 67  8 58 91 54 64 85  6 
76 23 52 82 25 54 46 78 28 41 93 29 46 44 52 16 57 32 20 51 
25 35 22 72 44 98 77 93 56 25 49 86 71 46 15 86 40 100 63 24 
54 38 50 73 43 91 68 95 93 21 27 62 76 89 17 87  1 72 87 91 
56 43 28  5 68 21 19 80 53 62 95 90 16 17 53 96 33 35 11 11 
71 36 93 35 94 95 85 100 53 49 46 31 40 67 81  6 92 68 66 55 
47  3 97 21 65  3 60 79 65 63 89 46 51 69 15 67 37 84 36 54 
83 92 100 66 53 13 47 72 83 20 82 71 29 36 42 49 44 41 10 13 
76 95 79 77 35 90 15 20 58 57 38 25 84 88 36 82 35 23 32  3 
46 82 51 86 65 44 45 84 70 84 22 41 49 64 82 38 87 49 52  1 
63  7 11 67 25 48  2 79 66 53 58 60 60 18 79 95 46 73 30 87 
89 76 81 35  1 90  6 20 16 91 44 65 75 93 19 67 14 98 49 23 
31  1  4 50 90 73 20 41 64 13 57 54  3 57 12  4 12 90 99 45 
