5 50
99 85 50 64 75 
90  8 91  9 96 
14 97  4 37  9 
96  6 95 65  9 
35 62 81 93 36 
30 93 18 68 76 
83 81 52  2 74 
 1 85 62 27 40 
72 73 19 89 70 
19 76 33 49 32 
46 30  3 46 39 
39 26  6 22 51 
35 15 45 71 28 
30 73 44 28 15 
93 76 63 100 90 
99  3  5 70 73 
64  6 45 46 74 
 9 75 15 88 78 
13 98 37  7 40 
96 90 45 60 42 
54 69 61 11 82 
62 12 92 40 93 
81 55 87 66  2 
79 86 31 27 35 
59 97 61 83 38 
97 23 79 53 16 
46 46 72 79  3 
14  2 29 28 71 
79  8 20 42 36 
64 21 96 66 31 
22 20 29  9 51 
90 34 76 30 66 
56 18 35  1 64 
20 45 39 74 55 
38 73 34  4 53 
86 46 57 68 84 
33 19 77 60 85 
55 43 35 29 22 
84 48  2 94 76 
48 26 17 42 75 
85  3 40 79 27 
64 17 24 10 12 
14 61 58 85 88 
80 94 38 28 44 
42  3 98  9 95 
21 92 63 16 18 
29 97 13 64 44 
95 35 49 48 79 
85 24 68 45 93 
94  1 66 21 50 
