2 100
49 67 
72 79 
89 67 
 9 26 
95 38 
65 94 
79  9 
43 37 
42 87 
80 91 
14 87 
92 23 
 4 27 
65  6 
72 40 
51 77 
41 12 
54 40 
100 45 
 8 84 
64 57 
63 78 
 3 77 
80 24 
69 49 
 9 99 
32 35 
39 63 
10 29 
40 46 
99 49 
58 45 
46 90 
 7 33 
100 15 
 7 53 
24 82 
95 83 
93 85 
62 87 
79 95 
80 90 
 6 25 
83  3 
16 73 
45 30 
72 17 
86 61 
41 78 
51  5 
50 39 
96 67 
72 15 
 7 29 
97  5 
37 86 
46 81 
55 93 
25 59 
49 57 
 4 38 
48 65 
18 73 
39 84 
 5 10 
15 13 
47 72 
38 21 
23 51 
54 54 
27 25 
79 35 
33 83 
15 12 
58 56 
41 31 
30 56 
61 63 
41 13 
38 39 
23 31 
80 78 
48 17 
84 34 
62 90 
 2 29 
 3 79 
19 87 
23 46 
74 86 
72  9 
89 40 
40 15 
46 12 
74 45 
31  3 
21 10 
17 68 
78 19 
99 15 
