10 50
34 49 74 17 71 20  3 76 87 43 
19 46 17 64 39 97 43 45  4 76 
 3 94 58 86 34 98 51 56 93 87 
73 90 12 36 70 34 79 46 67 53 
58 65 73 17 81 90 57 13 11 97 
33 86 28  7 34 46 76 32 10 24 
42 84  8 97 14 64  3 79 97 80 
15 50 94 54  6 40 73 49  1 22 
22 88 22 87 83 90 68 41  3 72 
60 32 82 19 54 27 64 85 35 90 
59 24 49  2 52 10 94 77 19 52 
83 10 49 88 15 73 11 64 83 77 
73 37 69 86 95 85 19 52 93 27 
95 33 65 25 39 68 28  2  9 44 
74 79 41 29 93 56 36 93 62 45 
10 96 14 48  1 83 46 79 13 45 
66 42  7 60 85 57 84 68 51 37 
75 84 45 99 46 33 90 22 76 46 
21  6 85 84 67 45 64 79 96 61 
26 41 36 42 77 67 13  5 15 48 
28 80 93 48 89  2 85 43  6 52 
73  2 46 63 26 25 64 14 60 69 
 3 74 82 63 40 88 78 74  6 65 
23 99 52 81 66 17 45 98 80 30 
54 97 91 67 75 81 84 89 85 22 
89 47  5 76 63 100 56 36 54 40 
81 96 90 95 20 15 62 10 44 68 
69 12 12 28 67 38  8 78 86 72 
96 58 23  9 67 84 10 69 89 95 
54 90 45 42 34 57 42 46 54 85 
 5 59 65 25 79 72 36 47 46 45 
92 82  3 95 16 84 49 46 11 53 
 3  9 99 25  2 12 39 46 24 36 
31 31 91  6 32 96 90 88 57  9 
32 65 68 21 64 89 46 90 96 14 
75 57 24 94 78 34 89 74 41 40 
39 67 15 12 69 70 85 45 29 41 
45 36 31 63  3 99 24 31 49 79 
24 41 56 43 17 26 94 90  2 99 
97 11 64 23 80 48 92 72 90 17 
86 50 78 55 48 63 30 11  7  4 
 9 78 51 58 75 24 15 11 59 73 
43  6 31 93 18 95 55 79 76 16 
90 67 83 67 25 81 97 96 34 42 
73 50 85 52 12 83 26 64 18 52 
89 59 74 12 62 30 96 62 59 36 
40 47 78 31 94 88 96  3 35 74 
21 30  4 52 60 24 72 54 48 69 
83 29 82 91 57 96 54 96 69 30 
 6 96 99  2 34 29 92 66 15 73 
