5 50
18 91 57 86 75 
87 16 66 45 84 
78 69 64 52  1 
83  5 70 37 26 
64 26 20 73 69 
 4 84 32 67 55 
 3 32 68 78 11 
60 47  5 17 95 
24 81 54  7 77 
16 52 81 80 20 
26 100 26 16 57 
83 16 22 18 81 
56 84 63 100 95 
 9 38 77 47 44 
23 32 49  6 22 
74 55 32 29 74 
73 99 57  1 63 
 2 22  8 65 92 
 1 52  4 79 20 
100 97 97 45 82 
42 54 81 49 62 
50 67 42 78  5 
79 28 19 32 86 
27 27 78 52 53 
85  5 48 10 18 
88 53 18 96 68 
37 81 20 19 48 
14 28 86 49 93 
96 76  4 93 35 
88 88  5 75 69 
48 33 94 74  6 
58 40 30 49 45 
35 37 77 48 25 
53 98 93 85 49 
59 33 24 54 53 
86 29  7 41 40 
66 16 33 31 44 
94 94 26 22 68 
21 28  5 62  6 
20 63 96 65 52 
90 13 79 64 36 
92 26 40 18 97 
35  7 51 86 18 
82 34 95 46 77 
52 74 13 91 45 
28 59 61 32 32 
17 43 23 49  5 
30 49 46 62 82 
84 76 45 27 10 
97 22 55 75 46 
