20 50
40 14 87 20 63 25 55 78 31 97 95 95 25 90 49 20 16 77 98 80 
92 25 51 51 14 86 40 34 41 13 70 38 96 43 75 64 74  7 24 51 
63 67 19 97 97 87  6 66 53 71 84 24 92 37 28 28 94 32 76 100 
97 96 87 26 65 98 27 65  6 63 98  7 37 77 29 76 57 65 52 81 
45 40 65 60 58 26 66 38 46 86  9 95 26 18  8 50 34  1 64 49 
79 37 80 86 51 67 78 77 31 63 59 58 72 99 79 98 53 99 61 17 
84 72 73 54 83  3 30 74 65 61 94 44  2 87 20 64 63 28 46 28 
77  8 43 59 14 89 75  6 53 69 13  6 30 41 83 35 64 54 46 17 
56 80 18 30 38 91 32 66 30 94 61 83 42 22 47 67 37 92 85 97 
83 22  5 51 88 31  4 56  8 69 13 100 93 46 21 36 24 64 49 13 
97 51  5  3 93 58 77 23 67 31 23 75 60 59 74 70 97 36 67 10 
78 94  1 90 72 42 90 10 73 59 70 80  3 81 94 21 71 97  5 81 
51 71 55 61 55 85 91 34 79 74 25 76  2 15 95 85 25 38 64 15 
53 17 53 92 89 40 55 25 84 84 98 19 16 59 47 67 59 31 74 75 
86 77 39 47 31  6 15 29 69  3 70  2 89 18 56  6 55 51 75 76 
31 69 10 18 86 42 33 10 88 59 27 30  1 86 93 93 49 54 94 68 
45 16 56 20 69 70 54 87 81  1 34 96 38 53 35 53 56  7 58 46 
86  9 63 89 74 84 40 33  5 32  4 16 47 60 47 36 79 46 78 45 
87 68 83 15  1  7 21 21 14 31 89 76 84 47 65 53 72  3 33 29 
45 89  1 13 52 28 30 37 49 100  8 35 46 19 51  1 33 17 17 51 
22 56 50 55 35 76 76 72 69 80 71 77 68 75 10 74  2 28 58 26 
 8 71 90 62 37 10 60 28 92 58 55 82 17 52 92  8 29 50 68 53 
 8 37 20 93  6 82 44 53 49 49 36 96 70 99 36 100 40 87 58 60 
60 25  6 38 30 67 66 85 64  6 23 11 21 99 73 60 68 59 49 44 
17 29  6 91 92 65 52 68 57 85 53 50 18 74 89 29 83 72 100 39 
88  1 44 42 50 95 33  2 91 88 87 17 87 93 32 23 87 50  4 27 
37 39 51 94 38 46 31 98 24 38 89 94  4 100 38 10 87 17 25 84 
35  3 26 11 14 100 22 85 77 57 86 72 86 86 20 99 97 58 94 89 
41 39 57 28 31 40 48 55 87  4 14 10 44 83 57 61 55 81 71 20 
58 69 94 20 98 42 42 76 39 24 80 31 96 81 60 46 84 45 48 21 
43 35 31 41 99 27 87 62  5 55 84 92 17 24 63 44 97 34 31 84 
15 40 75 39 72 53 13 66 89 96 77 52  1 13  9 97 65  1 64  1 
99 52 11 47 34 97 35 100 82 41 38 73 100 88 35 81  5 70 83 46 
39 31 22 30 66 50 61 31  4 36 23 23 75 33 47 12 84 46 64 97 
13 47 81 28 33  6  9 35 51 44 57 13 11 20 27 20 65 43 43  2 
97 84 78 87 59 16 37 23 38 60 72 86 48 80 33 86 73 35 89 57 
 4 39 39 13 41 32  9 63 37 13 76  4 69 43  3  8 80 61  6 13 
 8 87 13 65 26 57 45 41 17 21 65 83 28  4 13  2 39 58 51 14 
18 43 39 38 73  7 20 12 84 11 29 82 72 54 14 11 28 23 93 99 
13 84 68 50 86 83 44 40  8 62 21 40 91 91 78 75 85 70 63 78 
34 94 84 83 73 39 34 69 57 99 55  7 20  3 72 98  8  1  7 78 
77 15 31 67 76 34 45 50 96 74 29 22 55 28 59 91 55 33 22 92 
60 96 47 37 57 17 86 39 88 53 84 75 100 66 77 54 21 46 12 68 
18 16 16 55 85 88 98 43 81 33 41 27 77 96 10  8 38 92 23  9 
49 10 100 51 73 95 89  5 15 58 70 18  6 17 17 43 92 10 58 86 
82 19 89 24 60 66 29  6 12 26 92 68 18 77 53 39 45 78 60 16 
36 88 23 39 66 28 58 14 58 72 74 52  1 20 92 57 95 27 69 56 
 6 51  2 45 20 66 15 20 66 21 90 74 89  2 44 94 43 88 93 54 
100 53 72 37 67 13 57 99 77 67 94 29 58 33  3 73 63 57 83 99 
17 76 95 43 89 82 49 48  6 23  4 86 20 44 89 82 35 54 98  5 
