20 50
14 45 95 78 10 15 11 92  3 62 75 17  6 85 13 94 80 74 60 50 
37 19 98 99  5 46 57 89 33 37 24 91 93 47 98 73 72 15 78 17 
10 35 22 13 77 56  1 74 39 29 12 93  1 44  2 22 92 90 26 84 
95  3 29 26 94 91 79 23 20 92 62 63  1 87 15 75 18 86 94 26 
69 36 73 13 87 70 11 88 21 93 99  3 29 64 10 80  9 21 91 61 
11 27 39 41 49  7 39 28 32 32 13 21 95 92 67 52 12 93 76  2 
97 99 72 49 98 89 52 44 44 75 62 38  4 66 11 70 10 68  1 45 
89 28 27 50 60 12 77 13 17 28 92 28 89 64 21 42 27 74 14 75 
82 58 15 72 44 62  5 14 16  9  9 80 69 54 52 49  8 99 79 28 
55  3 74 73 84 99 39 28 91 37 41 36 85 89 36 11 61 82 29 46 
54 73 11 86 71  4 82 86 52 92 33 59 67 72 41 18 11  6 76 76 
 8 26  6 33 17 54  5 39 20  9 52 38 15 97 63 62 74  9 64 15 
 4 74 53 54  1 19 42 26 20 11 66  3 41 41 35 51 52 71 16 45 
24 49 70 25  2 15 60 92 65 33 75 82  1 86  5 21 59 39 84 31 
15 46 24 89 39 64 28 72 65 90 73 27 89 72 79 20 10 81 58 51 
18 28 69 69 42 50 37 38 93 69 87 72 21  8 46 16 68 59 18 32 
68 21 75 21 47 66 24 59 61 56 63 63  5 64 48 95 92 80  7  1 
57 94 43 65 54 40 78 62 16 19 26 11 24 57 82  6 17 75 38 59 
44 59 82 90 95 63 28 37 17 55  1 17 97 48 81 65 41 55 91 81 
31 76 20 33 17 89 68 22 14 85 64  7 32 26 94 39 41 97 46 53 
68 94 58 86  3  6 98  6 12 29 27 65 61 49 25 32 93 58 34 27 
15 58 37 41 97 41 32 50 51 41 67 34 80  1 16 99 55 70 28 58 
77 75 38 85 60 91 27 23 76 47  2 84 27 46 81 63 24 67 57 33 
35 91 65  4 26 32 85  5 46 71 52 14 87 10 28 25 41 78 34 95 
31 53 28 74 11 91 24 28 85 92 68 28 95 94 25 40 35 60 94 25 
85  5 14 53 46 22  3 49 39 17 99  1 68 66 67 49 53 70 37 26 
73 93 27 59  7 96 39  6 84  2 13 45 72 83 31 21 20 78 18 79 
51 97 71 82 18 41 46 100 19 52 22 21 69 74 73 16 100 77 50 40 
17 64 89 60 40 68 16 87 50 84 61 67 35 55 14 12 15 10  8 15 
57 58 58 88  6 41 86 27 13 76 46 79 87 71  3 98 37 12  8 71 
75 45 23 84 30 31 95 81 31  3  3 52 37  3 45 51 96 23 82 56 
33 88 37 80 59 16  6 39 94 87 30 73 19 26 34 71 50 49 53 42 
92 15 64 82  6 34 34 93 67 15 17 94 41 81 81 98 39 26 16 42 
73 84  9 15 70 14 56 30 15 90 66 21 40 100 54 97  7 33 98  6 
24 60 52 77 63  2 88 32 66 88 19 47 41 60 87 47 31 79 57 17 
34 90 98 58 12 60 52 87 59 60 80 90 89 71 56 38  4 18 25 58 
83 24 52 81 60 85 97 94 33 48 41 57 52 12 41 87 85 21 11 46 
19 41 16 22  4  3 47 80 85 30 99 89 44 57 65 72 99 83 94 69 
42 42 11 83  3 98 15 34 37 54 24 25 55 48 79 66 21 40 96 92 
40 23  3  8 23 36 62 22 59 62  1 21 61 78 26 60 19 65 11 75 
79  1 93 27 23 98 56 68 61 47 36 10 89 67 94 17 96 63 46 35 
75 84 85 84 18 12 66 18  5 11 18 77 46 93 82 29 73 97 20 98 
59 30 99 77 66 98 95 69 65 65 94 39 25 55 59 76 87 93 26 77 
 4 97 33 17 86 71 12  2 64 31 15  4 38 57 30 70 42 72 55 33 
43 82 72 21 20 74 36 87 17 72 79 22 45 63  1 47 67 17 15  2 
78 66  1 48  3  8 39 26 59 98 31 70 60  5  4 94 30 74 23 42 
24 89 83 77 82 66  1 24 46 73 23  4 63  7  3 80 30 70 51 49 
77 72 88 30 10 67 62 19 85 72 100 72 27 48 36 11 27 85 53 34 
97 23 81 78 30 12 37  6 97 49 32  3 25 44 24 12 100 97 87 23 
57 74 71 45 34 77 18 100 77 78 14 97 59 69 76 45 64 51 14 15 
