20 100
63 47 92 33 20 53 80 32 70 38 32 60 70 65 23 81 35 52 97 36 
76 43 82 39  6 86 26 13 88 78 12 41 19 39 51 13 35 62 14 82 
 6 73 45 24 91  5 46 100 51 37 48 33 60 18  5 62 13 42 18 86 
 3 41 54 73 61 72 57 68 13 95 79 41 54 37 21 99 41 89 50 31 
56 12 86 16 76 51 75 84 38 52 82 56 43 49 54 93  6  3 75 47 
51 95 22 19 11 65 97 15 76 79 32 43  9 72 85  5 100 23 28 26 
46 10 89 15 100  6 32 95 25 34 73 95 16  4 74 79 13 49 47 17 
96 85 32 30 45 37  2 98 41  8 19 50 90 12 87 57 55 72 41 51 
72 84 77 84 74 61 51 56 59 28 79 66 78  6 53 48  9 96  3 46 
64 45 32 94 13 43 41 17  1 37 39 73 11 94 61 13 59 76 13 71 
49 44 32 19 52 93 35 76 100 62 21 32 16 38 58 56 51 48 60  3 
95 60 50 55 85 95 18 54  5 41 32 29 17 23 87 61 59 34  8  4 
 6 52 88 69 54 63 28 44 30 22 50 27 36 30 11 84 17 58 58 36 
29 68 73 48 30 85 31 60 45 95 44 54 11 14 88 66 67 77 25 49 
70 13 47 11 36  4 54  8 57 22 44 63 10 68 61 11 70 44 24 60 
15 30 82 41 68 44 69 28 58 38 80 21  9 60 66 35 31 100 14 56 
57 41 46  1 73 79 86 51 88 34 83 96 64 65 29 45  5 19 53 97 
15 74 28  1 10 63 87 39 76 74 83 40 54 82 25 34 81 68 57 71 
63 64 73 59 45 16 54 32 65 20 62 74  2  5 79 34 69  8 37 63 
24 43 83 11 49 20 37 92 98 23 36 20 61 10 38  2 23 29 66 33 
60 21 73 91 35 69 91 42 51 97 64 30  9 56 29 92  1 94 71 29 
35 41 17 16 16 14 35  9 100 74 73 63 46 25 90 56 15 24 68 95 
15 65 92 10 51 99 39 25 90 28 53 76 42 36 23 22 41 46 16 21 
81 71 36 43 41 38 30 41 78  6 41 88 83 71 82 84 62 82 75 43 
42  3 85 75 19  5  3 66 30 38 48 35 15 84 20 12 57 39 60  7 
10 98 46 49 53 56 14 65 30 84 59 20 40 22 65  6  3 35 33 90 
 5 80  3 18 83 98 85 17 65 24 56 12 65 55 18 57 87 46 52 61 
73 10 46 83 23 57 44 87 24 19 16 38 47 88 93 66 74 66 78 10 
44 16 63 76  2  2 21 22 60 14  8 15  9 100 22 36 32 55 24 77 
83 36 31 61 94 63 42 92 22 18  9 30 30 43 68 55 72 39 99  7 
67  5 62 10 66 39 15 71 26 41 68 66 73 23 40 91 48 93  4 70 
38 96 75 97 47 82 60 42 20 60 44 51 39 55 47 11 65 15 96 45 
 2 80 87 95 27 29 87 34 42 84 67 75 61  6 77 81 82 69 22 49 
18 97 84 70 36 82 66 80 77  4 92 92 70  9 25 25 84 59 39 17 
31 20 34 61 10 16 74 96 100 11 18 25 57 90  4 38 11 32 35 49 
51 69 74 79 28  4 90  5 81 79 30 54 81 23 26 99 37 88 61 32 
61  9  5 12 60 62 86  8 42 50 14 34 22 77 59 66 56 94 37 61 
25 27  7 55 42 74 100 62 29 13 75 93 43 29 23 14  2  6 80 51 
57 97 49  9 21 17 30 25 16 87 45  9 16 39 63 75  4 11 41 95 
64 45 97 67 37 99 17  3 21  8 59 45 63 92 72  7 72 41 20 64 
46 78 53 34 75 62 94 60 94 66 94 24  7 30 16 52 36 77 99  1 
76 93 49 67 75 27 77 43 100 35 94 50 73 15  4 52 43 74 46 83 
86 69 27 18 28 15 41 46 95 81 45 11 15 58 30 77 96 87 79 60 
27 91 29 69 73 90 89 99 54 97 61 89 23 61 96 10 22  2 48 96 
 5 94 31 40 72 23 95 98 73  5 100 16 27 50 50 95 76 64 27 92 
 6 65 37 31 31  2 98 82 55 96 74  5  5 67 100 53 75 57 100  1 
71 42  5 62 29 23 98 78 19 54 14 62 77  3 16 26 90 70 27 81 
25 73 50 85 30 75 27 60 65 41  1 53 94 83 43 21 79 72 34 54 
47 22 37 75 80 73 65 24 69 100 17 23 10 56 53  2 20 31 96 85 
 3  8 28 18 34 96 12 95 63 65  7  9 24  3 89 90 67 11 53 15 
97 24 15 38 54 29 25 35  3  3 97 67 92 75 70 39 66  3 97 22 
40 27 59 37 23 62 44 76 23 48 34 77 22 72 21 48 29 26  9 68 
64 30 89  4 11 97 19 50 27 67 20 58 68 83 32 64 97 27 35 56 
70 43 35  7 44 64 10 10 36 44 37 97 71  9 43 27 68 47 22 25 
50 31 82 14 50 75 97  2 97 53 70 46 81 100 19 66 48 10 31 98 
24 57 69 56 55 45 14  1 74 35 53 51  7 31 50 49 97  3 77 20 
26 76 50 99 38 80 84 50 68 22  6 53 42 17 15 28  5 85 41 70 
84 82  7 19 42 71 65 85 81 19 89  5 25  6 93 99 77 56 27 78 
81 75 99 21 17 18 51 95 32 87 23 90 64 91 36 44  6 64 12 51 
46 86 98 10 28 14 53 33 36 46 25 19 15 84 10 91 90 51 18 33 
38 33 52 36 62 74 62 45 85 34 44 77 87 68  3 12 50 36 69 27 
42 43 43 27 22 35 84 43 38 26 89 64 23 10 38 79 85 56 55 27 
45 46 34 71 59 21 59 87 85 15  5 50  3 66  4 70 60 71 15 37 
45 86 31 54 81 80 41 36 21 73 61 35 78 73  3 55 97 84 97 60 
25 23 92 64  1 35 67 18 25 98 11 57  3 61 28 70 31 88  5 42 
55 67 23 27  2 46 29 49 91 56 38 51 86 16 31 13 41 71 82 42 
87 15 33 39 90 17 91 45 74 87 36 31  1 81 82 19 55 89 67 98 
33 64 50 68 65 38 21 98 72 16  8 40 89 18 55 48 66 79 47 54 
91 91 37 90 13 54 89 53 49 25 36 100 26  8 32 49  3 40 89 85 
19 21 18 43 56 28 70 31 40 50 78 90 29 43 64 82 68 93 95 48 
72 10 68 36 49  3 23 86 50 30 75 46 76 82 16 77 93 20 43 75 
28 42 99 90 72 48 39 96 20 49 79 88  6 72 93 68 86 31 41 39 
80 65  1 94 69 69 97 18 73 89 47 20 82  1 39 65  1 29 69 70 
77 56 45 24 26 88 90 51 92 40 13 27  7 23  9 92  4 54  3 60 
13 52 76 76 83 73 71 13 64 44 52 39 54 24  5  1 22 80 19 49 
15 16 41 79 13 25 11 46 66 79 12 65 59 15 16 72 63 63 34 13 
45 72 25 71 49 87 37 95 12 73  1 41  5 63 71 85 10 68 78 36 
78 39 29 82 87 68 10  5 85 96 80 95 67  1 36  1 75 40 57 53 
60 12 64 50  6 71 82 46 33 97 33 27 19 73 96 22 80 68 90  9 
27 78 52 66  9 55 34 94 70 57 76  5 11 81 81 69  4 49 33 31 
 5 69 42 18 11 55 75 10 86  2 22  2 32 14 90 81 97 19 33 66 
72  4 60 72 53 91 24 55 69 90 61 24 33 27  1 94 46 43 59  8 
20 98 71 90 77 39 19 37  9 31 44 87 91 33 90  8 79 49 84 69 
20 35  2 80 47 32 33 99 62 68 19 24 28 76  2 32  3 45 50 65 
 5 10 70 59 51 15 14 88 49 30  4 75 39 71 89 39 16 16 86 94 
34 55 27 44  1 89 13 84 22  7 27 28 71 28 29 36 12 62 33 22 
95 76 100 16 69 80 90 85 50 27 96 44 78  3 50 89 30 40 28 48 
81 82 89 69 66 18 86 87 10 42 86 82 52  4 19 75  5 75 15 72 
41 64 97 61 61 87 39 90 33 79 17 71 67 58 57 37 48 79 76 89 
24 65 21 59 80 83 44 44 60 18 17 31 28 43 68 26 52 37 75 32 
29 63 68 85 53 52 87 31 29  1 98 51 95  3 35 39 16 12 69 68 
62 54 87 50 27 25 75 89 90 75 35 30 29 96 16 47  4 79 52 53 
52 64 90 37 70 12 47 73  1 34 56 100 23 37 68 18  4 19 79 64 
86 91 81 84 26 79 71 93 100 40 53  9 28 61 75 52 75 13 68 58 
 1 38 66 30 14 81 72 68 78 84 53 17  5 71 60 24 11 52 77 88 
 8 92 50 17 76 14 56 88 84 50 23  5 13 31 57 73 15 56 51 31 
 5 33 96 31 86 98 79 81 75 77 26 75 29 20 11 96 69 21 64 82 
55 87 82 74 81 85 51 49 19 88 25 83 23 64 87 46 59 35 13 41 
86  2 37 45 85 62 10 63 50 23 84 24 19 69 55 97 58 75 19 21 
91 86 76 86 77 57 23 96 23 52 100  8 53 54 35 94 61 76 31 71 
