10 100
74 46  8 35 95 50  2 48 80 85 
17 79 76 35 100 98 80 81 18 20 
76 50 44  3 36 77 63 41 60 77 
100 100 14 67  2 35 35 57 41 22 
 6 95 68 50 52 26 53 23 47  3 
26 82 62 38 37 45 37 47 37 63 
89 77 88 38 84 40 16 70 18 38 
18 22 91 100 80 68 25  1 23 52 
88 25 85 17 83 60 49 62 21 13 
72 62 41  3 40 60 30 60 22 71 
36 55 16 98 67 100 73  3 61 75 
63 21 23 43 53 96 76 96  2  9 
21 99 92 52 59 43 87 58 65 11 
36 24 69 59  7 47 42 24 28 18 
 3 22 49 94 50 53 30 37 49 18 
87 46 77 14 81 31 25 69 21 72 
86 77 12 35 82 27 28 72 58 73 
84 35 94 65 44 30 26 45 30 10 
11 79  4 46 30 85 62 28 50 43 
32 18 66  6 27 48 28 92 52  9 
64 36 49 32 57 40  8 65  6 62 
86 99 69 88 75 98 37 81 38 91 
41 79 59 14 88  1 85 79 60 89 
40 48 59 81 38 72 49 27 64 21 
 4 91 94  5 84 24 50 96  5 13 
27 54 47 70 76 80 40 100 80 50 
49 68 19 33 25 26 52 11 52  3 
95 76 33 32 21 56 86 48 96 22 
37 89 23 87 90 50  2 89 64 30 
91 48 37 40 63 37 34 93 84 56 
45 75 42 50 57 60 51 55 80 45 
60 41 63 16 20 50 56 41 48 13 
 3 41 82 61 22 16 82 34 60 91 
57 33 21 71 81 46 92 76 21 68 
12 97 31 91 38 90 18 33 28  9 
46 85 20 21 75 76 92 46 34 50 
43 90 53 79 29 23 30 84 82 71 
85 38  3 16 14 42 24 79 15 56 
 8 92 42 26 27 86 61  2 15 40 
 3 39 50 59 47 31  7 26 45 67 
83 66 84 92 58 16 61 98 28 75 
21 95 97 78 71 79 73 48 73 74 
56 19 23 27 16 80 89 58 28 58 
82 13 96  8 17 36 44 60 91 37 
67 48  7 58 96 57 90 37  3 53 
 3 77 16 71 62  7 46 95 27 18 
51 38 77 12 92 38 60 32 16  5 
60 75 82 55 28 86 97 23 72 57 
52 95 28 34 36 18 68 63 15 26 
29 30 12 36 44 51 47  9 57  1 
36 97 40 96 68 60 89 40 36 30 
55 29 24 49 65 90 15 11 14 36 
91 91 65 97 40 24 53 78 79 65 
74 99 51 10 30 13 75 33 87 51 
35 88 62 48 62 22 24 75 27 62 
96 92 74 76 56 31  2 60 89 70 
78 67 92 49 11 34 72 90 19 24 
98  4 72 13 50 82 95 85 47 40 
 7 37 60 63 63 19 64 76 55 64 
80 89 44 87 40 51 53 17 60 62 
86 69 30 20 19  7 15 32 57 32 
18 20 31 56  1  2 23 45 59 64 
28 65 20 75  7  1 91  7  4 32 
61 15 57 49 84 83 94 45  3 71 
 1 60 46 54 91 46 94 73 42 86 
58 83 89 50 97  9 16 43 100 75 
10 61 38 54 65 42 23 64 32 26 
77 27 29 12 82 33 91 28 79 17 
23 59 27 57 80  4 14 49 33 87 
60 73 10 30 17 54 99 35 84 99 
35 44  8 70 85 95 83 28 22 21 
81 79  1 67 55 42  4 28  7 37 
49  3 43 89 57 76 59 18 48 65 
30 48 78 22 75 27 24 52 54 47 
84 91 38 88 18 13 30 31 27 63 
 2 70 33 87 35 65 36 75 92  5 
41 76 92 18 47 86  9 63 91 88 
58 62 59 26 39 89 39 34 61 48 
34 60 96 94 88 35 62  4 47 37 
12  6 25 43 81 18 73 37 13 96 
91 63 82  4 61 56  7 29 68 72 
33 37 27 90 12 78  6 68 59 15 
80 21 60 13 45 93 25 38 30 46 
 3 99 29 72 98 100 65 94  1 38 
75 68 81 50 67 62 37 96 89 69 
19 21 16 40 32 61 83 80 87 71 
34 67 57 30 27 76 15 85  9 96 
97 37 20 66 36 13 63 40 68 72 
44 57  3 57 47 88 94 60 90  8 
88 23 53 17 25 89 15 53 21 10 
41 77 14 46 71 18 54 14 48 100 
95 43 84 75 16 61 76 99 23 23 
76 67 86 83 13 30 81 72 55  7 
54 91 95  8 39 10  8 12 36 10 
99  9 65 26 65 53 90 68 85 50 
43 42 49  9 37 20 12 92 45 53 
14 32 79 51 44 48 15 16  3  6 
69 12 27 38 56 75 30 22 70 17 
 4 97 97 94 34 20 91 87 44 12 
92 79 12 97 47 78 81 76  1 69 
