10 200
55 48 43 15  1 13 90 78 55  7 
 2 91 83 93 77 25 39 90 71 39 
74 54 98 31  4 78 65 54 24  7 
76 42  1 93 11 21 81 45 14  3 
82 99 99  4 31  7 12 15 61 66 
76 19 64 51 32 47 26 24 42 32 
45  4  2 47 80 32 97 54 89 26 
83 94 55 65 18 10 11 87 10 37 
33 53 15 73 58 93 95 78 16 99 
68 100  4 40 61 68 32 82 94 28 
90 37 50 35  5 49 14 15 32  4 
21 52 90 12  9 32 84 57 74 77 
52 92 66 24 84 38 100 99 68 56 
50 72 29 27 57  4 90 20 49 49 
77 59 70 41 34 16 62 47 43 45 
43 18 67 79 56 19 68 13 36 28 
91 65 27 21  2  1 72 41 89 65 
68 52  2  1 93  6 71 37 90 30 
76 81 22 81 50 10  1 57 83 34 
89 72 25 20 67 24 74 82 86 18 
39 60 10 61 98 68 70 93 30 67 
19 94 43  7 42 20 10 57 56 68 
65 32 33 63 93 64 20 86 51 94 
35 24 27 40  8 16 87 74 94 55 
20 66 58 31  3 79 10 48 80 98 
92 60 13 83 81 98 72 60 74 43 
99 100 18 75 17 52 64 39  2 64 
69  8  9 31 18 39 30 12 87 80 
84 54 70 84 35 44 55  7 48 78 
28 76 16 53 89 94 25 31 13  3 
83 53 27 100 53 63 72 59 53 70 
84 62 65 73 21 71 56 84 23 78 
12 36 62 58 36 54 73 51 59 57 
23 59 22 60 67 73 56 77 62 84 
70 33 58 26 64 33 82 25  5  8 
98 79 58 32 67  5 90 64 99 13 
 3 18 40 67 25 66 69 82 71 54 
72 22 28 55 29 78 46  2 33  7 
22 18 25 54 28 95 28 95 56 77 
83 100 14 84 40 61 100 65 70 97 
23 40 53 28 16 55 66 61 99 19 
27  1 76 26 55 77 26 76 66 51 
93 94 62  1 79 10 19 93 23 21 
88 19 15 22 30 97 57 31 25 17 
30 31 75 56 80 69 99 77 30 28 
22 29 66 85 67 76 11 38 22 48 
27 19  8 67 71 39 71 16 85 53 
51 36 83 33 19 74 18 34 84 54 
26 79 47 14  3 85 95 72 66 58 
34 81 90  2 22 64  6 39 60 85 
58 52 91 36  9 51 74 11 42 64 
35 43 68 88 73 21 71 40 54 99 
17 57 29 97 31 60 41 38 91 65 
 5  1 86 26 96 39 88 71 42 98 
72 18 39 38 62 77 77 60 91 14 
52 51 76 40 67 61 72 69 40 80 
16 82 33 88 61  2 33 78 36  4 
27 79  4 80 37 89 52 20 23 99 
11 74 99 56 43 100 94 99  6  3 
21 10 58 70 41 33 33  6 80 39 
81 43 74 74 67 38  5 55 47  2 
55 36 41 10 52 98 96 25 17 54 
90 95 38 71 59 73 16 11 99 22 
77 46 90 83 14  1 72 96 29 74 
27 15 84 90  3 64 56  4 97 98 
88 81  7 63 32 24 36 98 32 22 
71 96 41 31 40 87 71 16 75 93 
10 56 20 10 66 79  6 99 86 88 
68 10 19 20 96 70  3 41 32 76 
93 21 39 62 85 36 71 43 42 93 
 5 78 77 81 86 80 51 14  3 92 
39 10 79  4  8 92 14 97  6 39 
11 72 37  9  9 75 59 71  9  9 
84 69 79 75 70 67 59 46 94 25 
28 32 67 36 70 63 20 33 37 43 
28 26 66 39 41 64 39 58 48 23 
 9 24 64 68 24  4 24 16 45  2 
76 68 64 11 17 52 57 32 27 82 
99 44 77 34 43 25 40 75 78 38 
32 86 35 48 45 67  7 81 18 47 
92  7 63 58 65 14 68 67 74 41 
19 36 50  2 52 78 76 76  1 15 
55 16  6 96 26 19  5 54  8 64 
17  3 55 80 77 97 16 28  1 27 
46 68 75 18 25  9 55 21 32 38 
17 20 39 73 41 23 41 26 71 83 
51 71 99 32 34 89 45 57 36 59 
59 28 68 78  9 19 77 34  1 32 
35 70  3 98 14 98 85 62 95 43 
91 56  4 43 81 38 35 41 94 85 
42 85 45 47 33 47 72 60 12 85 
75  3 34 65 33 52 33 67 96 51 
72 90 27 86 30 11  2 70 89 75 
81 51 57 52 38 11 33 31  7 38 
 4 45  6  8 69 76 12 68 43 36 
12 90 16 76 35 61 30 63 25  3 
93 95 84 22  7  8 55  5 78 50 
10 87 63 58  7 96 86 93 11 82 
53  4 55 20 33 96 99 53 70 52 
74 63 29 28 89 31 72 40 61 22 
 3 99 76 25 59 41 91 70 88 96 
22 89  5 24 78 53 98 44 11 58 
44 77 59  5 17 68 11 49 26 34 
57 32 84 63 97 99 44 63 36  1 
63 51 64 99 60 25 14 65 57 85 
49 43  3 54 92 90 84 79 100 36 
45 97 12 96 89 52 44 41 36 51 
92 33 13 49 99 79 18 60 25  9 
45 73 92 32 73 24 39 34 100 82 
68 88 88 33  4 99 47  1 14 53 
21 39 36 83 15 34 14 50  2 48 
80 29  8 33 96 72 100 78 77 31 
51 37 22 18  2 84 47 80 44 54 
45 70  5 62 100 48 30 96 15 22 
13 22  9 40 71 91 70 10 76 31 
99 36 90 45 45 87 33 28 93 40 
24 11 47 30 26 78 77 27  3 19 
75 46  1 83 74 33 88 48 25 60 
48 53 18 63 50 88 68 50  5 88 
 9 24 60 28 59 70 14 65 71 62 
48  9 59  8 13 58 76  3 84 86 
60 98 34 99 45 83 35 32 48 82 
31 33 46 38 35  1 48  3 25 26 
100  4 34 100 16 54 98 54 64 13 
94 22 82 40 92 96 79 84 97 55 
67 23 67 28 91 10  2 90 54 77 
50 76 34 14 27 19 69 40  1 96 
51 79 75  2 57 12  6 57  5 27 
92  5  7 32 56 53 37 78 64 50 
78  6 84 75 75 87  9 28 99 10 
 9 15 93 67  3 89 53 62 33 36 
53  3 87 13 74 29 34 13 79 26 
59 23 69 54  8 17 79 48 53  5 
80 71 98 18 32 84  2 40 99 98 
90 46 93 85 52 25 67 48 86 22 
 6 98 70 36 50 54 46 88 36 23 
91 85 65 47 32 45 69 64 19 11 
35 97 44  2 78 61 67 35 22 17 
 4 45 97 62 17 71 12 41 67 60 
96 78 98 98 33 61 47 99 19 87 
33 81 93 53 77 95  2  4 85 64 
97 98 77  1 77 14 43 40 42 12 
41 23 50 47 57 37 63 76 73 99 
53  2 92 94 20 62 42 52 12 51 
79  9 29 23 83 62 92 71  6 28 
70 18 86 39 87 57 73 87 11 64 
93 78  3 48 99 17 23 17 96 73 
88 34 46 94 22 36 94 56 100 16 
49 37 81 94 25 35 61 91 39 22 
39 87 95 19  8 100 24 47 26 48 
56 36 70 78 98 49 59 60 58 65 
81 84 80 57  4 24 36 76 87 80 
66 97 45 83 29 39  6  7 65 14 
34 68 53  5 76 30 51 35 66 79 
95 82 30 97 97  8 96 24  7 24 
11  1 96 42 42 87  4 41 10 49 
35 23  6 39 32 45 45  3 39 39 
13 62 86 83 26 16 24 40 99 53 
88 92  4 60 76 49 91 84 50 12 
65 23 16  7 60 61 76  2 47 20 
73 96  3 44 99 87 99 87 44 93 
82 59 96 25  8 35 95 85 72 60 
38 55 30 14 43 61 42 46 31 62 
91 60 29 20 15 41 74 79 79 62 
26 32 84 99 55 12 14 72 17 36 
81 39 34 85 65 10 36  2 44 46 
45 17 69 87  6  3 53 100 86 87 
98  8  9 92 77 95 41 12 12  9 
72 51 10 54 49 29 15 10 92 39 
 1 62  2 53 34 55  1 84 49  7 
96 87 56 35 51 21 64 99 29 84 
 7 56 15 89 82 10 92 13 19 97 
26 50 47  4 81 33 66 45 20  3 
16 30 28 84 69 46  3 17 78 54 
33 96 21 50 58 64  6 29 69 84 
56 55 48 93 14 19 22 92 86 16 
10  5 17 46 69 15 21 22 71 24 
22 65 16 34 10 40 72 62 54 95 
22 35 46 52 39 32 20 93 28 91 
31 31 70 36 18 51 64 62 13 88 
25 84 80 79 79 35 21 40 62 22 
 7 33 36 37 51 63 63  4 68 97 
66 31 77 25 73 66 39 30 93  2 
78 34 94 76 96 10 66 75  2  4 
77 54 42 73 85  9 21 60 29 62 
38 54 57 93 70 74 93 15 80  3 
88 95 13 91 79 64 63 38 82 53 
27  6 56 18 51 93 55 91 16  6 
12 22 40 48 67 20 88 30  2 30 
55  6 77 48 11 60 73 58 63 36 
93 70 92 30 74 92  2 58 61 45 
73 63 89 14 82 79  2 28 68  5 
87 71 58 81 77 15 30 27 70 31 
25 25 35 17 86  8 90 86 96 65 
18 36 84 63 61 40 33 27 46 17 
73 50 89 28 25 45 63 61 18 40 
89 20 53 85 17 37 28 95 82 33 
70 98 27 73 83 62 64  1 46 33 
48 29 59 54 17 30 42 15 55 16 
84 61 92  6 12 100 11 87 53 14 
