2 100
25 22 
31 80 
 2 15 
43 56 
12 45 
22 51 
90 14 
94 81 
 1 99 
56 63 
57 39 
57 94 
75 18 
51 17 
24 71 
81 36 
42 54 
88 78 
15 40 
 3 21 
31 84 
41 11 
 2 99 
47 61 
49 18 
78 58 
14 68 
 6 67 
55 44 
67 76 
21 99 
94 51 
20 31 
34 29 
41 57 
14 17 
59  2 
30 54 
83 25 
22 14 
86  2 
33  3 
97 84 
29 45 
67 58 
31 46 
58 55 
66 52 
28 78 
20 38 
62 20 
55  4 
53 60 
31  9 
95  7 
62 50 
 8  4 
57 98 
59 18 
50  9 
82 16 
18 31 
59 27 
36  6 
26 45 
37 83 
96 66 
12 13 
 5 86 
13 17 
89 13 
37 19 
86 31 
41 86 
26 84 
64 83 
55 30 
98 90 
 1 39 
98 88 
90 42 
91 57 
93 92 
87 55 
15 32 
40  3 
52 64 
50 28 
79  1 
25 11 
85 35 
73 10 
77 29 
59 32 
23 95 
30 50 
20 90 
 1 96 
13 85 
37 18 
