10 50
39 80 39 68 98 13 33 21  8 58 
79 28 40 30 38 39 54 78 11 89 
53 16 33  5 78 100 47 61 64  3 
15 76 25 75 55 42 54 32  9 52 
64 13 22 64 75 70 38  9 35 37 
73 45 72 69 95 61 37 77 46 90 
79 15 91 50 15 94 39 20 10 36 
73 53 98 39 79 17 39 68 57 49 
76 26 72 64 25 35 99 80 45  2 
27 88 59 48 51 54 73 47 75 74 
15 48 97 66 47 86 23 39 36 32 
24  6 98 11  8 36 33  3 78 89 
 4 37 40 98 83 92 14 89 10 21 
44 10 100 22 54 31  7 96 91 50 
71 11 47 70 100  2 64  7 52  4 
23 54 29  9 70  9 87 22 16  2 
23 58  4 29 53 25 68 29 21 80 
55 35 20 84  2  6 68 28  6 66 
21 21 34 67 75 86 11 58 18 52 
91 89 60 32 44 98 14 13 27  4 
79 78 62 67 39 40  3 62  1 86 
65 68  5 92  7 96 18 67 100  9 
100 66 62 83 94 30 97 90 88 96 
53 99 75 14 37 30 76 73 64 98 
92  6 14 22 28 38  9 61 14 85 
10 88 54 53 88 59 19 99 65 49 
30 26 60 28 30 62 38 23 65 14 
74 56 36 68  6  2 65 91 93 65 
71 34 96 67 20  5 60 31 17 95 
62 68 93 38 21 69 19  8 85 27 
26 65 77 87 29 79 54 84  6 54 
87 27 28 18  6 47 94 45  2 74 
51 97 99  8 35 92 14 21 39 14 
 7 22 61  8 64 93 43 31 28 68 
14  8 20 42 60  6 62 22 27 81 
62 36 82 27 25 77 62 20 63 72 
 1  2 54 38 41 13 37 92 28 35 
63 33 55 81 68 14 22 55 67 13 
 9 76 41 29 40 51 45 79  6  6 
36 77 94 56 11 81 81 75 76 70 
91  4 21  2 66 67 95 12 39 88 
60 51 72 60 54 21 47 54 18 68 
51  4 75 29 40 16 10 25 75 16 
72 51 99 25 36 64 33 50 87 17 
29 51 40 76  7 64 26 66 35 42 
92 21 28 73 67  4 49 29  5 56 
56 36  6 59 42 87 79  9 15 56 
29  9 92 45 61 69 14 44 96 23 
62 88 22 42 38 48  4 14 49 94 
13 86 13 83 37 85 72 92 62 38 
