20 50
42 64 98 19 43 48 12  4 85 67 83 26 94 54 42 30 52 44  3 54 
47 91 34 76 45 39 94 77 95  3 97 84  3 30 38 87 27 68  7 77 
89 87 15  3 67 22 100  6 59 91 71 54 100 92 87 17 25 14 38 96 
45 66 13 100 79 84 20 33  4 39 96 94 67 54  7 40  8  6 86 33 
37  1 87 38 52 15 10 69  1 23 58  6 81 61 63 43 75 47 91 21 
82  2  2 97 71 67 27  7 38 21 96 34 26 36 37 64 21 95 62 31 
33 71 60  4 12 78 48 49 71 30  9 63 17 24  5 36 93 80 57 36 
77 48  7 17 100 99 67 16 91 18 65 66 72  8 57 95 23 26 27 64 
68 17 72 22  5 35  1 20 24 15 53 54  8 65 75  5 16 64 48 83 
72 78 28 27 17 82 52 19  5 67 100 57 10 60 10 12  1 11  8 83 
28 25 87 77 69  2 61 52 47 58 88 60 96 42 56 25 28 16 54 76 
89 51 16 54 44 62 99 51 45 63 28  6 19 74 41 95 71 45 16 80 
80 91 67 56 16 46 47 26 68 35 19 97 38 17  9 17 100 59  4 24 
29 43 48 97 32 29 76 64 70 42 38 57 49 55 84 67 21 40 82  2 
53 93 71 29 23 74 51 56 14 51 22 93 68 14 41 27 57 33 87 22 
 4 96 27 34 46 100 21 99 35 82 55 51 50 98 49 17  2 97 68 21 
47 20 11 36 49 24 71 48  4 27 21 64 64 27 87 77 22 90 76  7 
 4 92  3  9 20 92 18 14 63 66 12 88 51 52 71 71 60 48 91 16 
52 86 53 22 14 92  5 32 54 22 19 93 99 63  2 13 83 67  3 14 
39 60 93  2 37 79 53 51 80 64 47 37 29 91 10 99 98 34 72 20 
76 84 72 68 80 28 88 59 63 100 38 76 59  1 29  1 38 93 92  6 
89 47 45  7 39 51 63 53 15 29  2 33 16 46 78 96 23 87 94 92 
36 31 43 78 16 79 51 23 15 22  9 72 93  3 46  4 93 21 97 47 
100 82 27 15  1 29 22 15 18 15 36 76 56 51 21 43 83 49  9 22 
59 92 60 63 47 22 81 12 75 97 43 85 77 27 48 24 14 55 68  9 
76 99 14  3 48 63 16  6 89 81 57 63 68 82 55 72 50 35 41 13 
39 100 35 22 67 81 56 20 12 18  9 52 83 61 37 10 33 65 71 95 
45 27 63 27 81 74 41 12  2  6 45 66 48 61 69 84 87 40 22 73 
83 47 86 70 56 10  6 83 84 74 99 51 54 96 56  3 49 92 13 17 
43  3 100 77 57 88 40 61 78 24 56 60 55 39 61 92 54 84 56 31 
82 16 60 61 45 42 30 94 89 15 33 35 25 96 40 25 58 53 94 13 
93 36 63 33 85 44 12 61 39 78 77 43 29 90 79 18 82 38 63 15 
41 57 25 20 94 24 44 16 47 94 21 90 27  4 40 68 59  3 20 32 
65 14 80 28 79 69 13 38 47 42 17 30 18 46 69 98 43 49 24 58 
37 97 33 40 46 53 65 59 10 47 58 72 28 34 12 88 84 23 52 24 
34 12 73 18  6 21 14 52  9 41 38 95 63 99 53 24 43 33 38 88 
84 58  6 69 13 65  5 51 88 67 23 39 58 58 20 96 16 20 23  1 
42 54 67 81 57 43 22 51 14 45 20 32 38 40 99 51 91  9 100 24 
69 40 88 40 99 64 59 23 42 12 81 29 43 50 52 55 52 77 62  1 
52 10 44 84 39 40 100 69 89 44 21 84 24 12 48 10 53 95 21 42 
98 97 95 92 42  8 29 85 96 33 94 32 91 46 82 43 84 69 89 78 
38 11 71 18 54 24 85 74 79 46 73 30 98 40 43 38 78 57 33 48 
20 75 11 19 92 19  9 16  5  9 95 26 27 69  4 30 47 53 84 58 
76 87 56 52 11  6  6  4 79 85 32 92 25 51 11 81 97 91 73 87 
44 27 88 76 52 35 38 32 90 63 90 100 38 77 20 20 49  8 89 13 
25 92 63 84 70  1 50 90 54  5 93 74 40 47 96 50 88 10 84 22 
71 32 48 22 24 89 28 41 80 89 100 28  3 13 25 41 99  5 25 48 
41 53 46 83 77 95 13 70  9  1 71 13 76 77 78 59  7 13 35  8 
 8 51 51 77 72 59 42 39 69 48 87 46 53 70 48 34 73 79 87 47 
 3 30 54 89 55 47  1 59 80 33 51 21 77 19 67 30 31 88 90  8 
