10 20
15 70 90 68 13 33 40  5  4 29 
57 69 69 37 50 84 47 35 89 96 
51 20 48  4 41 38 74 24 33 68 
43 73 89 40 82 39 88 30 12 75 
36 32 76 22 44 54 17 36 89 17 
95 43 63 71 67  3 37 33 90 28 
93 31 12 86 57 57 34 46 20 69 
80 31 82 51 56 29 90 32 37 11 
49 71 73 62 22 12 37 99 47 32 
41 87  7  8 65 67 18 72 42 52 
66  1 80 10 77 25 12 54 95 41 
82 48 44 11 44 88 29 26 44 64 
 2 85 44  1 35 92 72 25 12 35 
87 67 52 57 48 27 84 20 13 76 
81 52 73 86 10  8 35 72 34 65 
64 92 98 67 39 86 41 35 75 26 
16 54 20 86 92 96 26 24 76 55 
44 42 35 96 84 85 34 99 48  4 
52 41  7 74 23 74 51 68 37 66 
13 100 16 60 15 63 97 59 48 27 
