10 20
22 100 93 72 30 33 58 30 16 91 
93 95 36 52 54  8 46 56 75  2 
 1 24 22 17 32 52 27 69 63 86 
62 93 78 12 30 61 43 94 43 99 
86 84 44 14  7 21 28 10 94  9 
72 78 34 30 29 54 18 41  5 56 
17 63 23 74 99 79 56 25 63 80 
69 73 11 68 99 56 63 11 54 52 
35 49 63 97 66 30 13 88 54 20 
74 37 98 34  9 11 37 78 67 85 
56 42 76 54 96 32 83 10 36 60 
67 71 62 38 81 69 71 37 81 27 
30 96 21 29 19 83 37 51 48 45 
98 10 92 66 45  8 45 67 58  1 
 9  1 44 15 69 34 44 19 81 98 
63 54 34 17 27  5 91 91 57 57 
47  8  6 11 12 49 13 25 22 62 
94 23 66 42 83 68 90 93 32 81 
52 60 81 34 48 11 100 38 87 35 
64 99 71 51 88 74 69 39 60 25 
