20 100
15 12 94 80 51 61 78 17 47 47 63 87 81 14 85 65 98 71 68 58 
13 66 54 10 25 18 55 60 77 81 83 58 32  5 31 91 99 65 11 85 
23 62 71 90 57 68 45 39 10  3 25 10 16 44 39 49 35 67 34 23 
63 52 64 12 23 55 20 85 95  3 29 71 29 72 81 47  9 28 68 69 
12 80  7 97  1 64 25 49 35 22 44 27 42 62 24  7 73 98  6 100 
36 12 99 56 22 99 96 62 86 25 11 98 88 73 83 95 99  5 57 82 
75 13 54  4 12 83  5  9 98 66 60 87 82 81 12 75 31  8 43 71 
66 34 16 65 71 78 77 31 51 48 27 85 63 18 44 62 76 79 10 57 
69 94 41 58 26  7 52 92  5 89 45 34 53 63 68 40 14 34 74 22 
37 68 48 37  8 31 61 27 68  1 46 63 68 90 10 10 89 80 16 35 
50 87 48 46 59 77 57 57 46 97 28 57 66  2 17 33 10 11 44 69 
32 22 15 30 90 24 83  9 97 21 11 21 59 99 30 70 31  3 83 80 
10 61 76  1  6 19 35 91 97  4 35 50 23 77 30 33 88 47  8  4 
65 57 82 44 85 50 51 11 30 49 12 74 60 70 32 21 85  6 17 33 
25 61 85 29 21 82 88 96 20 91 82 91 82 76 60 99 43 43 46 39 
96 91 39 43 10 51 68  5  2 24 35 41 43 45 42 59 61  2 63 83 
46 85 31  8 58 43 23  9 58 29  9 98 20 74 26 63 85 100  3 100 
37 28 96 31  3 86 46 71 87 30 100 46 41 54  5 85 96 58 79 15 
 6 83 85 35 61 86 96 43 22  6 64 77 28 96 74 46 65 41 86 92 
24 53 41 41 25 97 27 96 36  8 75 11 35 77 34 18 66 93 48 15 
69  9 20 91 36 28 98 51 97 46 23 92 57 75 38 84 43 83 11 54 
88 46 83 67  8 28 51 68 69 14 98 26 75 51 87 42 16 75 17 21 
30 60 20 98 68 28 86 25 48 74 31 81  8  5 36 75 24 10 94 51 
 8 12  3 47 14 78 89 10 55 72 20 31 75 68 13 27 73 56 67 23 
52 78 21 46 26 22 11 12 57 76 82 20 41 81 31 88  5 55 94  1 
93 38 35 34 65 85 81 100 61  9 98 88 17 14 70 60 69  3 86  5 
34 53 74 64 33 42 37 27 48 72 29 59 94 82 79 41 16 41 15 60 
76 47 68 66 96 96 47 19 55 62 53 54 62  5  7 92 49 70 99 49 
 9 100 98 27 63 41 93 75 61 94 36 89 38 27 96  4 29 79 16 70 
18 72 15 97 21 62 80 70 51 30 100 97 36 93 79 99 30 63 49 72 
83 10 82 53 31 79 15 99 28 81 36 41 43 17 91 58 56 45 51 83 
53 42 61 80 64 74 98 30 33 31 50 65 40 69 63 25 30 23 42  8 
78 78 30 68 94 13 57  6 51 92 39 74 75 18 62 18  9 14 51 80 
 4 47 80 27 40 36 10 52 85 30 74 32 64 47  1 90 86  2 59 75 
56 58 17 98 47 49 56 68 25 42  6 10 51 45 59 47 100 19 11 12 
71  1 20 26 82 34 58 77 78 95  7 77 80  7 80 60  1 51 95 36 
20 23 73 14  4 46 49 71 23  9 89 13 77 26 82 71 12 88 53 12 
73 12 60 20 77 17 94  6  6 69 42 16 69 74  4 100  1 30 13 79 
95 44 99 96 55 89 76 83 80 86 76 90 42 18  4 67 59 92 93 96 
10 59  4 46 20 54 31 40 80 65 97 67 42 74 65 33 59 74 31 24 
100 64 99 17 44 71 56 19  3 75 16 18 32 45 98 70 25 89 29 25 
72 12 10 27 79  6 100 90 18 76 12 39 89 76 39 90 100 19 32 60 
29 26 78 72 77 30 38 62 17 65 10 96 65 15  7 31 45 59 96 94 
52 68 15 54 62 12  6 84 34 26 38 49 62 12 78 99 90 47 72 86 
12 78  6 39 86 84 54 84 21 92 17 100 61 13  2  2  8 64 52  9 
57 63 75 19 44 29 37 45  8 15  3 58 91 89 45 31 30 61 75 87 
52 36 92 24 68 27 53 37 15 60 72  9 35 60 66 21 91 78 17 64 
52 68 57 73 69 29 78 81 56  1 59 13 49 76 63 49 20 67  4 27 
86 24 68 29 22 58 76 31 66 18 66 80 77  4 84 24 26 18 36 64 
77 19 55 58 21 58 26 80 22 62 69 100 11 58 33 83  8 10 100  2 
58 92  6 12 92 85 44 86 21 71 46 47 46 61 42 81 97 84 68 18 
34 69 37 83  7 47  5 52 46 82 87  7 87  1 35 92 32 61 84 19 
75 30 83 19 42 54 23 100 66 81 76 44 93 54 26 41 60 75 66 83 
 5 98 95 50  2 62 71 60 59 17 43 77 72 73 28 91 66 74 76 51 
45 59 16  3 56 38 94 24 94 17 90 63 40 98 72 91 10 90  1 90 
88 62 27 62 44 51  6 15 75 52 44 28 44 13 33 73 60 41 40 95 
71  9 10 54 37 60 10 52 82 38 56 21 78 22 12 51  2 52 60 51 
57 100  9  9 99  5 99 21 88 61 50  2 20 56 37  8 20 47 75 80 
76 53 88 81 41 95 53 27 57 26 74  7 43 48 25 72 19  3 15 12 
 7 80 93 91 34 25 41 65 93 35 32 37 68 20 60 41 94 81 88 39 
15 79 38  4 56 40 73 85 39 21 86 30 69 47 63  3 55 87 64 23 
42 88 29 33 69 64 20 24 63  7 98 65 11 62 42 28 89 40 40 73 
15 22 34 17 21 31  1 86  6 95 90 63 71 94 25 80 42 11 65 37 
84 47 78 70 52 10 75 66 100  4 15 12 37 54 83 70  4 99  6 33 
96  7 38 48 31 73 65  4 66 81 27 91 14 96 18 57 68 23 62 27 
53 21 17 21 12 69 96  2 49 76 49 98 27 77 66 86 80 11 44 38 
30 64 22  8 18 53 62 61 37 22 67  6 36 100 93 52 65 89 42 22 
34 31 12 72 96 81 68 17 50 99 24  8 28 20 29 49 81 18 100 97 
75 31 92 89 90 63 26 77 11 58 83 17 16 13 43 73 53  7 84 69 
 4 48 48 48 13 28 45 51 66 48 42 63  2 58 12 95 54 73  3  5 
90 20 57 59 45 65 89 26 10 75 23 13 79 44 74 83 88 97 61 38 
19 61 71 20 48 22 18 59  5 26 66 52 78 93 42 19 61 42 65 48 
 6 44 95 68 47 52 93 90 23  4 50 38 75  6 58 43 32 100 83 87 
19 56 68  7 23 59 38  7 81 69 72 36 85  2 31 93 43 32 93 65 
70 74 86 65 35 13 29 35 52 45 84 86 71 69 59 25 96 77 77 13 
74 23 82 97 74 12  2 16 95 81 78 21 78  7 46 55 86 33  6  7 
54 76 83 36 84 92 91 28 65 23 17 85 40 73 32 35  6 81 27 86 
21 21 19 55 17 63 68 65  2 79 46 22 42 78 40 29 92 19 35 35 
44 51 55 73 40 20 62 13 22 26 49 29 88 80 30 44 90 95 38 62 
 3 19 48 74 75 27 61 77 75 22 53 89  8 71 77 100 18 61 80 91 
99 27  5 28 56  9 40  7  7 90 45 98 14 88 83 46 51 94 40 22 
13 29 62 69 22 80 37 86 32  8 54  6 84 73 32  4 50 100 68 88 
25 20 60 63 75 45 21 65 70 33 15 67  1 91 55 43 43 89 74 46 
13 18 80 76 95 76 61 95 81 88 85 16 65  5 27 95 11 71 52 65 
37 52  5 52 11 33 32 45 11 48 74 15 73  7 27 63  4  3 41 89 
68 59 71 57 96  1 75  2 69 88  2 79 62 25 85 33 80 46 74 32 
69 35 26 38 82 46 39 29 39 90 99 55 65 37 82 18 70 75 18 31 
91  2 56  9  6 44 46 53 28  9 96 70  1 17 84 15 89 10 53 83 
100 70 12 74 52  4 36 95 69 64 38 28 57 64 48 63 71 100 32 20 
39 56 21 11 14 40 72  4 39  3 97 40 82 52 82 80 99 100 85 43 
28 50  2 100  2 82 35 92 34 49 27 100 41 29 92 55 47 25  3 24 
98 90 69 16 24 29 93 99 11 80 15 69 72  5 19 100  5 81 78 77 
58 65 92  5 42 39  5 80 24 91 89 64 60 94 45 17 70 22 57 45 
96 36  2 90 12 98 45 86 45 46 20 77 81 39 83 40 18 55  1 15 
94 83 85 74 12 69 83 51 63 27 78  1  2 20 96 42 37 30 35 86 
81 78 64 41 35 68 42 23 36 59 88 22 66 90  3 30 31 22 65 99 
98 47 10 25 52 37 55 94 90 94  5 35 41 74 27 72 68 94 56 91 
70 74 23 92 93 87 67 16 77 79 78 37 16 12 83 64 35 72  3 76 
13 79 33 50 16 74 58 30 90 99 71 80 11 13 15 13  1 15 84 54 
55 78 70 48 99 82 12 18  3 41 64 54 41 20 74 25 55 38 16 44 
