2 200
22 61 
71 35 
50 25 
78 64 
35 57 
44  5 
98 92 
34 58 
21 78 
67 20 
46 52 
41 71 
47 51 
90 16 
25 47 
86 68 
94 57 
 8 59 
 2 56 
29 72 
72 47 
99 55 
 7 33 
96 99 
80 40 
10 12 
10 17 
66 16 
40 63 
71 83 
35 53 
 9 82 
91 31 
84 38 
61 69 
50  7 
20 16 
79 39 
54 95 
58 62 
88 52 
84 26 
14 95 
92 11 
84 14 
81 57 
14 60 
 1 61 
29 19 
38 43 
74 65 
64  2 
13 48 
77 46 
61 95 
32 91 
58 64 
28 53 
82 89 
51  8 
50 35 
73  4 
 5 76 
95 99 
43  9 
87 64 
62 65 
 1 38 
65 20 
17 40 
15 56 
18 35 
80 92 
28  8 
98 33 
44 40 
11  2 
52 80 
37 58 
11 63 
55 19 
 2 32 
81 66 
21 52 
33 83 
43 100 
66 83 
32 95 
60 64 
 7 70 
21 83 
80 17 
52 74 
58 92 
77  3 
 5 72 
88 88 
92 67 
96 95 
11 14 
98 42 
53 57 
38 82 
97 95 
38 29 
67 32 
59 50 
54 13 
46 70 
65 22 
 8 22 
 7 81 
78  5 
69 34 
58 52 
64 21 
82 37 
53 39 
98 88 
11 66 
63  9 
67 95 
 2  2 
52 46 
82 99 
18 78 
20 68 
73 75 
47 50 
28 32 
28 66 
77 60 
 9  6 
15 41 
 2 13 
94  6 
14 53 
28 52 
51 93 
31 34 
68 10 
39 25 
66 35 
94 42 
34 79 
90 95 
61 22 
 1 85 
51 29 
55 81 
36 86 
28 93 
 4 89 
34 39 
83 79 
78 67 
82 54 
11 80 
54 34 
92  9 
57 86 
76 36 
49 40 
80 95 
32 21 
47 81 
67 64 
46 12 
11 73 
37 90 
17 62 
 4 11 
31 63 
 2 96 
 2 27 
64 77 
100 91 
 7 46 
81 22 
32 18 
88 83 
18  9 
26 13 
26 11 
11 75 
46  7 
79 60 
94 33 
 6 30 
79 41 
88 49 
29 22 
50 69 
65 32 
33 67 
22 75 
71 38 
34 12 
96 35 
40 87 
