10 20
64 78 57 50 93 26 20  4 87 20 
58 48 56 69 70 29  1 40 87 65 
65 85 49 79 85 75  8  5 14 49 
41  3 20 63 88  1 64 29 21 29 
56 18 80 52 65 70 28 39 91 55 
16 66 70 60 27 96 37 21 37 22 
45 64 91 27 46 62  2 74 90  8 
68 17  4  2 49  2 58 75 47 50 
88 64 57 11 74 45 45 43 52 76 
98 69 83 25  1 81 47 79 36 22 
27 30 91  7 47 73 92 64  5  5 
73  3 67 93 100 50 92 15 73 94 
60 60 50  1 39  6 81 72 16 80 
 2 55 91 50  2 56 52 55  3 69 
37 58 30 55 97 22 41 16 85 26 
42 23 50 12 23 72  4 28 58 25 
57 91  8 68  7 77  6 19 35 90 
46 49 72 59 61 14  6 69  5 62 
 5 72 46 14 25 93 46 83 26 90 
86 77 44 62 22 94 97  2 25  2 
