20 200
72 52 22 22  4 79 68 34 34 50 28 28 20 17 68 22 10 53 89 14 
 5 43 54 44 29 22 25 64  9 45 58 89 97 62 45 13 44 85 96 75 
67 63 53 15 16  2 95 81 96 67 85 78 45 88 64  5 57 26 60 39 
 1 16 20 36 94 98 41 82 80 37 51 53 64 28 22 60 15 37  3  4 
79 22 40 86 26 23 49 51 60 100 82 85 25 87 23 43 22 41 39 29 
30 46 80 21 95 88 24 19 15 90 39  7 63 65 78 86 48 57 60 45 
 9 96 67 15  4 41 81 67 56 45 89 59 39 92 79  2 23 82 33  1 
59 69 94  9 21 39 84  3 86 98 38 32 10  5 79 61 30 15  3 92 
99 21 90 49 97 19 49 76 83  6  3 18 61  5 31 79 35 15 11 45 
92 97 89 93 45 76  9 33 46 14 43 45 52 51 76 18 46 62 11 37 
67 72 69  3 13 97 30 15 78 48 89 67 29 61  7 87 70 24 85 51 
 9 57 23 16 10  7 25 18 88 96 69 58 31 45 55 12 88 84 36 93 
40 68  3 43 46 16 44 42 60  6 41 100 91  9 89 95 52 94 97 36 
83 41 62 35 14 66 76 17 28 88 40 24 92 75 38 53 99 59 13 67 
61 59 12 36 93 46  1 23 73 20 12 17  8 42 79 37 29 39 84 86 
55 58 42 93 90 78 27 93 19 59 38 35 56  8 70 27 26 46 31 85 
90  6 35 82 100 84 69 77 42 15 30 81 97 24 11  8 85 78 30 24 
79 87 80 55 61 31 98 50 33 78  5 17 33 28 65 61 93 51 12 88 
60 30 36 33 80 83 24 61 82 76  4 15 84 54 75 38 85 82 71 28 
88 23 25 49 93 88 75  3 56 15 75 66 37 61 39 61 91  1 76 93 
13 11 35 77 57 62 50 73 19 86 55 26  1 62 45 77 20 14  8 45 
25 28 45  3 98 56 79 60 64 41 68 79 55  7 38 68 20 36 81 52 
32 36 63 10 54 82 48  3 64  6 73  1  2 100 77 42 37  9 21  7 
88 46 91 89  3 37 17 21 100 100 75 68 27 54 90 93 32 49 91 78 
42 93 72 33 83 48 71 92 14 54 76 70 92 55 26  3 53 14 41 53 
86  8 53 74 74 33 11 71 46 35 91 29 26 31 67  3 55 85 23 86 
28 87 82 15 58 63 39 71 31 36 60 30  1 50 76 54 57 86 86 30 
79 49 19 47 33 39  8 30 95 54 60 65 16 20 52 90 28 64 11 84 
26 82 44 49 97 99 56 38 68 77 57 83 31 31 31 10 44 17 27 40 
59 14 60 70 29 22 37 76 55 28 11 32 71 16 94 50 16 48 21 29 
59 37 88 95 96 97 68 54 47 91 44 78 66 93 20 83 67 62 49 20 
94 50 37 91 43 28 60 15 66  5 80  8 78 61 48 36 74 17 89 42 
20 57 55 47 43 39 94 79 65 85 56 83 96 16 59 54 65 12  5 63 
18 32 73 30 17 81 66 24 41 83 18 34 70 73 34 45 46 25 34  5 
24 67 67 67 24  4 40 55 23 72 37 38 71 77  8 55 58 90  7 64 
96 20 28 26 62 82  5 37 43 80 29  5 11 18 94 91 66 76 84 51 
60 77 39 94 34 16 95 77 95 28 39 54 33 81 86 30 78 71 89 39 
67 84 38 38 34  2  7 21 68 89 79 56 41 52 25 42 93 17 100 79 
12 49 79 77 93 10  6 36  8 67 38 44 15 80 55 72 17 39  1  3 
57 10 97 73 52 27 26 46 78 41 13 10 100 19 85 80 17 10  6 11 
70 68 78  2 33 60 30 66 79 23 92 66 64 67 55 49 54  7 40 91 
12 59 64 85 11 69 76 29 12  9 81 52 39 48 85 64 33 91 52 63 
65 44 36 64 54  7 47  5 49 26 20 62 70 78  3 37 87 85 79  5 
36 14 96 91 11 73 55 13 18 19  2 68  4 17 82 63 26 83 81 45 
10 44 58 40 72  9 51 28 97 18 38 54 59 73 50 60  9  6 97 17 
56 19 48 34 57 34 83 83 62  5 32 38  8 70 85 52 56 36 69 29 
42 77 31 79 73 88 46 82 76 18 88 68  4 31 13 36  8 60 68 57 
24 65 68 76 40 87 11 20 33 82 89 22 88 49 58 38 68 61 62 21 
27 19 32 81 53 24 84 20 27 37 26 10 30 89 84 48 81 62 75 96 
61 86 25 43 55 62 19 84 89 47 41 68 85 36 35 91 50 98  9 26 
41 29 48 54 88 94 74 49 97 19 88 18 38 21 40 70 22 77 14 61 
72 77 15 73 95 41 98 74 13 55 10 96 37 31 70 26 82 92 35 28 
 2 93 13 90 56 56 38 29 19  8 23 45 43 37 59  9 83 34 22 75 
69 35 74 100 97 20 11 87 96 10 19 76 80 77 83 45 75 38 89 23 
30 83  4 18  9 72 19  4 87 74 38 68 66 96 34 34 95 74 16  4 
65  8  7  3 64 16 71 100  7 86  6 17 76 91 74 34 76 72 31 36 
34 28 26 97 58 71 87 29 100 98 99 22 26 15 70 54 76 85 17 74 
46 11 100 15 78 48 89 60 23 42 79  3 27 37 68 71 10 88 17 56 
58 92 53 79 85 90 69 36 79 67 48 23 69 28 30 23 24  9 30 100 
63 72 73 26 29 85 33 87 75 58 99 54 85 81 46 41 65 100 67 85 
23 54 89 80 91 33 44 49 92 97 10 80  3 29 29 40  2 28 74 59 
94 17 82 33  9  2 44 24 100 100 27 66 16 95 48 20 96 65  9 91 
 2 42  5 68 50 27 87 80  2 17  3 66 81 54 51 48 26 48 62 45 
58 86 29 67  3 32  5 95  2 37 86 43 88 76 34  7 13 81 90 54 
24 77 19 31 16 92 61 43 80 68 41 40 18 39 17 41 16 70 77  8 
15 19 59 28 100  6 61 21  4 94 22 80 23  2 16 35 23 91 16 77 
24 92 68 87 77 89 94 13 85 96 15 47 88 82 25 94 44 69 97 64 
19 87 49 20 45 26 35 72 31 24 54 42 17 40 23  6 59 86 70 96 
85 92 82 97 38 94 17 26 33 20 47 64 33 75 52 53 30 87 17 97 
 2 78  9 90 100 60 90  8 10  3 62 18 41 95 74 35  2 100 12 10 
69 48 44 10 37 29 46 90 63 58  7 51 79 86 59 37 37 17 59 85 
39 85 31 17 27 40 19 51  6  3 59 84 48 57 45 15 29 84 25 52 
15 83 99 19 30 47 31 35 91 48 20 34 24 10 91 77 70 77  6 99 
94 35 40 95 49 67 62 56 62 16 61 32 42 95  1 53 23 29 42 30 
21 72 89 77 20  9  7 33 11  6 48 87 74 51 52 49 31 98 65 22 
93 68 42 45 35 71 16  6 39 91 94 88  9 65 57 30  4 88 58 15 
94 75 93 27 77 48 38 67 25 48 62 91 78 40 94  2 30 92 34 89 
78 36 10 12 27 14 56 56 98 50 64 40 37 59 30 80 22 91 81 20 
13  4 32 18 87 40 56 66 91 58 35 56 80 85 38 90 84 87 36 57 
 6 72 65 47 83 98 19 17  4 50 31 34 40 14 38 73 13 66 92 86 
18 73 12 12 96 65 58 66 17 73 50 47 54 36 74 84 11 89 47 15 
62 13 74 97 83 38 84 71 69 73 87 30 24 79 78 75 95 18 59  1 
21 52 67 20  5 13  5 60 59 15  6 89 21 49 56 20  3 10 46  1 
 9 58 28 96  2 45 46 38 70 64 57 94 96 84 17  4 30 18 45 49 
80 20 48 43 65 60 19 32  4 82  9 92 60  1 78 48 79 58 12 81 
43 49 18 25 41  4  8 30 57 37 41  6 81 38  4 69 72 71 22 94 
13 78 70 85 26 17 96  9 47 92 44 91 77 47 22 75 35 77 75 38 
76 87 71 57 57 95 49 21 80 31 87 73 48 81 45 49 77 12 37 69 
16 48 95 10 22 88 13 53 93 56 86 80 49  8 15 95 54 31 58 23 
68 87 13 22 86 79  8 94 99 66  7 59 34 44 42 12 40 54 87 21 
34 12 53 59 21 49 18 15 27  9 100 19 54 53 83 35 75 64 85 100 
23 83 15 43  3 81 64 98 67 55 76 16  7 94 83 56 30 70 22 20 
76 76 14 96  3 30 29 67 21 54 33 38 27 60 45 54 12 63 89 63 
69 58 40 65 13 35 52 51 72 51 27 40  2 60 77 53 90 48 63 87 
37 76 59 57 16 49 19 39 31 24 10 93 78 47 28 27 78 51 68 12 
55 49 42 53 91 39 60  8 44 36 71 13 71 63 80 60  6 70 71 26 
64 94 81 97 14 43 34 59 24 76 34 60 24 50 83 11 32 15 67  1 
65 38 33 60 69 30 91  5 10 79 38 32 39 97 52 51 100 98  9 33 
100 41 96 18 79 47 91 71  1 23 25 15 73 74 72 37 87 62 52 96 
17 29 92 64 83 49 56 30 38 39 17  2 13 53 17 67 40 65 13 12 
33 24  1 100 81 17 53 77 51 64 100 88 36 98 19 49  2 45  9 16 
83 78 83 89 63 95 33 69 68 68 26 96 33 64 84 39 45 37 74 72 
68 11 80 75  5 27 41 47  3 44  8 100 17 12 22  2 97 30 36 26 
 4 58  3 64 16 84 46 73 45 76  8 79 92 79 42 66 48 18 34  6 
57 71 85 81 50 15 28 96 88 29 71 100 11 97 70 84 96 66 14 59 
21 32 84 15 27 48 81 75 83 84 56 52 89 60 28  6 68 22 57 14 
61 16 98 43  4 12 13 48 85 50 41 67  1 51 46 96 45 30  9 33 
93 90 100 10 44 34 96 90 44 98 66  6 84 10 100 26 27 100  1 20 
35 22 74  1 68 66 12 85 76 47 22 82 42 92  3 92 32 79 61 96 
23 60 65 45  1 92 87 93 97 18 53 95 90 86 40 76 23 66  2 37 
47 34 70 79 56 92 59 12 84 32  5  9 93 29 73 38 58  2 37 27 
61 72 91 33 59 10 50 64 11 79 92 41 34  4 60 100  5 75 68 63 
43 26 58 100 27  2 62 74  2 87 75 96 100 34 61 29 19 99 78 35 
82 62 46 88  4 88 56 17 61 95 36 61 50 61 37 13 59 82 99 55 
18 80 29 82 86 77 55 45 29 24 99 93 90 72 10 22 95 38 35 63 
50 74 66 81 83 70 90 21  8 35 100  1 93  7 65 31 77 58 41 25 
18 17 89 31 47  9 25 71 14 40 66 39 82 47 74 75 70 61 87 36 
73 57 89 62 92 69 69 34 68 64 51 51 72 17 63 11 96  1 39 30 
61 92 14 50 51 83 94 31 61  6 71 14 90 63 60 12 74 70 76 47 
21 45 18 33 40 99 19 86 28 81 65 60 67 100 29 24 18 100 53 80 
76 38 74 58 86 32 10 74  8 22 83 59 93 53 39  6 39 51 81 13 
16 78 89 91 41 44 48 95 32 90 66  5 61 19 27 72 39 62 93 93 
99 81 94  6 60 36 82 83  4  3 80 12 63 83 54  2 34 29 21 84 
70 13 59 51 19 82 51  5 85 60 31 38 96 75 91 83 13 72 42 38 
80 31  8  4 53 18 88 54 18 68 42 94 92 31 75 63 98 45 31 58 
10 90 23 37  8 59 50  6 72 52 13 44 52  5 29 59 46 75 67 39 
86 97 45 41 74 68 34 39 89 80 93 26 89 86 11 29 55 11 17 47 
86 31 15 42 34 32 21 41 38 55 69 100 34  7 32 99 53 41 76 11 
37 31 88 55 31 89 73 62 46 68 46 30  2 15 95 78 56 71  8 13 
 8 63 45 87 65 63 43 68 94 41 100 91 89 25 26 89 28 38 25 10 
25 73 38 86  4 13 98 57 57 95  9 50 59 22 64 63 24 42 50 50 
80 98 60  6 36 15 16 73  9 14 66 49 73  7 38 75 17 26 10 26 
35 78 48 78 25 25 44 29 51 51 96 91 10 31 31 67 85 67 30  2 
26 23 25 17 37 95 89 89 10 58 45 54 15 25 50 41 38 89 69 84 
63 21 98 81 65 77 75  2 85 17 83 34 71 29 91 88 66 55 94 89 
65 20 16 97 20 61 14  1 30 80 41  1  9  2 65 76 90 56 53 29 
55 19 76 64 90 13 81 91 71 65 100 20 37 44 59 15 88 10 55 83 
 8  3 60 72 60 58 64 94 30  7 58 13  5  6 68 41 43 78 81 29 
98 28 93  2 13 38 13  4 19 87 20 29 51 17 50 49 88 92 31 95 
82 50 63 93 22 75 32 77  4 100  3 27 73 43 75 100 61  8 95 82 
95 45 12 62 32 93 31 92 30 45 62 89 76 34 89  1 11 77 23 41 
95 88 74 61 15 40 67 89 74 33 93 95 97  6 83 38 37 19 37 80 
28 32  7 22 32 48  7 94 65 31 70 70  8 86 23 54 19  9 11 68 
14 61 17 36 43 64 13 72 69 18 54 35 95 45 61 47 31  6  4  1 
65 50 91 68 63 49 75 38 43 33 61 38 23 84 15 56 20  3 10 21 
42 98 97  3 29 13 84 29 25  5 84 70 85 94 48 81 65 94 53 61 
19 68 52  3 97 71 49 86  2 52 33 70 61 64 82  7 37 33 56 65 
44 37 26 40 44 89 20 99 17 58 53 53 12 83 56 51 41 86 53 60 
13 45 99 49 27 63 13 67 28 41 44 46 86 81 36 50 74 53 31 72 
13 38 51  1 71 57 51 91 74 17 16 32 75 14 58 67 97 87 52 71 
52 71 43 22 54 78 30 65 71 32 16 82 76 26 33 71 11 73  8 58 
88 72 38 64 38 100 64 12 75 37 11 28 64  5  2 15 63 25 30 24 
86 39 15 74 53 16 46 57  3 74 85  2 76 14 64 96 34 81 24 59 
77 94 34 48 32 21 52 85 92 55 77 47 86 79 99 29  3 66 41 80 
26 27 89 17 18 27 52  2 40 59 95 43  6 93 64 45 75 52 86 12 
37 36 59 67 11 38 27 32 42 20 76 35 79 48 35 51 22 90 27 86 
20 54 97 46 66 10 98  3 22 18 63 64 66 91 74 51 71 98 46 78 
57 45 30 91 48 85 64 63 29 73 14 32 99 13 20 43 46 87  7 90 
82 85 55 76 64 68 97 55  9 29 19 70 67 74 46 39 16 26 30 14 
18 96 57 22 21 45 31  8 20 34 78 85 35 85 97 43 62 53 77 70 
23 18 73 86 59 17 91 35  1 70 46 63 46 100 93 25  8 14 65 77 
34 26 45 41 12 22 98 46  6 74 53 67 44 45 69 45 31 100 73  4 
26 66 98 21  7 33 32 30  9 16  6 75 17 100 85 62 21 45 15 69 
79 32 21 40 84 20 74 99  3 69 44 96 23 41 45 70 29 13 85 90 
53 61 22 31 17 12 94 44 44 17 99 81 49 38 76 39 70 71 41 34 
17 16 47 42  4 77 66 70 97  7 17 51 64 93 73 20 77 42 18  7 
31 67 42 65 84 46  8 12 20 23 94 85 17 46 51  1 53 96 34 78 
77  9 14 34 86 40 77 43 24 38 93 71 21 36  4 84 91 19 76 53 
76 61 87 75 36 56 75 15 46 42 52 76 50 60 85 86 77 18 62  4 
50 46  2 40 70 35 73 29 88 33 33 38 31 27 28 44 48 77 13 69 
17 70 12 45  8 21 70 85 55 54 77 90  7 35  6 70 81 99 75 100 
100 67 21 87 42 15  7 95 81 70 43 64 34 86 67 44 82 91 45 17 
 5  8 81 26 56 77 30 69 75  6 18 49 56 34 43 58 70 75 45  1 
87 55 72  8 44 26  7 93 59 94 69 68 26 22 64 32 39 97 15 22 
48 39 54 15 19 54 58 97 94 73 66 52 84 49  6 28 82 12 79  3 
 5 81  7  4 85 66 67  3 80 94 54 47 28  9  8 46 52 69 79 23 
98 71 29 53 36 64  4 94 16 25 71 36 86 95 48 65 45 45  9 32 
39 24 79 29  9 93 13 77 22  9 79 28 63  2 39  3 62 90 62  2 
73 41 70  9 54  1 62 79 56 52 98 10 13 45 94 35 38 13 81 59 
20 58 12 56 39 21 48 84 61 87 13 95 64 17 78 30 16 99 74 58 
59 25 70 14 97 27 23  1 35 24 87 24 61 35 79 73 11 20 100 71 
10 75  5 70 43 47 25 66 54 34 49 67 15 89 90 22 89 99 78 100 
 2 11 28 64 74  4 60 54 49 91 68 53 17 48 83 14 14 75 59 20 
10 62 42 66 32 67 64 79  6 66 18  9 96  6 97 12 97 74 61 76 
86 19 92 79 76 49 80 79 90 71 100 48 48 25 68 93 21 22 25 88 
38 17 25 10 22 82 57 87 97 48 51 67 58 99 39 88 64 56 100  9 
19 25 68 29 88 90 95 44 76 45 100 42 48  1 28 67 34 36 38 14 
50 89 81 82 58 88  6 75 81 47 43 94 81 81 11  6 74 97 42 28 
32 93 41 79 14 17 34  2 39 74 19 92 70  6 79 40  4 46 30 23 
43 74 90 91 20 13 46 10 100 69 89 87 74 57 79 81 27 70  6 51 
40 73 15 99  9 58  5  2 20 10 53 92  6 37 92 36  3 88 76 48 
62 57 91 77 92 67 86 80 60 92 26 25 13 31 21  1 47 99 54 31 
23 26 29 87 71 99 59 69 60 14 30 71 97 87 41 34 62 65 41 16 
52 26 37 47 66 55  9 82 46  6 28  1 62 81 26 99 100 63 54 88 
91 75 63 24 79 67 78 85 44 37 93 87 93 46 59 63 42 95 90 32 
76 26  8  2 79 56 77 45 11 20 10  3 46 70 36 74 32 64 37 52 
69 84 68 39 48 94 41 50 10 96 29 93 71  4 62 22 18 26 41 46 
49 46 53 70 72 20  9 89 53 25 15 16 28 46 96 13 48  7 59 63 
65 85 41 98 52 52 23 81 50 88  9 100 10 55 69 17 85 52 14 70 
17 46 73 100 78 58 96 76  2  4 30 52 94 24 55 99 58 51 23 93 
