10 50
91 17 91 62 37 62 93 77 61 74 
59 25 87 73 35 67 73 16 96 61 
63 64 98 39 65 70 99 56 81 64 
57 70  9 64 41 74 22 22 27 44 
70 14 62 12 59 79 18 88 97 12 
85  1 10 35 85 45 100 70 38 85 
67 87 67 34 93 51 82 67 38 69 
96 66 96 44 88 62 87 83 79 11 
20 95 16 50 67 16 78  7 70 73 
 2 97 20 29 83 16 38  4 73 24 
 5 49 36 47  7  6 41 17 80 68 
42 41 24 31 34 33 38 73 98 99 
92 36 94 94  1 84 31 92  4 76 
30 81 48  2 55 25 28 29 60 23 
43 38 35 98 25 86 39 62 25 62 
69 48 67 82  9 20 48 20 41 21 
58 21 93 86 56 76 14 42 91 81 
42 60 67 33 58 46 97 95 91  3 
71 31 43 52  8 26 36 70 32 72 
 6 91 60 45 21 32 65 10 25 46 
17 32 100 40 76  8  6 41  2 19 
51 84 19 75  2 72  2 29 87 63 
47 11  5 75 23 12 98 14 33 45 
64 85 33 66  8 49 12 97 71 71 
82 54 64 50 73 90 72 27 78  1 
61 13  2 26 29 56 16 82 32 57 
 3 64 84 59 59 59 19 38 51 30 
25 73 91 84 44 53 20 73 56 37 
28 88 96 68 96 41 70 51 17 54 
26 36 23 12 21 88 22 60  6 26 
78 39 20 45  8 21 54 44 60 34 
54  4 27 99 39 52 26 35 44  1 
43 87 60 36 78 29 70 50 96 77 
55 65 76 61 54 76  6 23 77 39 
71  6 40 25  9 41 98 47 28 69 
68 79 73 46  2 56 77 49 42 67 
97 72 89 99 18 66 35  7 74 72 
23 69 34  4 93 67  3 67 68 54 
15 52  5 34 73 50 69 12 99 97 
48 21 27 74 97 12 84 81 62 29 
15 29 58 29 44 85 32 22 90 35 
10 39  4  2 13 72  3 57 69 31 
42 50 22 36 34 65 35 48 48 22 
14 51 64 31  5 72 91 61 41 53 
41  1 54  1 44 71 71 58 47 15 
14 26  3 89 86 71 25 38 26 28 
94  7 49 88  1 54 63  1 22 76 
 4 53 36 65 44 24 64 50 59 95 
99 96 40 100 37 13 24 65  9  9 
28 26 74 42 91 98 86 14  5 40 
