5 100
43 20 20 14 16 
29 46 83 49 18 
34 87 86 84 17 
47 25 83 15 71 
66 80 63  1  8 
28 13 49  8 71 
67 37 37  5 55 
 5 23 81 40 31 
11 57 66 36 60 
30 52 36 15 54 
90 22 23 96 83 
10 59 47 14 34 
86 82  4 87 14 
13 13 11 67 44 
41  1 56 58 15 
77 90 52 86 65 
92 41 78 93 34 
 6 82 23  5 30 
10 66 11  9 43 
33 77 78 41 79 
22 76 49 91 87 
16 19  2 70  7 
11 47 12 11 74 
65 89 57 44 22 
 9 69 92 33 79 
10 53 67 76 36 
53 90 22  6 13 
58 52 24 88  6 
58 60 91 40 18 
21 91  8 85 14 
74 16 93 43 62 
72 69 24  6 71 
82 54 95 48 95 
72 41  6  4 97 
47 16 65 78 10 
65 96 84 66 95 
78 39 53 33 22 
 1 12 93 66 43 
 6 57 24 59 87 
74 35 85 56 85 
69 72 75 46 28 
68 70  8 49 72 
66 27 48 27 92 
58 99 89 80  5 
17 14 54 94 85 
61 41 91 51 74 
59 91 43 46 51 
53 33 86 13 40 
50 83 46 19 93 
13 36 36  9 98 
31 11 71 88 79 
81  4 28 16 91 
50 68 100 22 54 
96 28 96 92 37 
98 60 38 100 56 
58 66 67 92 70 
68 71 46 64 19 
14 95  7 54 66 
82 51 53 74 24 
13 15  6 90 63 
68 100 57  2 76 
38  2 55 50 60 
61 87 32 86 97 
22 45 44  2 43 
36 74 90  4 45 
14 99 60 97 59 
95 50 62 47 24 
98 58 71 88 54 
19 48 94 90 55 
71 23 18 51 95 
59 36 25 69  2 
86 28 95 38 43 
43 65 21 66 71 
 6 42 64 82 49 
96 61 38 66 77 
54 84 25 75 83 
38 13 80 43 30 
58 70 93 72 95 
84 19 88 57 32 
50 17 21 21 43 
26 85 19 16 72 
99 70 32 65 75 
29  1 33 36 80 
53 51 97 33 40 
56 12 62 77 72 
49 10 90 32 85 
27  1 70 59 15 
99 61 89 14 39 
73 25 10  6 64 
11  3 84 52 60 
15 96 83 29 32 
28 42 12 89 45 
84  2 93 51 35 
46 64 46 77 59 
82 80 53 89 92 
15 87 54 56  4 
36 12 83 76 20 
82 47 61 52 38 
41 47 21 53 97 
50 41 79 100  1 
