10 20
50 19 15 94 22 48 70 80 66 73 
98 90 89 47 62 59 29 85 88 45 
11 86 16 13 37 59  7 34 50 81 
49 25 18 41 65 86 78 26 60 96 
96 59 94 10 53 53 82 83 18 82 
83 86 70 36 40 24 23 26 53 94 
66 18 16  7 96 27 55 63 87 68 
84 42 28 42 59 62 90 49  4 61 
27 44 46 56 36 82 38 36 59 54 
93 46 85 99 59 52 96 20 32 97 
57 15  7 35 24 54 55 51 42 15 
77 48 41 82 72 93 70 31 83 94 
74 89  8 30 47 61 96  9 100 36 
85 64 77 50 37 96  4 31 92 21 
83  4 75 63 38 33 83  6 79 61 
71 86  6  4 60 19 30 39 94 76 
38 94 44 70 34 59 19 62 43 69 
54 46 29 13 66 97 42 95 12 23 
87 17 52 83 64 62 93 56 17 84 
35 23  6 31 96 38 37 77 91 93 
