20 50
89 57 54 24 97 68 54 36  2  2  5 71 80 61 44 22 42 89 60  1 
19 23 76  1 76 58 65 31 99 12 34 81 37 59 22 66 91 67 78 80 
87 16 73 11 100 34 44 44 57 56 54 61 81 65 95 11 12 31 70 81 
22  3 26 13 25 67 29 49 15  4 56  7 38 76 36 87 60  3 91 86 
44 30  4 11 14 52 18 31 45 46 12  5 51 22 41 45 88 98 66 79 
28 70 31 29 13 38 20 70  3 71 56 79  3 56 28 72 74 70 48  9 
61 25 89 37 90 68 18 60 29 69 14 70  8 57 73  2 89 46 99 91 
84 82 34 40  1 55 27 53 69 19 59 19 11 42 56 67 81 74 73 35 
37 70 56 38 32 36 24 97 15 39 28 23 100  9 61 38 80 21 21 23 
81 78 44 61 13 84 34 99  3 18 61 76 37 56 32 70 27 68  3 91 
35 74 70 68 36 54 83 64 55 68 17 44 31 12 96 53 39 65 50 52 
88 20 93 66 33 74 31 83 43 16 53 25 90 20 93 50 40 19 64 72 
39 33 61 29 19 55 53 94 62 75 55 38 52 11 74 19 28 91 53 28 
83 71 59 91 64 93  1 81 25 81 63 41 49 47 10  7 12 90 83 62 
64 43 39 89 90 44 43 71  8 78 51  7 35 83 77 86 69 51 31 73 
27 79 66 26  7 60 50 78 95 24 48 43 18 66 87 96 60 30 50 90 
84  9 80 91 18 12 48 69 53 46 30 49 40 11 29 27 90 56 32 76 
37 27 62 82 54 39 52 50 52 32 84 86 44 70 57 10  5  1 87 29 
59 77 99 56  7 79 72 61 25 60 68 69 99 72 75 50 95 66 95  2 
18 99 17 74 61 80 39 38 93 30  7 48  4 52 69 64 33 28 53 25 
40 71 80 31  9 84 81 78 68 77 29 27 33 31 40 83 75 69 77  7 
 9 99 24 99 40  2 69 89 39 78  9 61 94 48 69 76 31 95 84 48 
 5 65 54 12 82 31 92 94 48 16 87 24  2 29 62 38 33 90  2 90 
58 81 45 10  8 26 84 76 89 95 62 83 16 63 64 71 88 88 94 36 
30  1  8 39 22 45 78 83 42 64 84  4 91 26 23 100 86 66 36  5 
20 66 83 19 76 46 13 10 11 88 94 38 15 21 23 37 28 57 85 48 
55  5 81 19 46 54 26  5 83 49 80 32 82 58 58 43 69 53 17 80 
42 75 80 82 50 24 72 92 89 66 20 99 94 84 73 13 99  3 65 18 
23 31 18 15 79 17 67 76 86 36 76 100 56 73 34 100 76 15 98 71 
93 96 82 28 14 55 74 87  5 13 75 53 52 88 92 79 90 58 15 56 
83 75 95  6  8 83 84 32 42 59 43 69 92 52 16 95  3 91 64 62 
75 45 32 66 26 46 59 11 94 29 23 73 41 94 27 46 67 34  3  4 
92 68 86 47 96 72 48 95 59 67 88 57 79 69 42 85 16 60 33 71 
42 74 31 72 25 69 54 96 66  8 60 24 53 82 33 34 65 47 21 60 
 5 62 74 68 97 16 47 35 98 62  7  1 78 74 10 34 36 26 63 72 
15 29 60 53 32 80 82 55 75 87 14 63 29 57 38 67 36 97  5 81 
42 24 99 91  2 43 99 33 13 40 12 57 52 76 89 13 74 60 34 34 
73 85 96 15 79 84 53 99 15 85 90 59  8  6 48 72 20 13 45 61 
79 31 54 36 13 33  2 87 24 10 48  8 79 56 85 62 33 32 78 94 
 8  1 91 88 84  3 30 70 77 89 36 70 22 36 46 35 50  7 67 68 
44 67 13 36  3 25 73 79 38 57 84 85 16 49 73 78 73 29 88 36 
69 91 16 97 51 32 52 45 83 54 66 92 36 55 76 40 38 43 30 94 
87 53 59 40 83 95 19 81  7 22 43 29 34 54 26 54 40 74 68 17 
 7 95 33 96 70 66 71 30 81 22 60 66 56 75 51 74 13 95 77 43 
84 64 22 40 58 33  5 54 52 81 17 71 90 88 27 84  1 91 19 66 
49 76 55 63 97 39 69 33 97 55 83 87 67 90 24 10 91 49  5 40 
81 42  1 53 61 28 92 82 71 81 18 61 35  5 52 41 95 20 93 62 
38 59 10 40 96 72 13  9 16 46 37 19 58  4 28  6 22  5 78 18 
42 77 29 75 47 17 18 25 99 87 48 14 90 41 100 27 75 57 75 29 
 7 93 76 43 29 39 72 31 12 64 83  6  7 68 16  7 12 43 96 18 
