2 100
46 70 
 7 24 
68 22 
42 41 
14 79 
 5 87 
100 54 
100 75 
70 70 
82 40 
68 89 
62 19 
94 30 
32 63 
92 10 
72 61 
19 90 
 4  1 
83 100 
74 69 
46 89 
44  8 
37 13 
60 94 
73 17 
 6 98 
84 28 
83  9 
58  7 
93 80 
21 82 
67 79 
29 20 
66 91 
67 67 
 2 48 
71 67 
40 72 
56 37 
17 40 
91 63 
27 55 
 7 51 
65 78 
55 17 
71 93 
68 91 
42 24 
40 86 
58  5 
73 19 
39 75 
58 43 
72 22 
30  7 
97 36 
91 16 
35 87 
 2  9 
83 100 
79 70 
38 97 
54 41 
100 52 
94 46 
88 78 
10 14 
92 53 
93 64 
57 14 
40 22 
31 83 
 3 30 
54 31 
35  2 
91 36 
94 91 
30 62 
87 33 
90 64 
91 19 
62 23 
93 35 
41 88 
85 30 
79 64 
52 57 
80  9 
11 43 
47 39 
69 42 
22 24 
 7 94 
85 66 
100  6 
71 85 
74 41 
82  6 
41 91 
80 21 
