5 200
 8  5 62 63 83 
 3 62 51 83 18 
 7 73 78 36 48 
65 52 65 89 39 
77 11 90 39 29 
12 59 30 84 92 
97 23 27  7 100 
90 47 31 27 59 
15 17  9  3 96 
69 38 73 10 41 
 8 42 57 32 85 
83 14 95  6 79 
86  2  8 33 64 
33 43 61 14 52 
 3 99 44 10 80 
82 14  4 66 31 
94 35 16 95 51 
68  3 98 63 11 
70 76 42  1 90 
 9 47 37 39 38 
93 49 14  2 62 
21 45 10 29 23 
29 90 81 64  5 
12 11 95 49 66 
100 92  9 55 29 
70 41 96 64 13 
12 34 90 56 20 
73 60 18 23 29 
34 39 46 50  8 
90 31 99 21 92 
35 73 57 18  1 
81  4 94 93 81 
21 35 52 72 79 
34 88 13 71 43 
53 30 32 80 73 
79 45 91 27 13 
 5  4 75 93 34 
30 34 77 19 76 
15 87 44 37 57 
28 23 85  5 17 
26 24 60 11 44 
 8 69 18 74 33 
56 90 86 26 73 
31 81 33 61 41 
55 90 80 44 79 
33 52 49 49 65 
43 65 88 75  7 
35 98 60 61 12 
18 33 40 11 50 
69 54  9 38 95 
76 47 21 76  7 
63 85 19 41 24 
12 53 91 20  1 
60 18 25 34 18 
28 23  4 70 46 
35 20 48 13 90 
65 83 29 65 44 
44 59  9 49  8 
 6 22 17  1 77 
85 98 13 34 30 
60  6 80 34 66 
84 50 87 91 22 
72 22 66 79 88 
25  2 31 30 70 
72  9 42 93 49 
19  8 79 87 35 
32 28 83 90 62 
59 23 91 89 53 
33 37 71 68  1 
59 34  5  8 87 
20 47 39 29 27 
33 26 15 28 60 
 7 10  6 16 67 
21 65 38 52 60 
69 71 90 73 12 
30 17 37  5 36 
20  2 62 62 60 
86 85 32 48 82 
90 31 65 59 58 
36 36  4 98 13 
96 94 87 81 55 
42 15 67 95  8 
20 42 18 48 71 
88 98 34 57 60 
65 83 27 69 84 
72 22 84 60 98 
51 95 40 68 95 
44 66 53 64 25 
 8 89 81 82 81 
10 20 25  8 10 
20 93 77 65 26 
11 84 71 83 82 
61 27 47 60 10 
34 85  7 97 83 
21 50 51  6 21 
54 47 76  2 72 
65 59 47 75 94 
25 46 62 24 99 
17 40 46 33 30 
21 97 43 17  5 
15  7 49 13 96 
85 92 10 54 52 
24 98 18 92 43 
24  9 99 71  3 
42 78 21 65 39 
26 35 31 65 67 
86 99 62  9 50 
23 28 93 82 87 
77  5 94 51 88 
32 39 11 53 31 
72 20 20 47 22 
52 75  3 56  1 
53  6 14 59 20 
37 34  9 68  3 
 7 32 50 52 71 
93 89 25 34 24 
71 12 46 30 30 
84 32  4 17 36 
74  9 67 87 95 
55 21 60 53 98 
64 85 93 78 27 
34 25 50 23 77 
44  7 61 96 25 
47 59 40 52 32 
90 49 74 54 78 
13 23 90 44 40 
42 17 48 89 69 
60  5 49 10 66 
45 40 79 92 39 
83 48 94 78 86 
78 65 26  2 46 
42 43  8 95 35 
62 60 15 10 40 
50 16 62  2 34 
44 94 11 15 72 
33 14 80 16 85 
72 55 57 40 47 
36 85 61 84 57 
58 75 17 84 28 
16 62 88 70 60 
59 94 31 20 96 
14 26 85 26 93 
 9 19 28 73 54 
21 34 81 35 98 
74 93 69 44 85 
 9 16 83 89 47 
82 88 93 94 35 
38 74 68 45 15 
77  8 78 20 81 
27 14 81 53  7 
100 74 30 40 85 
22 84 21 58 58 
59 58 73 100 28 
55 91 66 51 71 
 7 42 52 42 19 
 9 90 19 54 94 
59 73 74 43 90 
85 19 74 18 64 
23 83 78 39 51 
75 24 88  2 20 
13 21 37 54 24 
 5 40 72 45 60 
40 93 29  9 85 
79  2 64 75 14 
56 67 71 21 43 
20  3 21 50 48 
41 57 69 28 98 
25 56 35 76 48 
66 27 94  2 76 
26 60 31 31  3 
80 57 93 99 79 
54 67 52 57 62 
 4 58 11 98 87 
97 80 63  6 70 
61 85 38  8 86 
100 43 26 62 19 
28 64 28 60  6 
68 13 37 90 45 
32 14 92 62 88 
80 43  5 49 83 
 9 95 72 16 60 
58 38 45 83 35 
52 98 53 40 84 
59 53 52 96 86 
 4 31 73 56 36 
49 90 36 12 40 
 9  2 26 92 75 
 1 100  9 11  1 
29 14 59  5 39 
54 52 64 55 81 
29 27 41 86 92 
75 43 14 48 55 
 4 37 54 76 82 
63 74 62 19 67 
85 99 65 44 75 
37 40 64 51 20 
85 34 49 37 25 
17 34 57 77 88 
25 93 43 20 71 
26  7 63 66 49 
