20 100
25 92 69 57 29 19  6 85 59 67 96 59 95 84 61  3 57 43 39 89 
52 66 83 60 42 58  3 46 63 64 54 43 42 44  5 36 35 69 24 45 
49 68 47 95 63 43 22 51 87 72 71 26 47 41 10 99 50 59 42 76 
36  6 84 45 82 14 11 22 37 39 69 23 93 27 42 77  2 87 55 51 
 3 26  5 69 73 80 57 66 47 58 43  1 35 46 48 44  8 20 10  1 
16 27 55 31 26 11 74  6 90 39 19 77  9 74 50 23 72  4 34 72 
70 50  3 98 46 70 17 50 54 98 44 87 95 25 57 78 27 70 83 91 
51 88 49 24 88 52 50 72 67  5 89 42 56  9 87 79 94 26 75 48 
46 86 55 23 46 24  4 43 44 39 15  9 21 58 38 86 64 90 80 52 
83 31 26  7 41 14 74  1 10 54 92 48 73 34 12 55 91 43 58 67 
 1  7 57 43 55 80  3 19 83 11 15 56 99 55 89 41  8 32 12 41 
47 45 59 49  4 11 22 56 63 14 11 61 42  3 67 70 36 22 55 28 
98 68 52 51 99 60 24 17 68 78 52 91 74 46 32 41 38 46 72 19 
40 66 88 99 57 64 11 96 87 77 43 52 61 90 61  4 28 67 81 87 
92 72 40 91 41 43 48 61 60 50 65  8 29 73 76 88 13 97 69 83 
25  5 49 40 80 69  8 85  6 69 16 65 53 24 54 66 42 27 34 64 
31 49 68 16  6 89 78 80 67 37 12 93 15 27 16 79 63 36 87 86 
93 39 26 15 70 27 45 92 69 66 35 53 84 61 75 60 99 37 11 40 
60 52 64 13 66 29 65 27 87 33 82 39 19 20 24 35 40 64 97 27 
10 58 53 33 44  2 36 79 87  7 81 42 41 50 92 88  9 50  2 43 
34 72 10  4 47 62 86 75 38 52  3 14 48 24 99 67 27 29 20 76 
95 81 92 100 42  3 28  7 44 60 16 12 59 41 100 22 94 86 69  5 
19 27 22 76 49  5 79 76 27 81 43 68 18 59 68 98 51 26 74 59 
21 87 34 100 68 73 74 58 43 24 34 30 98 39 53 40 28 90 15 34 
59 64 53 86 73 64  4  8 41 73 27 14 97 34 70 71 64 70 96  5 
76 72 76 79 47 36  3 87 59 12 40 14 92  1 12 12 62 83 80 42 
89 96 17 67 14  9  7 96 74 81 62 58 86 90 21 11 16 88 62 43 
75 30 32 87 28 41 13 73 16 11  3 30 23 85 71 79 57 16 50 25 
18 87 78 13 59 78 84 84 96 60 21 39 51 68 28 80 17 48 18 87 
30 86 94 100 93 38 17 59 78 10 67 73 30  8 68 49 18 43 34  2 
49 80 39 93 92 47 32 23  7 33  4 71 37 80 17 63 18 92 56 75 
75 59 50 71 80 94 44 55 12 64 24 86 43 76 37 14 69 82 67 61 
89 24 50 41  8 29 36 52 38 13 62 53 37  8 32 15  7 86 13 95 
59 58  8  9 90 18 58 75 88 85 22  5 76 86 54 51 26 91 94 41 
32  6 36 87 43 77 97 56 59 53 22 80 17 27 30 40  8 67 38  3 
62 30 75 28 78 23 29 15 30 70 83 76  7  4 12 18 41 42 89 38 
27 11 95 70 41 99 80 89 86 68 10 19  7 88 42 19 67 70 98 41 
75  5 61 65 17 34 70 98 20 69 25 80  2 87 86 96 85 74 97 80 
62 45 51 30 50 26 85 90 84 57 87 95  2 11  7 32 55 11 48 89 
31 95 37  7 13 92 17 39 75 93 33 74 46 17 53 19 76 44 51 76 
 3 84 40 11 94 10 26 79 37 25  3 28 28 51  6 22 86 96 56 38 
82 58 26 34 37 69 73 27 89 57 83 26 83 16 28  9 23 57 42 99 
84 15 44 20 62 88 21 23 22 52 88 45 31 29 33 53 66 83 21 100 
66 79 54  9 41 27 12 37 67 42 23 74 65 26 32  8 15 55 66  9 
25 13  8 82 33  9 38 87 82 100  8 51  7 45  7 64 64  2 67 48 
 8 73 32 60 43 17 12 18 73 14  9 52 19 68 52 53 78 59 23 12 
56 15 56 41 31 81 41 13 29 31 52 25 66 65 71 73 93 59  6 22 
90 62 28 97 79 85 53 20 57  4 80 47 22 34 83 83  2 67 72 25 
 5 52 68 56 49  3 48  6 52 74 26 31 96 79 98 63 68 23 91 31 
 2 100 40 90 87 95  7 65 84 22 20 85 12 45 32 38 26 59 76 36 
28 99 60 45 95 89 77 94 53 64 94 66 33 56 90 85 58 29 40 13 
13 24 77 49 77 25 72 40 87 47 22 91 48 50 31 24 49  2 49 99 
60 27 69 63 61 72 81 49 80 98 72 51 27  4 81 84  3 85 36 77 
65 54 74  8 17 91 80 49 64 23 71 78 46 47 36 91 60 90 47 99 
 8 23  9 31 66 40 71 98 61 11 31 76 52 66 66 65 58 22 100 55 
84 83 10 70 21 28 40 34 41 85 60 90 52 54  5 36 37  3  7 66 
 7 91 57 86 63 63 15 19 79 31 49 35  7 75 94 19 65  1 100 57 
71 64 26 79 38 80 15 69 95 41 97 83 81 58 47 56 96 94 26 76 
40 27 93  6 30 76 19 29 65 34 25 22 10 75 85 14 50 64 69 88 
26 95 16 24 27 34 22 17 31 31 58 11 69 15 55 26 30 11 75 27 
25 85 23 13 24 83  1 88 31 29 12 44 95 31 36 99 59 97 94 90 
43 12 80 59 80 88 12 37 62 59 13 60 67 93 93 52 34 65  8 57 
57 68 66 22 100 94 14 80 50 70 46  6 78 33 34  6 85  9 60 70 
43 58 47 66 33 18 69 25 31 17 85  4 88 92 95 97 42 54 19 84 
36 42 69 28 39 39 94 80 84 55 90 45 63 15 100  9 56 19 34 80 
45  7 31 25 93 35  9 34 57 45 53 14 74 38 63 59  4 29 28 47 
53 63 22  7 83 97 27 42 42 89  6  8 55 39  6 14 52 31 77 65 
55 97 58 75 95 68 10 69 27  3 32 34 65 89 75  9 36 35 57 29 
11 67 92 11 30 56 72 57 75 25  8 47 95 82 58 58 57 52 33 95 
28 96 57 24 100 65 15 10 75 76 73 59 14 76 71  8 61 22 55 92 
78 93 46  7 87 74 71  6 33 98  2 48  7 88 40 58 14 28  7 51 
57 57 64 15  1 50 84 12 57 74 37 11 41 98 23 62  6 29 33 27 
 3 14 56 38 14 71 60 49 70 31 20 91 90  8 26 76 69 39 49 96 
71 22 22 52 54 61 16 97 57 48 88 44 94 85 61 69 97 54 37 54 
56 18 69 17  2 22 42 41 43 71 12 54 58 90 28 27 77 86 55 97 
51 80  9  3 32 58 14 44 25 42 69 96 72  1 42 42 97 85  5 17 
59 97 75 74 92 86 67  2 19 41 92 38  2 48 44  3 14 70  6 66 
40 54 29 57 49 75 57 41 75 21 47 40 33 80 44 97 28 40 81 99 
18 66 73 15 76 36 59 95 42 87 40 38 32 28 39 74 17 16 40  2 
34 38 19 71 44 39 35 18 60 62 42 78 81 22 35 33 36 70 93 94 
75 64 27 44 19 22 50 66 51 34 44  4 65 89 51 88 30  2 36 70 
95 42 66 20 35 91 94 82 50  3 82 22 22 79 83 49 10 18 90 47 
12 33 68 60 79  4 42 60 57 28 31 48 57 34 37 84 82 42 39 93 
27 26 43 19 39 33 72 76 26  8 51 92 47 73 24 90 56 71 78 92 
36 98 14 90 52 51  5 39  8 74 59 23 68 38 27 82 99 63 99 37 
67 90 17 46 66 13 50 81 48 27 70 41 36 74 86 55 64 98 26 36 
46 17 32 21 78 58  3 20 89 28 70 31 12 48 71 73 58 28 25 40 
85 84 61 52 76 54 90  4 95 23 46 32 37 72 75  8 18 43 71 16 
72 30 69 94 93 65 84 95 50 73 39 76 29 48 62  2 51 91  9 52 
30 80 49 51  6 77 67 63 53 89 100 73 31 49 46  8 30 79 72  5 
64 23 87 30 47  8 25 58 78 87 86 30 94 30 95 11 55 23 69  5 
33 79 39 83 63  4 29 79 67 26 100 21 84 94 71 50  9 79 32 76 
79 83 97 16 81 71 26 46 81 10 77 58 11 40 28 22 43 46  7 61 
49 66 78  4 25 47 35 31 31 19 84 15 97 58 31 89 91 23 18 91 
26 94 90 41 41 40 18 81 87 80 39 32 93 73 82 65 43 79 43 17 
47 28 52 46 65 71 71 37 92 57 69 37  6 67 73 93 95 36  2 43 
17 30 76 55 99 35 55 43 24 23 34 10 68  4 23 15 97 61  1 12 
88 88  7 91 34 87 74 76 42 93 100 33 61 47 14 40 48 30 62 61 
38 90 24  4 86  6 59 35 65 26  2 24 49 96 27 83 56 51 50 43 
74 29 31 97 34 73 96  2 23  7 91 94 40 60 76 36 64 37 10 45 
