5 50
83 22 38 71 82 
95 32 22  5  1 
81 41 98 87 32 
63 61 41 79 16 
11 92 86 48 69 
 9 69 81 26 31 
13 46 92 48 98 
17 51 76 34 76 
68 11 99 28  8 
51 65 44 57 49 
40 75 11 82 98 
16 16  1 100 84 
81 65 16 39  5 
15 83 32  9  6 
21 17 51  8 13 
65 79 37 64 89 
69 95 15 67 91 
83 59 75 17 19 
52 49 57 95 96 
23 78 88 89 13 
33 77 23 75 20 
97 92 53 72  4 
73 71  8 34 80 
41 50 25 43 19 
37 20 28  5 63 
33 11 91 76 88 
63 39 45 35 77 
66  2 93  6 17 
46 74 37 50 65 
18  2  6 62 16 
12 23 46 30 78 
86  8 62 64 75 
25 10 58 19 99 
34  1 12 95 100 
18 83 26 28 94 
 8 15 14 73 56 
59 95 25 56 100 
66 39 74 13 40 
98 53 51  7 23 
 4 50 56 91 92 
53 17 25 44 86 
29 17 32 92 66 
88 30 62 24 83 
75 81 95 55 83 
20 24 95 70 73 
 6 90 22 46 23 
 1  7 16 74 54 
22 81 50 77 70 
30 93 65 55 24 
49  8 64 25 99 
