5 100
20 53  3 92 26 
68 11 76 88 58 
 2 34 17 64 51 
63 17 26 83 53 
52 84 31 41  3 
54 97 88 67 51 
96  7 23 98 47 
 9 79 47 97 57 
97 31 46 40 74 
27  3  4 63 59 
94 44  5 11 55 
81 93 59 44 49 
38 75 91 52 85 
67 11 24 63 94 
62 10 30  7 21 
68 60 55 17 83 
78 45 53 94 94 
58 99 58 10 94 
39 66 92 63 34 
65 89 68 23  6 
 9 81 61 87  4 
43 83 55 30  6 
71 52 28 60 70 
64 17 87 88 40 
14 38 10 18 34 
58 84 58 56 67 
88 90 52 42 94 
95 33 24 48 46 
37 79 20 82 21 
82  1 12  6 76 
36  4 61 78 14 
99 52 18 60  4 
97 83 79 16 96 
84  8 99 64  5 
21 76 91 97 34 
11 75 90 97 81 
44 78 21 67 99 
59 17 86 44 65 
64 35 10 81 97 
68 64 51 43 92 
52 86 93 36 87 
58 92 84 83 24 
71 18 78 33 15 
32  9 72 32  2 
89 58 72 14 80 
71 82 11 10 42 
 4 47 31 33 39 
 3 63 62 68 64 
38 13 55 97 90 
92 40 12 78 71 
70 74 80 75 32 
29 19  1 15 41 
95 77 56 52 42 
87 79 97 24 58 
 7  3 50 55 87 
49 67  7 94 21 
 7 96 66 31 58 
31 27 81 50 97 
64 65 62 72 15 
71 60 66 62 70 
10 75 53 68 90 
64 75  1  4  5 
77 10 45 100 52 
73 71 79 65 60 
94 25 75 91 84 
71 49 96 85 39 
38  6 42 75 20 
74 91 27 85 60 
57 69 76 25 76 
24 43 72 42 36 
14 64 36 28 100 
34 70  5 39 95 
37 13 94 54 35 
43 17 59 92 67 
75 27 28 81 96 
39 12 28 46 90 
14 86 24 78 68 
71 73  8 23 54 
15 61 96 30 41 
83 64 100 62 24 
72 84 79 77 86 
40 68 30  9 15 
22  5 10 44  2 
95 14 100 59 92 
11 85 15 24 53 
64 37 94 71 12 
98 38 80 21 32 
54 57 44 47  7 
81 10 82 56 33 
20 28 39  4 76 
89 57 60  8 34 
93 56 84 24 59 
45 10 42  4 37 
58 15 41 81 40 
40  2 47 80 60 
36 40  5 17 51 
 3 57  9 72  5 
45 60 37 23 43 
 7 77 47  1 70 
54 85  5 27 35 
