20 200
23 12 61 48 37 15  9 40 64 79 81 16 54 87 39 22 54 25 17 13 
100 15 10 25 65 45 72  2 72 25 63 14 50 59 36 31 66 62 54  9 
19  5 52 56 98 95 24  5 36 21 68 49 46 50 64 92 70 88 91 26 
38 68 39 68 48 79 45 97 71 65 74 40 31 83 62 84 69  9 27 53 
22 68 89 92 99 71 22 66 17 33 73 55 19 54 61 76 37 70 59 55 
57 85 95 65 88 82 42 58 46 36 90 16 11 52 45 96 84 24 79 94 
42 92 78 44 30 77 35 29 64 79 68 39 83 58 55 49 63 49 42 28 
58 37 43  8 71 53  8 87 87 15 18 79 82 45 80 37 49 98 22 22 
37 45 100 12 75 51 78 77 53 57 40 94 59 41 36 20 31 27 65 27 
40 47 87 86 43 82 23  1 84 48 65 47 56  7 52  9  3 54 13 83 
34 94 46 77 31 55 55 16 43 11  5  4 57 71 14 24 59 36 45 56 
23 37 35 72 31 39 30 69  2 14 40 61 11 21 90 15 35 65 86  6 
96  5 92 47 56 86 58 86 59 41 31 86 22 56 33 24 74 77 20 74 
19 74 70 53 70 44 71 73 89 78 61 98 96 60  9 21  1 21 18 19 
33 67 74 59 26 35 76 15 90 16 36 89 68  9 53 25 65 60 46 49 
79 82 57 14 90 57 86 95 43 62 58 56 98 96 45 64 60 73 87 58 
19 85  1 73 85 17 36 31  2 38 67 23 17  3 85 65 67 15 17  9 
 3 29 41 27 47 58 46 28 27 37 54 15  4 94 13 74  6  9 95 84 
90 89 44 46 18 82 41 29  3 43 94 52 76 53 70 59 34 58 57 37 
100 83 37 13 49 48 29 57 65 21 54 24 27 58  4 72 82 79 79  3 
44 13 55 22 52 45 21 25 27 94 60 39 16  1 21 90 28 99 44 65 
 6  1 69  5 40 28 63 67 55 68 71 38 13 70 61 47  7 80 10 25 
95 41 22 16  3 45 51 71 19 49 94 11 26 52 22 26 47 32 52 79 
92 45 21 91 46 66 72 60  4 88 23 73 28  6 17 87 96 81 50 78 
40 21  6 19 94 90 38 90 36 17 78 46 85 96  1 36 15 46  2 19 
29 31 25 14 28 98 20 15 75 20 17 71 19 18 79 73 38 56 53 94 
49  9 27 27  8 36 26 45 62 95 23 88  9  8 80 63 80 100 77 52 
61 11 25 94 80 16 56 74  9 84 58 65 24 63 48 32  4 63 81 82 
27 15 96 64 66 72 29 93 51 89 14 20 97 68 66  4 16  5  9 38 
81 10  8 28 90  1  8 71 77  5 69 32 50 95 91 76 47 41 86 49 
14 69 96 46 60 95 12  1 44 78  4 74 70 84 64 79 96 36 66 95 
 6 60 84 92 18 83 60 28 80 47 43 78 12 63 84 66 66 95 51 87 
92 61 45 16 32 21 10 70 67 90 22 12 94 84 90  8 62 32 58 53 
79 75 99 20 11 53 64 42 41 97 34 90 47 99 100 37 40 38  8 47 
48 85 65 82 47  1 99 93 34 98 79 77 59  7 51  7 32 96 11 61 
87  1 100 70 51 88 98 71 72 53 32  3 64 91 89 80 82 94 78 37 
52 93 55 28 91  4  5 90 51 43 44 58 50 32  5 70 12 77 58 81 
56 22 82 57 63  5  8 87 66 34 48  6 30 47 100 77 61 70 82  8 
43 88 73 100 79 32 66 44 77 40 79 35  6 98 81 12 87 41 59 96 
27 29 41 72 69 36 16 64 88 75 96 55 62 65 30 47 98 38  2 60 
 9 89 55 65 41 90 19 63 76 59 66 83 38 31 37 54 22 54 78 45 
76 49 54 77 34 34 23  5 78 98 61  5 68 88 80 52 65 30 50 63 
77 15 68 74 24  3 100 35 75 30 30 90 61 97 29 11 16 43 17 12 
28 48 35 42 17 15 40 72 67 52 30  7 79 75 40 31 52 45 98 27 
60 95 88 16 82 68 45 35 70 18  8 66 77 84 67 42 78 24 92 35 
72 56 26 29 54 60 31 87 32 28 91 35 39 20 39 69 77 33 56 94 
48 63 87 15 17 46 80 88 91 70 100 87 55 58 40 44 99 63 63 83 
74 99 14 11 52 24 85 54 42 56 18 33 25 41 38 76 46 54 71 62 
41 60 85 12  4 93 15 84 32 80 82 69 51 96  7 60 58 66 61 97 
72 20 93 71 42 88 64 47  2 50 70 99 68 77 66 20 41 38 71 58 
34 74 99 98 28 70 47 100 16 31 95 34 29 88 73 71 95 83 34 90 
64 91 89 76 85 19 81 47 89  9 99 51 36 23 36 96 26 38 98 20 
95 29  4 30 52 95 80 29 76 62 45 82 23 16 65 17 74 42 96 70 
65 69 22 21 12 21 67 20 70 88 71 82 71 48 22 48 43 98 88 90 
96 29 71 32 17 55 57 66 54 41 24 35  4 76 80 62 17 35 79 52 
99 17 36 89 89 72 54 28 20 83 34 83 79 70 50 66 19 65  4 16 
22 21 55 86 84 59 88 68 67 36 55  5  5 72 43 57 47 51 48 65 
15 67 65 62 84 35 95 44 76 65 34  4  7 91 55 20 39 43 42 36 
46 46 62 67 45 64 10 18 23 23 50 63 70 50 18 11 14 40 25 63 
 3  3 41 52 20 88 38 83 83 58 62 71 50 65 69 46 39 27 71 82 
29 71  7 17 54 27 66  7 47 47 42 16  7 93 35 78 60 36  7 33 
16 53 56 51 48 33 78 87 66 60 58 54 27 58 18 17 36 98 20  7 
60 100 63 96 67 52 36 86 18 98 96 75 49 50 59 69 100 97  8 26 
 7 55 28 87 62  8 92 39  3 93 64 11 73 93 62 95  8 74 69 32 
41 67 13 78  9 25  3 69 32  4 29 78 77 84 97 96 35 93 99 87 
41 29 44 93 13 93 73  8 54 89 89 46 94 83 27 57 36 60 80  3 
78 71 32 70 68 92 18 72 47 48 32 39 40 63  7 55 42  1 57 25 
49 67 10 75 67 47 46 26  1 48 60 10 19 11 82  7 49 34 80 31 
14 100 48  9 12 76 37 31 34 95 71 35 70 14 80 16 73 15 67 33 
 6 54 42 56 13 17  7 39 74 31 27 56 39 42 15 67 56 70 62 95 
11 27 40 92 56 68 58 66  2 40 72 77 62 56 32 15 50 49 88 29 
66 41 79 36 65  9 27 84  4 98 14 69 41 22  7 83 93 16 31 64 
10 58 93 29 42 30  6 72 77 79 28 38 95  1 92 32  4 76 57 23 
28 16 53 32 80 41 87 52 76 38 81  6 42 10 74 56 16 73 17 88 
31 57 92 67 78 54  3 93 72 81 12 13 27 27  8 29 96 96 49 39 
53 42 18 99 20 47 10 67 33 64 97  4 65 80 96 84 87 94 81 72 
38 97 25 83 74 86 15 57 69 72  7 86 58 34 67 39 33 94 91 71 
54 43 37 64 77 85 26 39 33 34  8 93 15 10 20  3 45 76 55 23 
67 53 11 46 84 85 64 26 27 67 67 38 33 100 22 28 24 64  7 58 
20 97 94 17 75  8  8 26 70 93 48 61 58 96 36 64 75 59 45 79 
37 94 67 49 22 45 15 93  3 72 67 52 44 85 42 10 63 50 23 39 
12 29 88 48 53  1 24  7 98  6 99 33 55 97 96 39 41 90 11 98 
27 47  4 66 28 56 59 72 14 65 98 12 73 17 55 30 54 82 67 33 
61 87 100 67 50 19 55 25 100 43  1 28 98  5 46 68 48 97 14 63 
28 82 47  7 23 82  3 19 93 74 81 96 83  3 72  9 49 16 75 45 
23 23 27  2 49 92 94 92 73 61  3 54 72 98 56 11 89 20 52 44 
65 15 79 100 70 90  9 38 46 21 27 73 56 42 62 43 62 66 98 96 
98 59 54 50  7 13 95 27 17 98 37 60 12 61 36 92 21 18  7  2 
26 49 14 59 45 88 89 12 48 90 87 87 61 29 51 49 71 41 37 47 
39  5 22 84 60 61 80 42 38 47 21 42 35 52 62 34 18 33  1 57 
55 59 89 95 78 39 30 27 50 62 42 70  4  6 20 62  3 49 69 91 
 4 86 69 41 31 21 31 43  7 49 29 29 39 14 45 29 37 99 74 75 
59 58 34  8 46 14  8 83 66 90 20 85  6 14 47 39 93 24 98 47 
51 12  8 93 16 22 44 48 74 30 44  9 57 73 20  7 54 91 28 80 
43 14 80 17 86 79 42 23 66 52 63 36 76 68 21 78 12 12 87 53 
95 85 97 61 25 19 50 11 10 90 14 18 74 73 62 28 78 59 98 99 
17 39 51 51 96 31  5  8 29 52 51 38 19 27 86 84 20 76 49 55 
37 88 62 26 57 85 63 81 38  4 30 78 82 18 60 61 94 99 67 34 
17 89 52 79 29 62 99 39 39 74 39 47  5 95 94  6 85 49 11 45 
69 76 87 95 67 68 29 91 93 57 27 85 37 64 92 87 27 34 99 13 
65 17 44 24  6 33 96 73 19 45 72 29 22 100 79 32 97 29 48 93 
84 52 82 42 100 50 44 89 18 92 56 14 85 75 84 13 49 86 88 93 
71  1  1 12 63 55 55 31 91 81 76 12  9 88 47 82 14 71 78 13 
67 51 58 95 34  8 71 30 52 100 87 79 89 71 11 23 17 40  7 53 
16 20 39 56 12 21 48 49  3 41 54 95  7 69 74 52 72  8 28 33 
76 30 66 15 65 28 25 73 66 89 19 95 38 16 59 54 90 83 49 82 
82  9 85 83 93  8 52 45 79 11 33 100 73 33 42  6 43 73 45 77 
 1 89 49 53 24 93 79 10 82 76 89 47 13 41 30 93 20 95 98 45 
27 73 71  5 92 83 38  4 44 65 68 27 39  5 71 14 23 76 25 68 
34 78 12 15 40 52 32 40  7 84 53 88 86 50 55 57 27 59 38 100 
23 93 31 83 62 32 77 55 70 93 76  7 59 51 97 44 26 94 54 32 
32 43 20 97 80 32 51 15 64 30 28 42 54 48 48 90 64 81 76 46 
48 95 47 38 17 15 33 24 51 67 48 78 52 62 76  1 83 15  3 15 
 6 45  9 97 65  9 76 83 21  8 39 57 17 93 36 68 29 22  6 43 
76 31 85 96 82 41 64 15 19 10  4 80 49 31 65 34 68 27 38 88 
19 97 63 61 13 93 22  5 90 78 11 17 11 54 67 35 34 48 93 85 
11 14 51 46 89 68 46 89 43 15 72 40 67  3 75  8  8 85 87 83 
18 12 25 28 10 79 73 18 48  9 94 72 30 73 52 93 50 87 59 95 
52 46  8 66 92 53 24 62 38 65 50 17 29 64 56 65 82 90 53 80 
75 65 13 29 93 17 84 60 47 37 26 99 50 71 13 10  8 72 56 91 
54 17 99 87  7 13 68 91 92  1 50 69 35 58 33 10 37 64 13 61 
64 51 79 88 82 25 17 77 99 79 83 52 25 15  7 22  3 40 45 69 
 1 44 27 72 39 67 20 66 48 64 20 24 51 47  5 82 40 42 40 62 
88  3 14 19 77 34 77 75 37 10 81 26 59 29 70 12 31 100 94 28 
12 22 71 56 19  8 33 38  5 78 55 20  4 55 45 24 100 12 89 59 
83 90 49 55 80  4 43 33 53 18 29 91 67 90 59 61 64 45 80 34 
41 15 26 82 67 60 93 51 68 23 57 45 14 99 64 16 15 64 67 64 
24 91 47 41 100 22 41 24 21  3 52 40 96 38 17 54 11 32 66 18 
39 52 36 100 31 64 89 20 17  3 46 77 95 75 88 57 15 36 82 22 
37  5 75 73 62 33 56 96  3 87 48 32 78 87 92 33 39 39 10 25 
16 38 66 88 50 14 76 24 24 100 83  7 50  5 33 57 49  4 16  8 
67 89 12 62 30 67  3 38  9 61 27 53 77 99 84 43 59 20 93 53 
88 18  9 38  4 32 53 83  7 98 75 35 18 21 95 68 73 77 62 36 
22 57 67 88 71  6 96 39 46 42 73 26 41 91 43 78 33 78 56 16 
55 73 93 66 75 28 23 51 79 13 34  7  1 28 12 15 27 39 90 37 
84 87 34 83 68 35 99 74 31 58  4 18 71 24 84 34 25 10 88 46 
71 97  5 31 11 12 80 40 97 60 41 94 15 51 22 81 64 63 44 57 
31 34 15 68 66 89  6 63 62 90 40 90 10 93 25 29 63 57 48 68 
29 66 95 84 51 30 96 95 37 19  5 21 64 39 13 44 30 97 52 31 
52 68 30 58  2  6 65 23 84 83 30 91 21 98 14 94 78 79 90  2 
82 100 36 53 63 55 60 26 48 24 88 48  6 10 87 53  9 45 99 58 
86 86 50 72 81 29 56 59 41 90 45 49 10 32 40 21 24 45 27 59 
97 15 29 38 46 14 87 40 90 89 74 84 76 41 55 61 54 42 25 34 
60 85 41 96 38 24  5 68 13 38 79 91 66  6 26 15 65 12 12 34 
41 54 21 46 66  9 39 100 99 56  5 37 77 14  4 24 32  7 48  8 
10 24  2 19  4 14 44 79 91  9 88 49 49 100 72 20 71 69 18 55 
95 44  1  1 22  4 34 22 14 54 50 29 83 67 83 11  5 63 54 41 
 6 38 23 15  2 96 40 65 68 54 38 41 80  6 92 74 40 54 38 51 
43 98 57 93  4 42 31 48 14 99 30 23 72 50 70  9 41 13 13 100 
92 97 12 55 37 60 39 14 87 24 42 48 60 73 58 71 62 12 20 31 
11 73 78 40 35 88 45 59 71 54 17 99 21 28 63 34  4 99 96 20 
71 51 49 89 62 53 71 63  8 48 11 40 64 33 32 66 55 70 26  6 
37 28 95 19 59 63 95 28 88 71 86 15 69 74 22 42 50 13 91 80 
10 91 27 43 95  1 55 10 33 41 21 78 59 31 83 96 28 99 74 100 
54 32 96 81 82 32  2 31  9 81 49 27 76 64  1 36 34 13 88 92 
41 94 23 81 81 55 62 77 48 38  1 25 18 79 23 66 94 40 24 64 
59  8 98 99 59 33 18 34 28 86 59 18 56  5 29 12 15 46 30 56 
59 37 65 90 91 29 84 40 71 47  1 14 58 67  6 48 50 57 59 75 
100 40 81  8  8 79 42 98 68 99  2  6 27 94  6 90 60 24 71 71 
 4 82 82 10 24 38 25  7  1 10 48 35 100 47 52 51 100 57 99 46 
90 57 67 32 35 67 27 97 39 83 13 23 94 65 78 47 14  3 56 81 
26 62  5 47 24 16 77 14 79 16 27 97 71 75 88  3 53  9 77 17 
65  1 29 71 18 17 51 59 14 60 49 22 95 65 37 56 79 61 20 46 
88 51 97 47 36 83 77 69 42  3 44 87 38 17 82 100 47  3 29 64 
77 38 38 88 59 58 74 56 82 18 32 11 25 19 34 55 29 96 69 79 
48 59 73 85 65 68 95  6 39 59 65 29 74 10 77 90 68 65 50 37 
30 57 68 39 94 92 69  8 25 40 51 90 80 13 77 91 87 90 65  3 
57 68 90 16 79 72 42 77  6 28 51 78 73 51 25  7 45 76 85 83 
19 49 78 71 92 71 36  4 82 31 84  1 63 18 75 75 30 27 42 14 
15 94 50 85 80 55 52 56 51 85 89 94 32 78 36  3 41 24 29 15 
31 71 16 22 83 38 17 18 88 69 60 80 88 91 95 78 49 58 69 42 
89 67 53 34  3 31 46 49 52 95 11 64 64 52 90 62 55 27 42 19 
85 89 94 44 26 66 86 29 59  8 97 59 74 72 87  1 78 11  4 82 
43 97 12 30 60 19 36 34 40 35 28 64 79 75 26 42 94 49 78 51 
 7 41 77  2 35  7 19 41 44 25 90 65  7 60 17 87  1 72 55  5 
37 37  1 59 96 25 54 43 36 15 20 100 47 74 10 79 75 63 42 20 
22 77 30 79 58 50 19 51 27 66 96 78 85 59 86 42 80 66 63 79 
86 68  1 95 59 15 78 75 10 43 43 11 51 62 51 70 96 42 52 39 
47 37 20 25 59 35 69 83 63 73 32 39 20 87 53 73 58 54 15 91 
82 48 93 54 28 14 82 48 17 35 31 71 90 60 28 79 43 14 85 96 
 7 71  1 13 23 81 30 76 30 54 11 30 78 66 33 21 53 84 56 67 
34 12 41 85 63 30 82 31 66 89 90 69  5 15 29 86 72 96 55 25 
 1 24 93 29 89  7 88 67 45  8 66  6 78  9 39 50 73 41 64  4 
31 46 31 24 13 44 70 59  8 89 20  5 49 59 65 38 89 79 98 87 
15  2 76 65 53 26  6 96 90 80 44 25 11  7 76 71  4 27 41 54 
82 38 43 50 41 70 85 69 50 43 21 26 51 19 91 33 16 96 96 42 
22 83 84 17 21 64 66 32 52  6 41 83 64 48 79 71 72 86 100 35 
 3 84 46 96 66 42  6 45 27 62  8 71 96 76 45 85 23 79 66 46 
 9 79 93 76 86 52 27  4 25 66 72 47 20 28 99 97 64 56 37 13 
29 31 64 12 40 65 89 67 82 19 43 53 41  5 38 34 79  7 77 99 
56 39  3  8 44 36 11 87 59 65 74 38 23 60 72 37 42 25 48 60 
24 62 15  7 91 95 97 59 74 54 11 46 77 27 74 27 48 100 80 27 
90 37 10 21 21 80 70 62 34 58 36  2 30 40 70 10 72 12  5 87 
33  9 79 92  5 54  9 17  5 48 18 92 19  2 79 57 80 71 97  8 
 5 78 92 39 20 23  8 98 17  9 45 71 38  2 92  2 36 26 25 95 
37 69 70  1 52 18 62 54 32 75 55 47 85 23  8 18 53 76 15 74 
70 92 84 99 90 65 19  5 72 77 16 18 82 53 44 25 88  4 10 80 
12 26 32 96 87  6 17 78 83 23 18 47 79 48 68 68 96 94 23 93 
61 13  7 88 76 59 98 40 20 98 75 69 74 87 28 20 82 58 67 51 
100 17  8 62 52 32 13 13 86 85 69 27 69  1 16 49 75 36 70 92 
