10 100
11 91 16 82 78 83 78 79 73 29 
56 35 73 48 50  9 36 89 56 33 
83 83 12  2 97 14 21 32 71 25 
 6 30 73 12 25  7 63 66 38 78 
34 42 38 78 70 73 77 33 10 21 
40 19  4 51  7  9 91 44 44 34 
65 98 83  2 58 41 45 77 75 11 
77 27 23 41 11 81 75 29 38 87 
14 71 29  2 43 85 92 50 22 56 
66  9 35 67 39 62 81 82 86 88 
37  3 85  4 70 50 69 10 75 12 
41 89 55 66 70 89 37 16 56 92 
60 58 65 73 84 71 11  9 16 69 
97 72 66 11 91 30 93 44 33 30 
47 18 40 69 10 84 64 14 33 90 
57 91 48 96 22 27 13 54 30 57 
20 26 17 86 76 71 19 39  3 96 
93 96 30 55 31 20 62  6 31 76 
50  5 22 55 45 85 47 75 68  5 
84 49 68 51 84 63 87 59 20 94 
52 33 44 85 91  2 23 60 42 34 
87 38 51 76 49 21 75 89 70 39 
65  3 19 91  3 34 18 10 45 63 
59 11 41 43  6  3 55 29 61 98 
19 86 34 47 86 22 25 52 12 44 
30 14 57 22 38 25 15  7  7  2 
11  6 90 40 71 100 94 97 64 12 
15 58 62 54 77 25 93 10 59 39 
71 53 98 28 71  1 65 51 47 12 
88 55 64 93 16 24 54 59 56 70 
13 63 71 35 61 49 51 56  8 76 
17 20  7 50 74 10 36 14 12 82 
55 14 93 18 85 73 62 29 100 20 
11 63 76 69 35 84 44 19 67 74 
64 15 85 66 91 94 64 77 98 99 
37 98 49 30 11  4  4 40 97 37 
75 28 50 30  1 40 96 100 27 26 
37 78 46 20 49 99 80 28 45 75 
17 20 61 73  6 87 74 83 49 75 
62 56  3  6 32 42 45  4 39 30 
99 30 39 56 33 27 84  3 71 36 
48 99 26 67 26 12 53 53 51 37 
15 22 85 61 14 100  1 84 77 51 
92 99 31 21 52 40 65 58 79 14 
71 19 39 20 28 83 47  1  8 29 
79 66 92 18 94 64  4 67 13 19 
82 95 71  4 78  5 64 49 38 83 
30 55 52 23 68 42 69 33 55 54 
22 10  7  7 26  2  6 42 36 12 
 8 82 86 91 47 30 72  2 68 40 
60 67 17 33 54 17 80 52 100  3 
90 44 100 62 12 22 34  3 37 94 
23 96  6 74 35 24 57 55 65 95 
24 25 89 74  7 65 53 26 35 76 
 4 62 90 91 11 41 69 22  3 78 
67 90 84 20  3  4 83 44 64 79 
68 80 17 54 18 18 33 76  6 37 
91 64 45 17 63 16 66 95 81 76 
53 98 41 42 91 85 92 45 16 62 
84 92 87 54  2 39  5 94 54 53 
88 73 92  3 97 95 55 83 25 37 
20 30  8 43 76 40 60 72 66 89 
12 65  2 90 37 28  1 18 96 48 
15 50 27 15 89 75 44 76 92 92 
36  2 86 13 84 72 77  7 95 83 
75 68 95 81 23 67  4  8 77 39 
47 96 68 13 42 78 89 89 58 95 
74  6 55 33 11 18 93 87 68 11 
 7 64 77 34 68 68 49 99 67 80 
 3 56 88 89 38 61 82 58 48 25 
 2 14 14 44 68 83 41 43 47 46 
84  2 80 60 92 26 27 87 36 60 
67 76 56 26 41 11 53 75  8 44 
90  1 98 13 53 73 59 17 39 94 
61 39 68 52 26 15 28 27  5 43 
80 23 88 46 92 52 32 51 43 54 
59 68 10 41 83 28 51 44 45 100 
34 57 74 71 18 92 68 69 44 33 
35 54 31 83 64  6 44 83 49 53 
77 31 10 82 70 19 98 59 87 31 
41 96 80 47 54 57 86 70 93 88 
52 47 45 38  9 26 96 11 96 68 
42 26 46 46 21 96 18 40 60 94 
80 22 47 66 38 68 63  2 13 91 
10 90 11 38 42 52 64 16 73 95 
85 92 86 67 20 31 73 81 96  4 
54 26 28 22  5 47  8 23 69 10 
36 89 53 54 86 50 87 47 88 10 
67 68 18 29 58 97 13 35 95 61 
44 33 84 58 87 95 32 83 82 50 
78 65 57 48 34 62 36 58 75 65 
76 14 12 95 65 72 46 53 84 56 
33 95 49 15 40 49 28 16 88 87 
17 13 92 49  3 65 95 92  1 83 
56 72 65 90  1 93 76  1 80 73 
46 88 67 54 80 89 86 86 40 59 
85  4 66 15 57  8 41 48 26 67 
76 43 25 85 44 97 67 86 90  8 
29 47 65 82 12 55 43  4 95 52 
88  5 79 45 56 24 81 39  6 29 
