10 50
88 49 84 52 58 61 45 70 62 50 
84 49 83 89 63 27 25 47 65 80 
95 100 94 73 74 54 67 65 93 99 
67 71 33 46 35 80 96 68 79  3 
 2 57 95 80 84 83 29 65 21 44 
46 50 13 58  3 84 33 41  1 71 
48 26 23 15  1 41 34 32 73 31 
59 14 35  3 26  1 88 27 80 44 
27 85 24 91 19 75 46 40 66 20 
45 93 27 51 44 68 93 19 54 69 
 6 36 72 21 65 76 94 73 86 85 
99 35 25 37 75 38 58 14 34 34 
 6 84 70 82 91 82 70 47 40 47 
81  4  7 75 84  7 48 90 58 29 
31 48 22 55 47  5 17 67 64 48 
 4 59 29 94 95 86 90 50 45 87 
70 94 79 51 86 46 78 90  1 97 
96 61 89 76 75 66 91  3 84 45 
55 62 92  9 49 58 12 13 43 82 
 6 31 16  1 78 49 73 100 54 51 
91  9 13 96 17 89 27  3 75 19 
14 45 10  9 24 33 88  3 36 42 
20 55 23 53 79 63 11  5 74 61 
93  8 10 17 100 55 77 51 32 31 
69 71 14 34 11 28  9 36 14 57 
27 93 88 12 23 36 35 38 93 74 
25 83 51 99 18 48 42 47 30  8 
99 55 71 50 42 47 36 86 33 91 
62 27 99 87 83 68 77 61 88 71 
67 52 18 17 55 90 86 21 65 62 
36 41 64 42 35  1 80 44 77 94 
35  5 70 16 55 16 62 15 73  5 
86 47 38 96  3 100 71 56 49  9 
31 71 46 16  6 69 11 94 36 47 
38 98 90 28 14 12 81 57 37 68 
93 30 29 71 40 80 51 12 16 35 
76 71 30 67 96 31 78 93 56 61 
95 69 100 80 76 71 31 48 58 73 
93 65 69 95 36 93 34 71 18  6 
16 76 78 67 22 66 95 40 61 75 
37 77  1 14 96 39 56 69 18 19 
100  9 80 52 31 79  3  9 60  6 
62 14 65 33 15 64  3 13 73 32 
41 31 16 21 25 44 92 28 18  9 
100 99 81 31 14 84 77 17 36 89 
 9 20 63 32 35 15 72 53 54 26 
98 96 82 20 67 34 94 66 41 49 
63 26  2 44 92  6 21 45 28 86 
40 78 19 28 11 47 95 78  5 66 
88 48 87 11 48 65 34 68 77 96 
