20 50
 6 49 49 30 33 18 67 93 44 27  2 58 86 80  9  2 38 39 16 13 
98 23 44 12 25 15 57 29 43 49 73 51 18 51 16 53 53 12  7 23 
74 95 59 58 53 70 20 86  7 31 38 61 35 84 14 14 70 82 25 74 
31 56 74 82 17 27 15 83 47 66 11 29  2 63 97 10 12 63 100 71 
46 15 13  2 76 78 29 15 96 78 92 24 24 33 73 63 94  8 59 86 
11 59 85 89 55 24 93 74  4 77 42 35 18 30  5 86 10  2 65 90 
76 78 84 76 64  5 37 65 59 92 31 27 40 30  4 27 79 75 86 23 
32 24 94 38  8 97 63 99 46 83 20 71 59 94 38 35 38 19 15 56 
72 15 69 60 77 12 31  1 52 55 65 89  6 38 97 12 40 99 97 26 
54 80 84 85 35 35 90 79 59 38 31 58 10 32 65 45 82 71 34 52 
15 96 33  7 64 28 17 100 78 39  6 22 46 86 84 70  8 68 64 13 
 2 32 29 98 11 29 57 75 79 32 31 39 49 14  3 45 43 58 38 51 
48 77 30 19 39 18 14 88 35  3  8 11  5 61 44 100 30 54 69 37 
65 59 47 72  5  5 79 29 11 33 73 51 33  7 94 56 32  1 16 13 
100 54 73 62 68 38 83 93 80 15 15 19  2 22 75 78 23 13  2 39 
41 22 82 47 14 15 43 61  4 70 25 75 29 27 33 69 48 69 49 94 
75 73 83 41 82 96 83 46 86 58 86 38 25 27 19 24 64 74  5 56 
78 80 37 61 44 52 39 23 37 36 13 59 72 81 74 87 49 100 25 56 
87 31 66 31 66 64 94 87 80 50 93 50 23 77 12 15 61 88 18 38 
12 68 55 46  3 30 46 13 47 35 44 28 12 83 70 38 92 99 78 38 
94 61 39 28 57 47 92  2 61 66 94 69 89 99 87 60 24 71 35 57 
48 52 11 20 58 22 57 54 95 44  8  8 70 22 23 39 90 46 52 86 
44 25 85 100  2 12 12 87 11 21 29 85 83 26 99 28 51 83 44 54 
 1 79 54  4 39 55 83 78 54 38 71 14 44  1 45 34 82 33 67 64 
 5  5 91 66 86 77 24 89 82 65 82 51 13 47 38 76 42 96 57 26 
61 70 68 53 65 74 27 87  5 53 70 17 95  1 45 11 28 63 63 88 
59 50 64  9 48 58 17 44 61 99 25 27 78 13 63 82 45 65 59 11 
14 92 46 100 100 90 96 18 67 71 68  6 33 58 11 70  8  4 83 70 
12 79  1 73 24 10 84 42 52 75 37 31 49 68 40 40 34 86 31 33 
82 54 48 68 10 75 17 99 62 35 54 74 50 91 81 23 31 41 13 57 
71 43 96 95 48 45  6 44 72 46 95 94  9  5  9 14 74 17 64 83 
 4 13  8 13  8 18 52 39 87 69  3 66 96 87 85 28 70 80 55 82 
89 59 38 96 60 28 87 16 32 49 93 13 85 69 27 77 21 29 54 10 
100 29 41 61 60 53 18 55 31 21 94 52 94 60 99 41  7  1 65 95 
97 32 92 44 31 94 49 91 62 50 50 64 98 92 77  9 34 23 10 48 
26 60 18 79 72 23 23 95 10 17 69 65 81 70 95 65 93 45 30 87 
66 99 88  8 39 59 11 19 12  7  9 76 92 32 36 99 95 27 60 51 
41 67 27 86 65 96 75 97  3 99 26 12 24 10  4 77 50 51  3 55 
 1 92 45 40 29 65 87 40 85 57 13 59 32 14  9 87 90 42 80 46 
83 47 17 65 89 31 39 92 19 88  1 87 64 98  8 28 73 45 33 49 
85 46 52 63 86 52 54 95 90 23 60 51 85 30 19 13 64 98 58 93 
 9 100 96 43 70 65 33 10 77 64 36 33 41 96 99 95 67 31 61 83 
51 69 82 44 15 92 69 70 50 32 36 77 81 21 50 69 81 49 59 36 
60 96 38 42 84 85 54 36 46 79 24 98 71 84 69 35 76 54 71 87 
26 88 57 19 93 36 16  6  9 18 67 62  4 28 16 99 28 11  2 61 
26 92 65 63  5 22 45  4 66 21 14 74 100 48 66 92 18 96 14 63 
15 91 55 63 55  2 15 57 91 14 27 95 76 36 95 43 93 62 60 46 
44 51 17 75 34 67 52  3 20 11 93 91 25 80 20  8 38 76 26 58 
44 84 62 92 89  2  3 98 45 14 76 72 31 10  5 45 98 52 15 90 
67 99 24 64 11 58 11 28 67 17  4 31 27 59 69 10 34 38 27 66 
