20 20
18 91 18 79 60 36 44 73 94  4 83  9 36 92 42 34  3 13 29 29 
64 74 78 96 92 65 99 52 25 84 12 90 94 44 36 22 39 40 99 99 
12 30 16 22 11 65 75 79 42 77 71 84  8 36 81 76 15 23 21 66 
86 10 73 50 17 37 62 80  4  8 41 14 51 33 69 96 86 88 54 92 
32 98 45 40 88 23 93 84 48 96 65 44 65 23 12 95 56 55 19 27 
83 36 25 33 37 27 98 64 87 100 19  6 31 68 60 54 80 84 92 44 
38 17 19  4 74 12 61 31 94  1  1 75 21 98 96 19 45 27 35  7 
43 39 77 41 71 71 76 46 63 37  6 84 93 83 98 98 96 53 70 35 
90 13 80 100 49 44 18 83 59 55 92 68 95 84 97 58 59 69 95 21 
72 60 15 28 44 66 60 95 87 93 75 57 73 80 59 66 32 10 55 35 
15 83 76 22 32 73 65 74 59 48 100 86 27 65 15 57 66 97 87 32 
91 70 22 54 38 56 60 34 76 98 50 64 65 97 86 70 41 88  5 26 
22  4 74 54 75 16 15 82 86 44 62  6 58 89 41 75 97 93 19 49 
53 93 28 53 72 32 37 14 11 69 62 86 99 14  2 33 29 61  5 66 
54 91 29 51 86 79 69  8 78  2 40 43 59  7 47 71 47 67 92 89 
 4  5 59 28 37 23 54 16 41 69 87 36 32 68 70 72 50 44 48 63 
43 13 75 96 40  5 99 21 94 19 21 20 11 55 12 20 97 60 36 28 
51  8 65 90 80 82 25 61 86  3 35 11 21 65 82 93 95 85 40 52 
90 25 34 45 69  7 40  5  3 51 82 53 21 100 64  2  4 12 50 17 
 3  9 71 76 69 85 10  6 53 10 70 51 12 57 85 56 11 59 89 18 
