10 50
56 82 51 47 24 51 44  3 33 69 
13 46 97 71 37 59 29 85  7 87 
54 66 70 68 96 67 15  4  7 15 
11 51 52  3  9 15 42 28 71 87 
79  1 34 90 12 91 58 66 80 57 
18 14 86 70 57 20 91 10 56 44 
67 46 32 67 25 30 51 66 52 48 
85 51 40 12 37 59 48 64 39 76 
22 47 15 88  3 80 22 46 27 63 
65 67 59 19  7 19 39 38 98 57 
76 14 36 95 72 100 81 65 90 42 
38 43  9 20 55 92 50 83  4 30 
89 99 75 21  4 28 85 14 28  4 
91 36 82  8 62 23  5 90 93 44 
89 57 72  7 28 100  8 42 58 78 
28 37 46  2 35 12 32 71 28 73 
48 84 17 91 78 52 31 39 34 38 
64  4 98 99 14 68 11 59 11 13 
28 68 66 52 71 45 45 11 28 65 
31 19 90 58 47 82 37 77 80 17 
43 70 48  2 12 48 27 36 44 49 
56 77 72 36  3 76 25 39 89 41 
58 52 98 83 37 75 21 20 65 40 
26 39 77 62 92 40  9 10 10 22 
84 70 90 90 81 50  8  8  8  6 
71 10 41 17 41 62 100 49 16 82 
99 70 36 72 16 77 20 38 77  3 
65 91 58 35 60 17 40 34 14 46 
59 32 66 95 86 63 10 19 55 27 
99 53 69 64 23 53 23 62 75 31 
83 37 35 67 52 73 45 38 100 15 
47 79  6 59 15  2 47 78 24 33 
36 35 31 21 40 47 70 95 74 41 
81 60 29  1  6 59 54  5 11 30 
24 27 23 46 83 37 18 81 74 13 
36 41 38 88 81 56 90 40 31 24 
92 85 56 16 17 66 60 19 83 10 
85  2 92 66 75 71 43 69 42 47 
96 87 73  5 85 77 18 94 70 19 
47 94 41 67 44 73 25 14 72 87 
98 66 35  5  7 41 58 99 76 61 
18  6 58 66 92 45 12 63 82 73 
64 24 18  6 59 83 57 94 22 61 
90 95 72 70 44 14 77 79 54 55 
28 26 19 72 24 70 36 93 90 67 
 3 71 15 12 31 25 72 20 85  9 
32 43 43 16 77 93 93 21  2 30 
16 95 20 39 59  9 70 32  6  3 
51  8 23 86 92 94 54 64  1 13 
10 59 89  4 76 50 66  7 15 32 
