10 50
 1 31 84  5 20 13 99 17 40 27 
73 65 79 30 40  4 29 74 87 22 
48 68 31 87  4 84 19 58 21 13 
54 28 71 47 55 44 39 15  2 73 
97 88 79  8 96 19  9 40 59  2 
72 24 15 66  6 10 58 32  7  4 
11 46 70 61  8 98 87 11  4 87 
45 65 35 89 27 11 41 99 70 73 
31 61 64 75 13 50  6 19 21 80 
77 89 14 50 68 36 12  3  6 78 
23 92 24 14 85 35 66 25 94 77 
32 16 33 95 66 62 48 40 40 32 
81 12 50 70 59 23 37 74 24 70 
54 43 96 64 100 28 67 48 35 26 
63 60 47 89 17 72 40 83  9 88 
95 23 52 42 56 60 25  1 11 88 
40 61 43 98 34 98 46 55 44  9 
75 12 31 21 41 68 50 78 19  4 
73 94 68 29 72 72 84 99  5 18 
26 94 91  6  5 22  1 74 61  6 
34 36 44 60 50 97 10 35 81 92 
28 14 51 69 90 39 52 26  5 94 
47 95  2 22 25 52 32 88 52 55 
80 78 75 17 36 45 83 31 41 42 
80 82 54 55 20 61 12  8 45 13 
18 40 39 78 17 99 56 32 23 64 
89 89 17 77 94 65 20 22 28 13 
82 99 75 53  4 61 99  6 77 48 
 1 64 98  5 96 10 76 98 76 100 
68 84 75 19 31  8 64 66 45 26 
 9 82 18 98 60 61  4 53 41  9 
37 79 36 78 31  9 64 61 25 100 
29 95 34 57 87 42 10 25 48 10 
32 61 26 57 36 20 73  6 74 72 
40 41  3 45 73 91 71 15 68 13 
91 55 34 77 39 23 44  2 79 54 
34 74 17 33 36  6 56 79 99 13 
85 59 79 39 48 72  7 15 77 39 
12 25 94 56 78 13  6 85 14 88 
60 89 13 24 41 85 25 73 98 85 
38 58 46 72 27 98 34 58 97 45 
73 92 25 22 18 28 49 47 18 44 
67 37 75 35 66 25 74 35 62 70 
20 69 41 74 48 49 66 83 29 24 
95 64 38 52 75 90 64  2 40 23 
13 54 41 67 97 72 55 41 80 26 
21 55 95 15  6 96 69 87 91 56 
39 73 33 58 52 13 52 53 75 75 
69 53 98 93 72 92 99 73 59 45 
89 40 63 53 24 80  6 84 36 16 
