2 100
27 94 
79 79 
90 55 
50 22 
67 21 
 6 29 
 9 27 
39 45 
60 61 
94  5 
45 41 
23 41 
86 72 
72 37 
86 100 
87 81 
 4 44 
 1 32 
84 34 
45 44 
98 83 
12 31 
50 94 
62 12 
41 24 
67 39 
54 98 
10 81 
 5  6 
71 69 
41 81 
 3 26 
94 10 
 9 76 
46 36 
 6 22 
98 73 
19 64 
40 71 
44  8 
43 48 
47 40 
31 85 
34 67 
79 12 
49 62 
82 64 
61 71 
 2 57 
23 64 
69  5 
86 16 
36  7 
89 32 
10 32 
38 57 
16 45 
63 75 
 7 15 
85 73 
83  6 
81 14 
14 49 
74 39 
32 53 
16 14 
10 80 
98 28 
42 56 
60 17 
86 56 
95 84 
75 60 
52 48 
43 68 
45 29 
33 54 
32 23 
 4 78 
46 57 
95 88 
 2 40 
85 100 
36 43 
35 77 
31 68 
93 20 
49  3 
92 93 
40 54 
90 42 
16 56 
45 77 
76 53 
42 39 
33  4 
71 63 
16 85 
34 99 
71 80 
