10 100
 1 44 11 30 81 20 60  1 10 50 
79 39 11  6  4 81 50 56 60 83 
61 18 76  8 33 71 58 51  7 12 
45 51 68  6 90 72 47 46 85 74 
66 67 55 54 75 89 44 44 88 32 
35  8 73 98 61 70 63 57 14 29 
15 21 35 76 37 72 15 54 18 33 
77 48 65 35 73 79 95 27 59 60 
34 70 79 93 91 51 78 50 44 53 
10  8 24 37 93 81 17 47 51 77 
39 37 44 47 95 30 54 73 59 40 
24 27 63 70 34  4 49 21 88 94 
78 29 26 14 75  1 23 72 45 88 
54 24 57 16 64 51 50 70 100 30 
44 33  7 15 45 66 44 60 67 40 
56 10 56 13 30 82 67 58 17  3 
92 52 56 91 16 16  2 33 97 62 
58 47 57  3 89 47  2 64 78 68 
94 13 66 48 97 25 52 45 88 48 
95 30 18 66 85  6 22 11 69 84 
83 67 44 56 16 78 98 46  8 26 
 6 55 61 79 51 50 12 76 41 57 
20 43 39 61 81 44 42 75 99 63 
28  7 91 31 92 46 40 55  6 13 
66 35 41 47 76  3 89  6 48 39 
12 38 43 46 16 37 87 53 33 80 
 2 82 36  5 35 20 17 64 37 99 
80 78 71 75 72 82 16 95  4 92 
51 18  3 39 93 35 87 21 56 13 
71 68 69 89 70 26 89 81  7  3 
48 66 61 45 21  6 98 78 24 17 
36 81  8 30 77 45 61 97  5 92 
16 18 99 67  3 15 21 22 44 36 
60 42 58 20 57 30 56 46 31 28 
96 52 71 24 20 26 22 94 54 82 
24 41 10 92 89 69 91 27 23 45 
39 72 60 82 54 99 23 20  9 38 
94 79 30  4 52 12 49 52 51 67 
55 97 17 67  3 49  9 73 41 12 
53 77 79 90 36 74 90 66 52 84 
54 44 47 70 15 35 88 57 54 75 
86 14 32 34 69 28 88 70 100 38 
47 70 70 95 44 27 27 38  9 61 
67 97 47 60 28 49 29 59 98 53 
38 25 31 16 45 90  2  7 10 48 
55 27 45 72 78 17 95 30 34 48 
76 82 57 29 94 32 47 88 55 69 
22 26 41  5 44 50 89 92 84 74 
36 45 78 78 82 47 98 14 49 17 
48 57 25 17 43 90  5 79  6 19 
98 63 56 69  7 22 73 46 66 55 
17 88 44 25 60 69 48 85 45 82 
13  8 89 97 100 55 84 13  6 88 
 9 72 95 63 60  2 37 40 64  8 
28 93 67  7  4 27 96 26 33 68 
 1 70 80 39 100 70 100 60 57 35 
33 58 82 22 99 72 26 94 40 65 
49 45  2 84  1 89 62 78 93 32 
72 79 87 91 49 37 53 79 99 77 
73 43  2 14 45 61 15  4 55 57 
29 11 89 54 14 47  9  8 29 48 
28 56 88 93 92 80 98 51 17 58 
60 95 54 67 39 82 91 14 25 56 
13 79 51 46 44 11 84 15 29 55 
 9 21 82 91 57 87 89 60 90 96 
53 22 59 77  2 64 81 41 55 10 
38 19 38 99 49 12 46 99  7 83 
68 30 72 85  2 52 71 36 75 32 
53 46 35 88 43 70  6 72 20 50 
64 54 50 12 64 74 74 36 64 76 
74 19  2 90 33 27 91 31 51 81 
93 95 98 17 88 99 16 72 39 88 
23 77 66 30 61 18 74 42 13  5 
58 97 46  4 46 73 31 15 45 62 
61 12 63 82 83 15 29 37 11 66 
100 15 39 91 17 10 69 73 72 19 
49 86 32 31 75 99  6 37 54 72 
22 62 46 32 34 89 83 18 47 60 
41 27 19 72 36 34 52 45 43 35 
66 85 62 46 36 48  8 95 34 89 
46 46 21 35 38  1 68 81 61 71 
57 51 87 25 58 71 98 83 51 53 
95 88 85 37 44 36 40 81 27 70 
71 91 11 84 14 87 59 74 63 35 
61 13 20 41 19 10  1 92 12 33 
 8  3 83 33 11 57 23 46 34 26 
35 67 11 44 46 53 23 12 55 32 
46 66 24  5 47 94 75 87 33 52 
34 34 35  1  4 47 12 91 15 28 
34 30 88 23 58 99 51 42 95 33 
29 98 83 63 38 37 71 18 82 41 
42 70 25 54 79 16 58 55 78 13 
46 79 79 78 60 36 30 81 51 31 
86 61 58 69  3 95  3 62  1 50 
38 23 52 36 41 80 11 85 51 88 
99 79 23  6  5 78 43 84 81  7 
29 82 77 17 63 53 75 67 24 14 
83  7 55 87 40 46 62 53 51 34 
89 61  8 75  2 34  9 95 63  1 
77  5  8 92 98 89 97 23 21  7 
