20 20
 6 88 92  7  8 91 41 13 14 89 76 32 65 12 17 71 15 77 30  4 
63 34 79 66 82  4 42 21 74 46 53 81 60 52 55 83 74 25 25 97 
99 59 66 96 58 24 91 99 68 48 78 95 35 79 49  8 70 69 21 75 
33 45  5 22 48 56 11 35  5 14  7 88 98 33 17 58 81 34 13 96 
86 13 81 87 15 59 88 72 36  5 81 67 15  3 20 29 51 13 34 39 
98 94 95 60 29 33 98 92 90 86 20 56 17 19 68  3 64  3 59 100 
10  9  8 51 74  2 77 75 28 44 36 33 48 90 81 71 79  5 15 38 
15 11 47 48 99  2 28 87 66 100 24 65 95  5 44 99 42 29 57 53 
 2 88 100 17 94 62 93 56 87 61 39 56 87 88 23 23 77 72 19 25 
52 86 15 63 85 59 91 15 99 81 51 79 52 47 97 11 41 69 53 77 
64 23 48 99 26  5  2  7 49 67 79 100 51 10  3 16 55 16 48 32 
100 44 68 48 18 97 76 81 81 41 27 53 47 46 49 37 97 12 32 69 
85 64 20 83 100 65  9 29 24 90 46  8 61 72 82 76 34 30 80 82 
27 97 22 64 66 91 16 57 41  3 58  2 20 84  4 37 31 65 69 100 
17 27 70 95 66 40 96 27 12 51 63 56 91 13 82  5 26 58 31 33 
12 74 33 86 76 60 43  6 43 15 65 82 89 56 68 65 95 12 85 27 
22 51 95 85 41 88 72 65 88 18 93 60 82 92 73  1 23 99 85 38 
76 17 71 14 71 22 54 43 88  1 39 73  3 59 53 29 21 95 16 24 
45 73 41 85 66 23 21 53  9 53 25 32 66 29 70  5 37 62  3 60 
72 70  3 89 30 19 25 69 26 87 17 33 50 28 65 11 15 16 99 37 
