5 100
41 68 50 23 56 
46 56 24 92 25 
85 70 29 74 79 
30 50 95 85 69 
20  4 100 20  4 
79 69 50 98 15 
56 56 91 72 97 
18 97 56 20 49 
92 27 74 52 10 
65 38 34 54 85 
87  2 51 24 11 
69 13 68 10  7 
83 23 17 13 73 
91 28 12 34 64 
98 40 12 29 33 
 5 38  9 41 18 
60 61 96 72  1 
25  5 57 81 47 
72 55 28 24 70 
31 67 10 14 99 
49 26 92 93 48 
 8 23 30  4 75 
88 56  6 15 68 
14 19 21 55 98 
72 36 88 66 56 
67 44 69 99 25 
96 89 91 73  1 
80 40 67 26 72 
21 68 20 19 21 
82 51 47 73  2 
39 83 26 97 67 
98 70 87 69 48 
37 89 45 63 64 
17 81  9  5 57 
68  2 97 76 49 
34 98 41 97 26 
17 54 61 24 17 
17 61 14 54 48 
42 90 63 25 10 
25 94 37 12 85 
83 60 46 19 88 
68 20 11 89 35 
49  4 13 47 100 
71 39 90 71 35 
88 54 40 66 84 
43 82 62 99 87 
95 73 24 50 27 
65 63  5 91 38 
35 83 65 60 51 
 9 70 34  4 19 
16 98 84 51 94 
88 42 19 16 86 
83 59 87 93 41 
41 59 81  9 11 
99 10 55 52 10 
96 43 41 71 67 
72 95 78 77 50 
97 12 39 50 74 
83 75  6 85  8 
76 66 43 18 20 
59 43  2 70 12 
72 92 90 79  8 
28 81 44  7  6 
85 48 61  8  3 
29 44 78 25 66 
24 45 90 67 87 
98 86 62  4 36 
90 39 80 67 45 
 3 90 25 47 91 
14 86 12 92 10 
82 79 26 98 91 
34 24 69 73 48 
50 76 85 19 32 
34 46 85 54 75 
 9  1 84 77 91 
62 37 15  9 61 
87  1 92 86 77 
24 22  1 35 60 
56 89 30 45 17 
71  8 37 13 83 
24 83 70 95 28 
100 75 60  4 88 
85 55 11 22 60 
82 11 47 70  3 
61 43  6 96 71 
96 45 99 90 74 
94 49 83 10 20 
80 14 91 66 78 
93 51 95 100 89 
31 62 32 13  9 
89 49  1 51 72 
50  6  2 22  4 
80 91 24 63 96 
51 27 59 54 23 
30 50 97  6 100 
91 55 52 91 21 
30 60 83 22 55 
78 66 25 77 72 
63 15 59 87 73 
60 64 85 16 70 
