10 200
41 40 44 34 78 97 23 33 34 59 
63 89 27 29 79 90 35 80 37 13 
19 38 86 54 52 38 30 42 37 58 
54  5 13 74 97 90 54 36 40 69 
37  4  1  6 17  4 22 91 100 34 
32 80 27 57 96 73 67  1 62 12 
53 41 13 45  8 100 84 21 33 98 
98 71 90 27  3 16 72 17 36 27 
22 33 93  4 99 65 76 83 38 35 
 4 21 31 50 25  4 28 20 77 90 
15 26 86 32 39 96 69 49 12  9 
88 23 79 10 95 54 68 23 23 64 
17  3 89 63 84 63 35 98 98 76 
 8 32 81 22 98 55 100 57 79 57 
28 66 32 38 82 52 15 25 22 33 
53 54 38 88 89 86 27  7 40 46 
19 43  3 67 98 91 27 74 12 80 
16 47 75 30 17 27 95 32 10 62 
48  7 53 99 18 23 30 34 14  3 
63  1 92 72 61  9 52 45  2 90 
95 43 91 20 91 73 60 85 94  3 
 4 17 41 10 70 16 100 85 88 23 
29  3 66 10 66 64 71 30 23 84 
 6 61 67 10 79 45 78 75 96 91 
52 30  8  5 40 35 10 89 14 34 
23 90 32  9 53 80 14 77 54 69 
66 84 29 56  2 62 94 26 87  7 
98 28 95 29 99 92 96 87 52 82 
 7 16 34 68 30 25  8 48 18 14 
32 34 20 42 77 41 43 16 19  9 
74 69 61 25 21 58 32 71 32 64 
58 10 74 58 25 35 94 55 39 99 
22 99 60 31 74 84 31 32 80 15 
40 29 57 53 83 21 34 56 79 87 
15 59 24 90 41 53 43 58 68 90 
 8 14 10 21 57 65 75 15 70 43 
29  1 92 67 44 55 24 41 41 72 
73 78 62 37 85 69 49 61 27 59 
47 83 17 15 14 11 84 95 49 59 
81 80 43  1 70 23 24 63 40 36 
88 35 88 72 14 27  3 96 62 46 
56 92 96 75 33 45 59 47 10 77 
15 18 68 22 41 39 28 49 25 85 
96 17 58 11 69 38 87 35 40 61 
96 86 17 11 80 40 72 21 19 100 
28 92 96 91 28 39 57 64 12 89 
58 77 23 17 24 40 93 96 20 32 
56 81 85 99 27 33 43 11 95 70 
64 46 50 13 73 65 81 54 92 32 
27 16 87 22 49 57 24 45 11 48 
90 59 39 96 71 57  3 89 99 85 
78 75 32 59 25 45 14 80 39  2 
69 57 43 42 81 99 39 49 53  3 
42 10 56 56 27 80 29 34 66 53 
72 92 89 22 13 26 59 35 14 96 
19 57 87 64 96  5 77 72 12 41 
36 59 47 99 66 22 13 71  1 14 
34 12 78 16  1 51 65 72 68 59 
 2  7 11 30 78  3 45 59 59 10 
58 12 78 65  2 95 80 20 76 45 
63 93 92 13 22 63 64 75 45 28 
73 87 70  4  4 60 95 38 17 26 
21 97  9  5 89 80  6  2 39 45 
 5 47 59 83 35 33 73 72 24  2 
74 58 79 53 42 64 65 13 27 80 
47 81 67 91 47 17 84  7 58  8 
 9 84 46 97 57 64 73 43 16 49 
74  8  9 55 35 61 58 76 84 26 
22 83 39 77 12 27 50 93  8 70 
20  2 60 27 47 16 59 26 60  3 
88 18 22 86  9 11 93 15 23 53 
81 68 17 100 20 75 67 11 74 54 
63 42 17 28 36 32 17 49  3 76 
 6 72 19  3 51 17 73 25 93 73 
12  5 74 16 36 72 48 34 31 16 
51 12 97 78 16 72 33  4 18 49 
58 58 90 10 50 47 26 96 21 43 
17 71 96 79 97 72 25 94 60 33 
37 28 29 85 68 47 24 31 24 52 
 5 72  7 91 98 35 99  8 63  2 
53 99 56 44 86 88 96 95 47 26 
74 49 53 80 24 71 92 64  5 24 
65 71 42 27  6 10 54 61 19 63 
12 63 70 62 52 19 23 15 66 20 
20 57 65  5 56 76 48 38 14 27 
54  9  8 99 86 74 46 87 41 28 
31 83 80 78 99  5 97 83 30 20 
85 44 34  5 39 88  4 91 29 28 
64 68 21 38 40 76 92 46 51 77 
21 91  7 50 62  5 49 93 10 48 
56  2  8 41 22 52 58 60 65 30 
 4 28 71 77 83 81 38 78 67 14 
42 59  8 89 35 81 45 45 96 13 
85 59 21 19 28 92 57 29 24 12 
11 11 44 70 55 38 59 84 80 40 
39 63 99 47 44 75 77 22 82 99 
15 24 82 13  2 18 13 75 35 42 
20 37 76 79 98 86 99 75 68 45 
73 23 68 85 74 17 93 84  2 70 
46 49 99 34 32 33 73 93 10 18 
35 37 12 94 47 67 88 25 68 100 
21 13 95 29 13 68 33 10 79 62 
83 10 69 68 71 88 23 96 59  3 
76 19 24 35 66  7 99 100 93 27 
47  2 42 23 14 30 82 75 82 28 
16  7 10 75 82 61 92  7 23 23 
33 70 39 92 29 12 74 27 35 90 
93 70 100 30 26 50 69  7  2 19 
 5 20 60 56  5 58 96  7 78 21 
35 31 16 94 69 27 60 63 60 86 
 3 11 47 71 57 30 17 38 46 96 
76 47 54 17 70 87 51 79 43 19 
74 55  9 59 49 30 33 92 56 26 
82 67 42 20 74 13 39 74  7 32 
49 47 17 10 17 30 48 41 79 88 
15 30 12  2 30 30 76 52 81 99 
65 91 22 29 41  4 58 50 21 48 
62 35 84 33 47 11 64 75 60 94 
78 83 14 46 42 33 53 21 89 68 
95 57 13 27 59 34 60 18  5 53 
41 99 16 44 49 53 64 92 80 28 
84 10 76  1 70 19 25 40  3 14 
39 35 74 74 80 92 11 96 75 67 
 4 38 47 15 72 93 66 43 22 33 
78 56 99 36 65 40 77 11 71 67 
92 20  5 40 82 75 54 60 44 51 
39 30 95 50 20 25 80 82 72  8 
12 88 34 63 73 93 27 42 45 72 
56 60 87 78 28  6 63 78 78 12 
20 95 81 27 21 32 30 85 14  4 
76  1 46 36 56 12 51 79 29 64 
69 24 91 94 55 66 20 83 83 99 
85 33 52 60 14 43 71 28 33 19 
99 52 91 54 81 41 71  1 91 45 
73 86 94 49 33 90 11 23 80 96 
90 44 58 75 10  9  1 48 91 42 
17  5 26 85 29 96 10 30 91  7 
73 13  5 72 37 91 32 73 39 50 
66 50 10 25 85 76 96 86 33 27 
49 63 32 91 78  2 97 86 19 66 
12 97 34 73 63 99 41 69 45 51 
71 96 62 95 77 48 22 33 92 72 
59 43 85 45 69 85 72 61  4 41 
38  4 90 78 16 90 76 47 54 36 
17 12 52 74 39  4 21 75 87 16 
39 87  5 35 79  5 79  8 84 18 
89 74 38 44 24 46 40 100  9  7 
45 98 30 70 28 22 48 24 38 54 
82 54 73 89 50  7 58 40 76 73 
76 10 12 50 26 17 85 79 49 85 
76 80 61 91 24  5 45 96 10 87 
 1 66 62 41 52 23 10 59 20 98 
35 64 62 40 85 24 52 82 16 30 
36  6 19 54 99 22 53 17 22  6 
17 69 40 91 37  8 30 57 63 26 
100 99 54 20 69 78 82 69 50 31 
31 64 65 54  9 23  1 78 48  8 
42 64 28 89 66 29 32 13 84 83 
23 36 39  2  9 63 21 51 35 63 
90 50  4 90 83 38 70  4 36 42 
12 50 69 98 84 67 44 79 97 99 
55  6 68 86 82 35 51 65 15 21 
50 99 70 41 10 39 89 79 77 97 
84 90  5 84 36 12 80 56 56 89 
19  9 19 59 52 11 41 17 76 32 
18 31 27 43 74 30 74 22 45 99 
94 81 87 14 92 34 99 51 75 26 
54 19 50 30 67 65 14 38 39 10 
45 13 32 29  2 90 83 30 71 31 
75 84 68  6 50 41 74  9 90  7 
76 52 84 56  5 26 94 68 60 30 
26 62 64 88 57 71  5 71 46 50 
91 94 59 99 36 30 56 57 62 55 
86 56 34 94 91 76 70 89 64 92 
85 97 81 99 22  3 44 34 52 98 
67 71 99 66 29 19 42 62 64 75 
89 40 86  4 55 33 12 65 43 34 
92 83 11 52 50 43 18 47 20  4 
 7 50 27 76 41 39 100 20 68 64 
39 62 80 32 68 40 39 26 32 44 
21 38 92 73 12 33 31 25 21 45 
93 26 15 56 84 72 50 39 37 19 
84 22 86 18 96 34 77 56 76 50 
33 25 98 15  5 73 99 40 65 27 
66 59 40 80 67 85 27 23 17 54 
19 41 46 57 21 58 14  1 27 49 
85 18 25 45  7 19  2 100 34 92 
37 38 10  8 34 57 88 81 94 38 
42 37 22  6 80 71 52 49 87 71 
35 36 93 62 94 77 16 79 20 22 
 2 20  6 96 59  8 19 100 37  5 
20  6 40 27 54 28 48 15  7 47 
 1 17 60 53 47 76 90 12 29 64 
37 78 55 69 92 77  9 67 70 72 
86 95 38 44 50 35  8 62 53 74 
66 43 30 50 50 64 75 93 50 61 
57 39 94  5 47 99 63 69 80 35 
87  7 84  6 100 38  1 76 26 37 
42 41 86 31 90 89 95 27 74 11 
 2 86 38 83 68 75 26 88 59 29 
