5 200
72 38 71 52  1 
76  9 60 94 14 
25 77 67 89 41 
49 81 13 74 28 
19 22 12 32 79 
42 21 10 17 52 
74 24 89 27 22 
37 50 18 19  2 
69 29 70 58 54 
 1 67 65 48 15 
90 80 98 82 17 
46 61 69 53 79 
76 46 21 88 33 
64 43 77 11 49 
42 41 53 95 41 
26 18 40 96 65 
50 81 36 96  4 
56 61 10 64  7 
55 84 72 67 62 
15 75  5  9 80 
 1 12 65 44 95 
98 18 33 23 66 
52  2 68 39 32 
60 90 71 13 92 
 4 70 95 94 37 
51 35 63 20 68 
48 89 48  8 73 
 8 34  4 72  7 
61  4 57 37 42 
19 81 80 17 68 
96 89 79 45 23 
66 98 75 54 82 
49 28 72 87 26 
96 87 31 71 31 
 3 77 16 60 99 
89 66 77 13 63 
76 99 77 77 91 
43 13 31  3 48 
73 45 74 68 81 
69 73 48 41 74 
13 28 44 10 91 
79 24 73  8 58 
86 49 53 97 29 
49 22 77 83 71 
61 12 49 58 63 
23 44 75 30 87 
42 47 69  2 70 
91 36 59 56 59 
16  8 24 74 59 
34 73 25 21 55 
98 42 65 25 66 
27 97 59 42 31 
 3 18 51 89 67 
24 83 19 26 21 
42 85  6 66 26 
37 55  6  8 54 
56 45 36 24  8 
 8 61 15 58 95 
95 46 30 29 38 
93 22  4 27 29 
11 76 28 25 18 
70 98 51 96 27 
37 94  7 62 68 
 8 25 67 27 75 
12 72 13 64 85 
45 32 63 88 71 
39 90 17 40 62 
70 68 27 59 57 
28 82 24 76 61 
31 100  3 91 44 
48 40 64 85 93 
73 87  2  3 99 
84 61 41 57 92 
17 35 76 99 44 
69 38 62  6 25 
97 68  5 61 16 
23 81 19 49 65 
51 49  6 70 47 
83 38 61 14  8 
15  1 81 100  5 
53 97 49 94 84 
68 29 49 75 62 
 4 21 43 21 56 
15 24 30 46 56 
98 16 91  3 25 
69 59 75 44 18 
23 69 86 84 56 
12 30 63 53 33 
84 92 48 70 100 
 5 45 96 92 32 
12 63 52 70 10 
77 91 77 14  5 
90 18 92 27 32 
22 32 70 79 71 
42 20 21 45 96 
65 49 34 31 98 
71 13 49 63 64 
45 15 57 31 61 
77 38 81 33 89 
33 54 78 56 84 
92 34 13 25 88 
36 86 84 54 93 
18 66 84 24 42 
75 63 67 30 13 
22 18 87 49 71 
62 72 82 43 23 
 1 22 63 44 47 
50 89  2 49 40 
74 26 25 31 16 
74 94 12 49 25 
65 38 68 47 35 
53 53 91 80 88 
51 80 32 85 22 
28 33 81 79 41 
22  8 39 54 28 
 2 30  8 26 37 
88 65 100 70 26 
78 26 21 70 48 
 5 39 16 95  2 
15 37 47 24 41 
75  5 11 17 48 
70 60 49 12  1 
96  7 15 53  5 
88 14 15 24 62 
89 87 11 30 54 
87 84 77 41 71 
92 17  9 97 34 
87 58 24 19 50 
64  5 79 16 95 
31 43 78 28 61 
47 42 99 18 81 
87 14  7 69 59 
39 88 16 80 42 
91 85 41 77 52 
43 57 96  5 16 
92 84 96 86 63 
52 57 13 84 12 
67 75 64 71 80 
14 91 92 100  1 
22 96 14 86 19 
29 11  9 31 36 
19 88  5 40  2 
23 69 39 44 99 
80 52 99 43 39 
43 16 87 53 11 
82 10 47 24 36 
87 41 83 96 81 
71 52 22  9 22 
76 83 54 28 30 
64  3 57 52 25 
88 52 96 47 32 
27 50 18 23 97 
67  4 51 55 68 
73 26 68 74  3 
76 40 48 41 38 
15 86 58 53 47 
69 72 68 32  7 
18 38 43 97  1 
52 90 40 21 75 
81 83  6 26 69 
36 13 75 62 41 
92 22 26 13 51 
92  6 95 84 76 
69 68 55 29 85 
63 51 29 89 14 
20 88 20  6 76 
11 60 18 14 40 
68 35 42 78 22 
78 79 39 86 53 
97 38 39 95  7 
59 80  3 87  4 
78 93 37 87 95 
91 20 78 22 38 
21 77 85 98 11 
100 72 69 44 35 
14 80 80 47 67 
 1 69 82 94 43 
59 42 40 99 91 
88 38 99 57 61 
83 42 19  7 97 
49 96  8 87 14 
59 44  5 87 46 
27  6 58 15 51 
83 12 20 74 30 
98 75 69 34 59 
32 56 96 19 29 
24 51 45 100 74 
41 68 32 38 59 
28 86 53 22  5 
91 86 73 18 66 
24 100 100 50 28 
 1 51 54 55 15 
43 56 42  3 78 
66 37 51 95 18 
30 47  2 55 73 
 2 83 92 77 35 
23 72 86 41 36 
75 61 58 24 75 
75  4 54 95 96 
92 29 97 31 69 
