5 200
10 51 67 20 46 
37 97 59 88 13 
50 77 19 35 33 
70 45 79 91 53 
71 32 14 69 43 
40  3 34 21 69 
51 15 52 34 93 
44 36 80 81 17 
90 62 86 79 39 
83 25 50 60 82 
16 87 55 59 98 
54 20  6 60 16 
90 74 41 44 81 
 4 66 16 95 81 
11 49 58 44 77 
17 10 87 29 25 
59 44  6 23  1 
21 79 31 19 89 
28 10 44 46 46 
99 74 21 23 16 
35 67 83  9 19 
82 48 77  1 43 
94 59 61 23 91 
46  5 73 95  7 
81 72 78 92 67 
14 67 98  4 77 
58 31 97 42 48 
83  3 41  4 15 
30 88 49 80 64 
75 88 34  5 44 
84 42 79 55 17 
 2 35 13 56 21 
96 19 88  2 43 
97 45 96 10 30 
64 48 37 66 47 
51 33  7 83 53 
79 89 41 54 84 
67 89 97 76 70 
60 93 31 35 30 
89 78 16 18 67 
75 85 87 72 36 
62 40 49  6 81 
91  8 49  4 14 
39 54 92 31 55 
12 20 20 78 58 
94 20 94 48 25 
98 68 44 83 49 
99 92 11 96 13 
77 43 99 52 55 
24 20 69 15 19 
97 61 50 77  4 
99 67 97 36 87 
39 57 39 61 77 
 9 88 25  4 84 
71 29 49  8 19 
86 68 95 68  4 
46 20 42  7  2 
66 39 10 67 48 
29 62 84 17 29 
85 27 65 91 47 
79 22 66 81 18 
73 34 66 89 45 
39 52 90 100 78 
38 81 26  4 18 
36 40 85 16 12 
48 54 74  7 25 
89 73 36 30 24 
67 73 57 34 40 
 8 53 37  9 25 
77 95 58 63 22 
72 21 74 36 45 
23 42 96 90 100 
33 44  4 72 38 
26 17 72 54 42 
63 89 78  6 74 
64  3 67 65 37 
100 57 34 29 62 
65 85 52 49 11 
76 52 37 52 16 
59 96 51  8  6 
91 12 76 71 63 
74 75 41 75 18 
44 39 64 19 93 
25  8 95 85 37 
14 22 59 13 22 
87 39 35 20 25 
55 27  5 94 30 
10 58 81 91 86 
50 94  3 48 17 
70 70 94 63 45 
24 60  5 72 38 
69 10 14 32 66 
18 19 92 96 11 
19  6 55 90 15 
18 64 90 67 13 
99 18 58 18 48 
83 97  1  2 96 
76 43 74 82 13 
84 82 67 28 41 
77 13 17 96 48 
90 72 10 20 71 
30 20 49 69 32 
47 10 85 54 70 
20  3  2 47 75 
41 50 64  3 36 
65 98 19 26 82 
80 27  8 48 19 
27 94 47 66 96 
37 95 44 94 96 
74  8 61 76 20 
29 62 96 17 37 
28 12 44 33 88 
20 76  1 54 74 
72  6 46 14 32 
86 75 45 93 82 
 6 69  8 28 51 
32 22 98 10 85 
10 89 99 36 78 
29 16 69 41 61 
65 31 29 31 60 
85 61 56 94 95 
41  7  8 73 11 
66 52 72 57  7 
53 38 89 74 36 
23 30 36 42 32 
11 77 72 58 60 
40 42 57 13 50 
26  6  7 12 45 
61 95 84  8 68 
87 99 74 49 95 
85 62 68 37 45 
80 72 90 90 65 
99 72 71 43 21 
48 63 35 66 22 
54 85 74 79 71 
81 48 38 27 99 
37 23 26 87 67 
32 60 32 17 81 
37 36 39 41 31 
89 21 35 24 84 
50 75  3 71  4 
70 61 27  7 33 
88 64 89 91 84 
18  3 92 57 47 
17 10 29  2 27 
53 18  1 15 47 
33 77 50 56 12 
93 34 41 34 94 
45 75 71 59 55 
 2 63 48 86 77 
50 12 40 28 49 
36 69 28  6 97 
57 86 30 47  4 
72 13 60 81 92 
96 33  8 81 75 
82 14 90 58 57 
22 40 38 100 50 
33 83 74 14 94 
91 95 16 45 72 
64 26 91 42 55 
42 93 14 98 64 
28 85 18 15 47 
80 44 44  6 37 
55 75 39 89 98 
57 18 74 93 58 
18 99 19  1 47 
41 37 70 40 46 
62 30 62 98 16 
 7 88 79 52 11 
74 89 70 28 33 
34 29 28 86 98 
94 22 46 89 15 
86 54 30 46 60 
72 35  3 78  2 
54 98 58  3 88 
29 45 37 41 91 
39 88  8 50 64 
83  6 79 29 30 
98 28 59 14 17 
95 86 41 56 34 
79 50 19 40  3 
58 24  1 57 48 
66 36 48 61 66 
27 24 79 34 99 
68 11 94 71 94 
85 70 97 45 41 
44 61  2 79 45 
63 92 21 97 96 
30 54 53 53 21 
39 89 75 14 65 
89 22 37 79 95 
88 16 42 15 35 
 8 72 77 78 16 
65  9  3 11 66 
48 46 39 87 17 
14 68 51 76  9 
 7 21 56 14 73 
29 69 24  9 97 
29 19 85 40 66 
91 14 96 95 39 
