5 50
97  4 31 27 86 
19 20 98 64 53 
55 80 92 29 95 
99 20 19 29 11 
 8 83 100 28 35 
 6 50 31 95 73 
87 16 24 81 23 
69 85 19 16 41 
98 28 31 10 15 
13 24 23 69 31 
95 13 13 60 32 
74 60 38 11 12 
57 55 23 79 85 
57 62 11 12 48 
91 74 28 77 96 
 5 98 73 11 23 
56 10 90 29 65 
15  7  3 70 36 
 1 14 93  5 97 
53 55 92 60 17 
19 56 48 54  1 
23 55 74 43 53 
67 20 54 14  7 
88 23 92 98 76 
76 18 66 69 16 
43 83 35 32  3 
13 91 42 52 56 
53 13 75  2 36 
55 99 22 77 47 
99 98 26 81 23 
16 96 40  7 55 
74 27 38 53 99 
85 82 27  1 24 
43  5 65  8 65 
10 43 84 64 48 
14 45 98 77 52 
72 65 73 38 31 
100 28 33 99 71 
94 21 82 68 43 
97 89 84 63 57 
90 29 19 98 16 
78 34 16 47 72 
38 36  7 84  5 
100 74 95 47 51 
72 57 12 51 32 
28 46 24  9 93 
96 74 38 92 42 
99 66 69 77 37 
66 44  6 38 66 
98 92 84 14 94 
