20 100
70 91 21 17 75  1 52  7 10 99  9 70 49 76 39 73 88 40  6 63 
89  3 99  3 30 18  3 27 52 23 37 85 48 74 60 33 68 58 84 51 
84 29 25 67 44 91 60 84 51 75 53 64 90 25 25 14 93 91 61 70 
55 70 42 58 75 41 71 71 82 88 99 68 15 96 73 10 100 65 54  2 
27 98 23 78 88 79 92 30 56 43 69 99 100 77 71 21 72 79 13 93 
14 50 55 69 58  5 40 66 41 20 39 70 60 92 47 18 52 10 85 25 
25 55 65  1 35 79 99 56 48 88 24 82 42  5 44 36 35 30 20 94 
11 40 44 92  8 68 21 85 97 88 27 72 35 75 97 82 91 31 94 75 
71  2 52  5 63 51 91 56 18 47 67 76 16 17 19 48 64 49 70 59 
76 83 80 11 76 35 41 13  4 64 34 52 54 78 46 67 66  1 23 34 
44 37  4 57 92 99 14  7 48 52 65 60 18 40 42 41 18 72 51 95 
38 84  5 34 60 29 69  2 18  6  8 87 37 46 34 45  8 25 55 59 
 7  3  1 63 60 24 92 19 16 40 65 57 50 34 76 57 27 25 38 15 
45 10 26 29 85 83 31 63 89 39 40 55 67 29 42 60 65 12 15 55 
77 49 45 22 61 21 46 100 53 66 73 88 11 89 56 22 16 33 85 57 
50 58 25 24 21 96 28 82 100 36 79 81 66 12 64 25  7 48 28 65 
52  6 20 76 17 98 100 19 41 27 79 53  2  1 11 32 24 92 33 44 
 2 22 83 68 38 79 80 40  5 74 28 62 72 68 49 30 72 42 63 73 
85 22 91 42 40 38 36 47 53 58 84 23 66 70 50 96 43 18 45 32 
 5 50 47 59 93 11 27 49 85 14 16  8 67 58 22 20 100 46 86 16 
26 93  4 52 16 20 53 30 53 72 77 59 56 76 53 86 78 63 28 82 
36 28 72 70 15 59 92  1 28 27 28 27 67 79 61 90 88 99 57 67 
98 76  2 65 11 30 19 25 85 91 95 95 17 44 29 23 40 11 50 61 
67 91 92  1 74 11 81 42 12 52 95 55 77 67 67  8 53 17 96 15 
39  8 49 68 61 88 97  8 31 75 22  2 53 95 67 65  6 93 10 78 
62 62 14 93 71 35 14 73 49 20 61 88 87 86 78  1  5 98 38  7 
98 25 30 86 33 38 50  3 58 97 81 83 56 88 10 98 51 33 27 74 
22 62 46 77 41 46 71 98 97 52 40 55 36 35 88 46 81 11 91 47 
85 44 90 46 33 17 20 30 95 63 67 48 75 36 53  4 49 67 25 55 
19 20 82 100  2 68 37 17  7 95 13 80 14 50  1 81 60 73 21 80 
66  9 35 70 69 20 56 49 32 73 67 91 18  4 35  1 76 67  4 60 
33 68 45 72 51 71 90 97 20 45 74  5 52 12 49 46 72 54 52 99 
62 46 20 33 47 81 44 23 77 90 69 82 39 85 35 97 23 22 74 71 
66 63 49 25 47 39 68 89 100 95 76 82 29 26 23 82 69 41 89 44 
16 86  5  1 68 44 11 37 59 92 73 58 83 60 89 92 19 92 99 60 
29 48 98 62 31 80 80 42 86 16 70  8 37 98 17 51  5 56 65 35 
22  3 85  9 40 83 12 13 71 97 56 27 72 97 74 32 33 13 67 47 
77 91 19 97 72 37 31 41 87 73  4 90 69 91  9 14 68 93 100 97 
47 21 37 71 69 40 39 43  6 64 99  1 30  4 11 63 13 56 55 22 
44  4 78 87 94 81 15 85 51  3  5 34  1 55  2  8 24 85 28 63 
87 27 67 15  5 69 59 45 56  7 44 20 49 65 93 92 94 85 34 35 
31 41 72 60 33 58 21 33 38 52 72 69  6 64 66 44 10 43 89 40 
10 86 88 97 14 42 23 73 35 64 78 99 51 86 89 49 20 40 26 87 
13 88 70 43 11 24 18 17 34 30 57 51 62 46 32 56 55 95 26 17 
51 96 51 10 91 27 28 40 19 41 47 63 64 64 66 93 10 33  1 52 
50 80 65 34 15 48 47 58  6 71 16 88 17  5 63 13 70 42 93 65 
96 55 20 62 47 21 16 52  1 66 87 100 100 48 35 34 33 76 77 78 
81 50 99  6 83 79 69 99 44 43  1 43 47 73 57 87  3 54 20  2 
52 71 14 54  1 30 64 63 93 80 95 31 40 69 46 30 29 17 39 12 
53  1 75 12 77 98 78 30 60 73 22 29 32 64 69 84 41 67 13 41 
62 93 77 42 66 49 16 74 90 59 93 13 41 67 97  3 67 14 49 94 
63 69 40 34 63 69 66  4 89 24 60 59 68 21 33 49  7  1 90  9 
 5 73 70 68 62 89 45 93 99 26 23 18  9 28 91 70 78 48 58 43 
 7 41  4 47 36 83 19 22 45 75 38 46  4 37 89 15 18 77  9 34 
57 48 94 89 57 100  2 68 18 36 80 92 90 38 87 76 86 54 49 48 
50 20 27  3 12 77 67 66 55 15 35 82 14 36 39 10 55 91 45 25 
23 79 78 43 28 31 45 87 97 14 34  8 85 75 68 86 22 10 63 94 
52 52 57 76 32 51 67 38 94 76 19  2 49 96 49 56 40 46 20 98 
57  8 48 45 53 91 58 79 62 66 91 77 98 24 52 27  7 43 26 74 
52  3 65 53 98 73 61 45 91 35 74 52 68 44 20 44 50 44 100 23 
28 84 40 82 29  4 48 50 19 34 58  5 46 19 38 49 58 61 18 90 
76 91 22 34 60 10 97 68 22  4 77 89 25 39 16 92  3 69 49 44 
55 23 72 53 48 33 71 97 28 11 62 65 79 19 57  6 95 50 54 69 
100 32  4 36 80 91 37 96 100 41  5 23 47 54  4 21 45 43 98 97 
26 45  8 74 50 53 68 51 52 76 74  4 76 62 10 65  9 80 59 65 
43 64 85  1 98 67 48 59  8 22 77 88 42 25 15 67 41 64 54 79 
 3 34 66 86 19 31  4 32 10  3 54 54 57  5 63 90  7 15 64 66 
24 60 52 33  4 20 66 43 27 76 28 50 18 54 61 48 28 66 69 17 
57 42 81 39 58 99  6 55 30 50 86 80 71 62 61 33 80 77 31 68 
75 98 78 84 68 38 86 19 19 71  6 27 56 39 74 30 65 100 52 100 
28 63  5 13  3 85 24  4 94 50 96 46  3 39 64 99 89 41 73  4 
 3 11 70 46 55 25  1 58 40 36 35 17 22 62 21 41  2 91 25 72 
84 52 99 12 84 66 85 64 40 52 46 61 76 36 60 51 69 51 84 16 
61 23 100 96  9 71 31 16 85 62 25 77 53 30 37 54 11 72 15 93 
56 44 63  5 53 69 73 52 49 19 80 100 90 47  3 37 85 41 27 52 
32 81  3 44 38 12 11 70 48 34 25 22 15 65 18 57 98 66 46  9 
19 14 18  4 15 53 76 35 60 43 62 61 57 63 22 21 88 96 55 73 
 6 52 71 85 78 62 72  5 36  3 82 10 78 29 46 46 19  7 33  2 
78 36  8 51 12 49 98 78 58 91 95 69 52  7  2 90 42 95  7 79 
48 25 12 23 33 25 30 23 52 32 46 66  6 79 74 70 53 70 12 31 
99 87 38 70 67 82 33 38 90 69 35 65 65 27 73 52 95 76 38 72 
74  4 44 19 57 19 47 63 94 91 67 71 84 26 22 85 89 77 28 34 
74 57 83 85 58 73 51 51 19 51 31 68 92 55 58  3 31 33 22 35 
61 14  1 26 93 76 57 94 54 87 33  8 76 40  8 58 34 30 99 70 
79 82 52 54 19 22 56 22 32 63 23 37 91  6 64 95 27 20 54 70 
40 68  3 32 65 93 18 78 86 69 94 62 55 53 83 74 69 66 45 49 
54 85 39 13 15 16  8 38 19 28 74 29 25 39 69 10 40  2 70 29 
11 76 66 92 60 71  7 71 68 60 99 63 45 42  6 52 61  5 13 41 
10 95 13 59 40 14  3 98 17 48 97 36  8 24 80 63 21 57  7 23 
41 57 99 100 35 15  6 34 71 74 90 74  5 34  6 54 55 44 28 46 
91  1 85 78 43 35 96 90 80 21  8 11  5  9 54 58 29 86 31 42 
 2 23 34 29 27 91 13 96 93 52 62 15 68 26  4 66 22 71 66 71 
20 96 76 68 34 26 79 61 33 91 11 93 73 59 59 16 60 73  8  3 
37 83 17 31 84 13  5 78 79  6 36 82 53  5 31 99 52 57 75  2 
55 68 44 100 41 17 100 43 31 88 43 100  7 26 75 58 97 89 63 39 
17 100 92 59 67  2 68 43 21 19 42  3  8 33 81 52 12 28 49 23 
34  4 48 48  5 90 23 92 26 88 58 10 73 41 47 98 31 96 98 42 
54 63 21 65 26 12 92 42 60 38 70 73 19 68 50 69 51 87 76 89 
81 55 85  6 20  3 92 55  9 92 21 10 65 26 27 66 83 75 23  8 
 6 90 48 40 27 17 55 50 92 66 12 24 48 56 59 46  2 26 89 41 
