20 100
28 25 92 55 100 89 68 10 74 37 70 12 100  7 91 32 45 32 42 14 
43 48 63 84 21 23 28  7 72 28 53 14 48 49 36 50 47 98 86 27 
74 90 51 25  5 61 85 69 75 97 42 48 46 76 62 95 77 55 38 57 
52  2 75 39 64 97  9 21 93 82 40 63  2 94 63 93  4  3 85 13 
 4 20 35 89 32 48 51 15 99 83 38 81 68 67 34 55 70 44 87 79 
47 57 92 26 53  1 16  7 13 17 34 99 47 78 58 17  7 81 25 25 
87  8  3 98 53 77  2 63 79  2 20 37  6 42 35 15 67 54 76 76 
56 71 56 63  1 40 66 33  1 36 38 45 78 66 32 68 55 43 82 47 
35 100 84 20 51 22 49 12 27 60 42 60 33 100 27 63 90 99 30 94 
 1  7 42 28 12 13 44 65 99 79 88 45 37 44 31 93 54  9 28 10 
24 19 90 58 98  6 53 30 89 12 33 10 41 88 14 28 44 67 92 87 
42 74  1  5 48 79 98  7 23 31 37 26 26 78 44 61 95 55 15  8 
 7 39 34 21 99 51 26 100 71 41 47 91 62 90 48 86 96 83 48 42 
31 10 27 65 20  4 88 37 93 43 67 67 49 90 82 21 82 36 96 41 
32 25 48 88 72 74 36 10 87 43  6 75 22 30 45 66 48 53 95 93 
 3 98 75 58 42 65  9 62 24 77 78 84 16 49 92 14 10 39  2 77 
38 10 67 30 33 11 66 18 95 64 57 78 70 42  6 75 98 75 50 52 
59 17 32 84 57 76 48 81 31 21 19 77 57 38 50  2 44 30 77 75 
10 32 82 65 35 80 35 92 34 16 86 18 42 64 55 18 31 49 58  6 
77 29  1 85 40 91 27 93 67  8  9 93 75 67 88 21 11 65 29 34 
77 77 23 25  4 13 53 65 22 53 55 13 25 95 24 96 44  4 99 76 
52 16 19 42 33 49 95 30 47 14 57 95 54 20 62 13 67 51 37 83 
84 11 34 46 31 93 77 68 71 36 58 40 41  1 57 52 50 89 56 23 
62 82 51 75  5 77 89 78 40 19 22 76  2 49 90 21 72 67 24  6 
46 99 51 77 36 44 70 76 24 65 35 82 75 56 55 83 88 74 32  1 
41 36 30 68  1 75 10 65 65 16 25 95 25  5 96 56 70 23 94 34 
 6 45 16  9 38 78  2 64 22 21 73 42 34 93 42 42 100 35 90 53 
19  7 61 77 13 83 84 46 66 65 13  3 83 38 53 53 44 64 36 69 
17 82 72  4 84 91 59  5 81 48 86 90 55 62 42  1 98 82 70 80 
 4 47 45 38 17 58 77 17 79 39 17 56 54 99 84 34 14 46  9  5 
78 42  8 87 90 90 44 96  7 63 91 15 65 81 76 29 29 26 64 67 
40 31 19 79 46 10 91 70 24 15 13 30 74 42 95 16 92 84 65  6 
27 35 22 76 70 43 60  5 25 25 66 86 23  5 41 78 73 53 14 22 
12 85 59 89 81 65 23 33 52  1 66 48 95 90 25  5  1 71 50 93 
73 80  2 100 61 82 84 64 21 80 66 30 58 19 67 62 74 35 17  8 
95 90 75 55 10 53 20 28 56 67 21 10  9 48 85 29 75 75 12 96 
72 42 28 75 43 92 87 44 64  3 13 80  5 33 97 77 89 99 68 90 
27 56 77 97 40 83 59 20 18 57 34 95 39 30 84 60 46 25  5 14 
40 54 53 81 15 54 64 24 85 55 51 45 100 91 18 93 90 88 35 47 
53  1 63 56 19 34 53 56 90 87 13 90  1 28 14 36 66 34 82 22 
93 64 13  6 44 59 95 72 64 42 55 50 53 54 100 11 34 75 57 100 
93 68 63 100 57 59 62 30 52 55 92 12 23 86 24 94 56 71 30 70 
77 73 67  7 54 25 54 48 62 45 14 17  5 74 60 24 97 22 82 51 
44 11 23  5 15 34 36 33 29 57 24 81 66 44 61 25 88 28 58 49 
84 69 51 57 23  5 12 56 86 59 47 79 31 81 44 40 94 39 27 66 
94 75 30 66  1 67 76 67 44 63 73 66 22 50 42 51 89 84 74 72 
95 19 23 16 73 16 52 57 37 46 53 93 74 56 49  7 23 98 40 100 
51 61 23  5 28 62 56 82 78 95 58 36 21 62 59 11 65 99 49  3 
42 77 50 73 30 25 52 26 95 45 24 100 73  5  1 58 29 63 47 39 
33 40 45 77  7 84 48 82 30  6 100  9 65 75  4 37 73 20 91  2 
82 51  5 47 90 96 25 23 13 28 49 25 83 99 56 77 44 12 64 17 
 8 57 33 85 19 48 50 86 93 34 86 92 99 47 50 74 83 82 58 45 
71  1 87 29 15 95 59 56 99  1 68 37 23 28 14 50 48 24 49  9 
72 74 91 85  3 72 58 74 92 61 35 14 96 93 37 37 60 91 16 54 
42 86  7 82 39 52 81 70 46 46 44 36 70 27 82 37 15 36 92 27 
61 61 80 45 29 97 82 15 13 91 44 35 67 36 93 56 34 68 40 46 
99 35 10 21 87 84 88 68 70 82 78 33 71 35 61 55 52  5 69 47 
24 97 19 19 78  8 27  9 58 94 99  1 94 85 40 11 62 26 69 78 
76 65  4 36 42 63 89 68  5 43 69 44 85 67 67 77 58 99 97 45 
59 70 82 13 89 91 59 90 33  4 67 98 100 53 45 78  2 87 18 83 
96 73 80 25 85 85 15 62  6 62 87 65 97 33 61 41  3 50 96 56 
89  4 97 29 14 51 16 29 89 55 11 96  7 31 13 85 87 69 81 83 
44 40 34 79 17 29 64 17 84  9 80  4  7 33 100 72  8 69 66 35 
56 48 50 82  5 76 66 19 51 23 53 61 40 18 30 82 67 41 61 99 
96 53 83 97 39 23 69 42 37 39 44 50 53 86 95 32 84 63 12 68 
11 74 63  3 89 18 26 17 84 25 88 51  2 45  6 86  5 77 96 25 
47 77 23 94 90 70 36 63  9 76  9 10 58 85 51 23 37 67 87 70 
31 15 82  1 68 77 55 57 65 93 31 64 11 99 79 92 38 15 51  2 
41 87  7 89 17 18 73  2 69  1 67 59 28 99 71 34 53 47 55 47 
42 89 45 99 72 88 28 14 76 84 17 100 32 47 48 62  4 30 22 44 
94 61 36 77 14 34 16 93 80 26 60 53 58 21  2 91 76 13 99 40 
72 13 73 78 56 71 96 44 63 35 12  3 40 20 73 44 100 51 74 62 
93 97 21 64 81 15 93  1 21 46 11 82 84 34 64 15 71 73 82 91 
80 13 63 98 43 68 64 75 68 63 71 92 31 59 53 51 47  9 41 96 
72 67 21 39 28 82 97 59 100 45 30 65 72  2 79 98 67 88 57 16 
17 24 37 24 28 39 45 100 50 41 66 46 86 100 29 23 67 92 21 94 
90 93  2  7 62 71 46 97 78 34 53 60 52 60 36 82 61  7 60 77 
49 65 71 60 62 25 77 56 39  9  2 69 88 67 33 78 45 90 47 99 
47  2 74  5 95 55 94 14 69 84 97 86 73  8 75 39 17 97 68 10 
16 19 62 94 91 72 92 51 66  9 95 18 90 62 43 29 27 72 85 67 
44 76 36 23 51 22 26  6 82 59 16 16 70 34 18 24 79 82 62 73 
98 78 87 49 83 48  6 40 36 62 51 33 39 85 81 96 44 49 22 11 
96 30 59 66 78 29 79 31 63 62 38 82  8  8 19 39 12 14 28 72 
85  8 33 30  1 99 26 40 14 98 20 41 27  4 58 67 47 65 63 14 
 3 15 88 51 98 89 43 31 45 21 41 49 40  3 73 10 15 81 84 52 
 4 48 39  1 60 39 95 13 78 53 82 20 18 55 76 60 39 93 63 50 
14 48 46 59 11 56 65 97 21 19 22 74  6 66 29 34 61 33 93 86 
63 85 97  2 23 41 19 70 87 95 37 90 41 86 65 97 67  2 45  3 
82 95 70 100 50 68 51 63 27 24 60 71 28 63 47 11 24 59 42 13 
88 95 17 69 18 26 35  2 92 29 97 83 86 45 44 89 32 70 61 61 
 3 55 91 39 64 25  1 79 56  7 49 80 59 48 34 17 52 46 100 96 
68 31 45 39 69 95 89  6 14 60 15 61 82 70 43 92 15 32 56 59 
81 92 41 57 64 97 51 31 52 77 58 94 28  7  1 40 17 37 26 59 
 8  9 41 62 61 94  5 20 13 52 47 63 20 60 61 33 94 21 72 82 
 9 14 57  7 30 25  9 23 78 11 34 62 17 12 85 12 50 27 63 25 
48 61 52 69 60 98 29 49 37 95 92 11 25 88 57 26 54 11 93 56 
34 39 45 24 61 27 89 10 98 66 71 44 54  4 69 76 17 52 27 40 
33 92 28 81  1 23 78 73 60 64 37 89 11 13 85 95 98 42 88 68 
39 56 42 69 60 46 85 15 17 48 43 80 53 83 64 27 77 10 37 22 
61 34 70 11 73 26 27 42 63  5 12  2 38 90 87 81 20 91 38 67 
