5 200
65 76 87 88 51 
78 93 42 17 49 
 2  9 50 17 72 
59 75 38 58 72 
50 84 55 13 52 
 6  7 45 34 30 
62 98 73 63 15 
100 50 46 90 97 
13 37 66 49 55 
11  5 24 53 11 
57 26 91 35 29 
13 77 51 52 31 
15 66 90 24 33 
72 21 13 62 38 
42 13 62 92 60 
98  5  1 10 61 
18 31 61  4 70 
13 100 44 62  4 
24 70 43 10 42 
34 72 14 66 55 
89 100 60 50 12 
98 10 50  7 59 
41 77 50 23 42 
58 44 90 38 67 
71 19 67 36 32 
 1 10  5 15 88 
 4 64 61 91 39 
71 82 92 73 27 
78 77 31 52 38 
25 33 94 100 57 
54 42 75 95 95 
53 80 64 52 45 
70 85 35 74 21 
 7 53 56 37 52 
 5 42 40 51 42 
65 29 27  5 36 
32 84 99 20 21 
48 37 63 98 79 
36 14 54 82 100 
 1 28  4 55  8 
32 56 55 50 19 
23 76 60 27 60 
10 58 38 61 23 
28 63 79 93 15 
32  7 47  5 58 
31 16 28 81 85 
13  8 81 97  2 
70 100 61 32 28 
35 62 44 22 34 
19 60 97  4 41 
67 18 93 18 85 
99 87 24 64 60 
97 60 26 76 95 
94 21 63 35 93 
74 87 73 53 50 
33 26 88  6 32 
61 82 57 96 38 
 5 61 83 51  9 
48 39 41 79 82 
69 39 21 21 98 
48 98 16 16 96 
98  9 78 29 55 
22 80 85 52 11 
91  8 56 34 74 
74  6 64 39 75 
23 80 67 80 79 
45 50 24 26 91 
60 87 69 63 22 
93  2  5 78 78 
66  3 69 57 88 
58 49 77 64 70 
49 47 96 67 23 
63 86 22 33 73 
27 83 98 64 18 
36 87 52 79 42 
94 25 79 64  8 
66  8 91 68 71 
 2 72 94 77 49 
86 57 99 48 28 
81 78 59 11 79 
78 20 84 66 80 
 8 71 21 75 81 
 1  8 47 35 72 
 6 28 27 81 85 
24 81 59 86 34 
39 38 79 46 35 
99 71 45 69 17 
59  2 84 86  8 
 5 18 62 24 45 
93 29 69 77  6 
76 96 29 75 64 
47 95 15 70 70 
80 84 95 57 45 
77 25 94  8 88 
38 35  6 44 34 
94 98  5 24 48 
41 98 34 63 93 
64 12 95 56 43 
77  9 26 84 94 
55  2 46 84 56 
37 96 85 91 31 
58 14 20 82 65 
20 54  2  1  8 
20 29 23 50 48 
89 24 28 71 51 
 1 78  2 87 94 
75 85 50 77 85 
92 75 84 94  3 
25 67 86 52 11 
 7 55 85 53 56 
66 81 99 70 63 
20 53 67 67 61 
97 75 32 48 88 
 2 70 52 61 93 
 5 62 40 75 49 
77 88 47 98 88 
 4 24 44 43  4 
10 65 80 93 94 
70 13 41 44  4 
44 35 99 61 60 
72 20 58 51 34 
80 16 60  2 71 
88  9 39 32 58 
31 73 24 94 80 
12 91 59  6 28 
65 13 74 22 14 
58 14 52 99 79 
12  8 28 21 96 
79 57 20 37 26 
32 56 58 72 76 
22 53 89 66 14 
 6 34  3 33 32 
96 24 83 14 46 
29 59 68 96 96 
55 21 89 53 10 
16 74 36 76 12 
 5 15 45 27 10 
53 19 67 86 61 
 6 51 41 33 27 
92 88 64  2  7 
53 89 32 19 85 
52 27 43 53 88 
63 46 80  2 62 
 5 81 33 55 56 
14 24 99  8 85 
 7 28 65 26 28 
96 27 39 89 27 
50 71 87 69 88 
26 98 80 25 52 
64 21 36  9 39 
15  4 52 79 19 
68  4 43 79 66 
56 18 60 52 29 
53 30 69 51 88 
47 70 14 72 50 
16 94 16 98  4 
62 60 74 48 31 
92 91  7 76 88 
90 84 83 15 36 
40 86 51 65 77 
66  1 63 85 35 
98  3 92 43 76 
76 58 12 91 56 
97 52 93 31 70 
74 81 80 27 88 
100 14 94 72 84 
16 54 23 63 73 
74 11 86  9  3 
 7 65 75 91 52 
50 55 90 87 75 
55 94 65 64 98 
20 88 32 41 84 
91 70 89 54 54 
47 43 21 14 93 
45 51 27 13 84 
48 74  4 12 100 
85 98 53 59 37 
17 31 46 77 18 
76 17  8 21 89 
70 36 40  2  8 
29 100 76 83 77 
49 50 50 72 33 
66 77 14  8 27 
71 90 77 74  9 
93 21 52 10 36 
53 38 78 43 70 
71 85 27 63 18 
34 44 96 18 88 
33 98 35 26  1 
79  8  6 69 22 
47 90 94 63 52 
58 48 97 54 99 
81 49 41 79 62 
 8 34 17 99 81 
 8 95 41  3 89 
 6 87 39 47 13 
36 72 54 11 69 
 4 82 34  7 14 
28 32 50 16 44 
97  4 23 93 79 
