5 200
45 45 65 38 75 
50 19  7  5 18 
60 51 84 36 59 
76 55 60 19 60 
82 39 46 95 98 
39 37 39 65 48 
11 79 35 14 45 
13 50 72 65 17 
71 46 23 100 60 
61  8 63 14 90 
14 50 89 26  9 
10 57 25 36 18 
80 44 78 36 95 
31  8 48 38 53 
44 48 47 41 69 
86 80  9  6 68 
40  5 66 46 86 
41 30 51 49 74 
45  1 67 25 34 
100 65 57 33 99 
63 49 99 39 20 
72  3 21 13 97 
19 25  7 28 100 
80 85 61 10 17 
69 33 28 23 31 
100 15 49  5  3 
85 64 26 13 79 
13 54 51 51 47 
44  8  2  5  6 
44 59 92 21 82 
16 53 72 61 12 
33 91 88 81 52 
37 52 47 79 22 
36 99 44  5 29 
 5 28 14 42 73 
48 46  4 91 91 
35 83 92 49 56 
87 88 88 100 75 
 1  3 67 91 40 
21 60 93 13  3 
37 10  6 68 11 
72 71 12 20 39 
72 32 14 91 15 
56 64 86 19 83 
97 80 78 21 59 
14 13 16 85 28 
58 40 30 61 14 
25 65 49 88 34 
58 77  6 70  7 
12 76 35  3 98 
47 10 49 46 98 
33 65 40 83 89 
85 42 60 71 55 
33 20 42 61 58 
25 12 63 93 54 
50 51 40 43 19 
92 56 16 88  7 
71 25 58 96 76 
 9  4 80 48 34 
95  8 19 63 80 
60 25  6  9  8 
49  2 87 38 59 
41 99  2 21 72 
83 13 21 75 52 
52  6 76 58 58 
96 65 21 48 36 
11 43 11 80 80 
18 88 98  8 27 
27 73 44  7 25 
98 100 43  4 27 
37 15 79 59 54 
61 64 83 33 63 
62 34 11 44 64 
53 37 28 68 72 
64 88 86  9 40 
26 66 84 39 42 
14  7 18 100 80 
89 52 88 96 74 
13 59 28 57 13 
 8 17 100 48 75 
93 52 17 49 65 
46 61 35 89 30 
74 47 47 11 21 
38  8 49 28  9 
26 37 17 33 57 
 1 77 71 68  1 
77 85 55 47 55 
18 90 99 35  1 
44 65 73  1 47 
35 54 52 94 75 
82 97 99 50 17 
79 83  7  5 42 
51 97  5 74 18 
45 46 44 44 56 
76 91 31 89 65 
38 93 26 46 35 
17 48 48 95 70 
44 59 95 80 63 
60 72 37  5 36 
88  8  3  2 52 
 8 54 11 21 39 
19 45 76 70 92 
78 81 44 57 24 
41 54 37 88 66 
 9 38 18 58 22 
 9  6 92  2 100 
37 23 20 70 62 
38 50 72 61 48 
13 22  6 15 28 
49 21 69 76  2 
 9 28 78 14 71 
45 78 22  5 44 
30 40 34 56 41 
92  4 27 74 30 
69 96  8 70  4 
95 17 66 54 17 
44 11 74  2 39 
37 39 27 81 13 
15 67 74 57 32 
70 24 86 88 97 
85 77 32 53 64 
29 33 35 46 100 
70 54 64 88 84 
46 75 74 38 25 
 6 13 86 33 54 
26 48 44  6 50 
28 26 46 47 60 
 2 34 22  8 87 
45 76  7 55 15 
33 21 52 31 77 
22 93 23 13 96 
30  5 30 61 28 
45  3 44 33 63 
29 43 73  2 92 
11 25 71 16 82 
67  2 20 59 75 
71 14 15 55  2 
89 19 53 28 47 
88 51 57 87 57 
75 42 25 75 60 
55 62 90 37 83 
67 21 72  5 23 
 5 65 32  2 35 
39 68 99 39 77 
24 41 93 88 59 
59 71 41 53 93 
91 45 87 54 28 
32 95 25 47 86 
48 16 93 75 65 
16 49 15 94 33 
21 50 81  3 26 
67 12 10 63 44 
31  4 93  8 11 
85 22 46 38 65 
51 52 88  2 11 
65 46 73 58 49 
22 92 17 21 53 
16 10 34 70 99 
100 95 27 77 97 
27 67 45 99 39 
85  3 36 83 15 
64 78 32 27 72 
63 22 99 26 72 
78  8 16 59 66 
67 69 28  6 27 
10 73 70  9 14 
69 94 99 51 78 
42  5 15 29 77 
57 65 36 56 56 
68 51 16 83 48 
17 96  1 84 66 
18 17 62 79 48 
 1 69 85 72 70 
75 75 99 11 66 
27 73 67 51 53 
78 87 32 59 81 
77 25 14 19 86 
61 81 91 79 15 
24  2 60 98 36 
64 75 74 58 47 
65 41 15 36 53 
100 31 15 61 47 
41 23 81 51 21 
89 56 53 20  4 
59 33 63 78 52 
91 30 12 73 30 
71 17 27 21 46 
83 82 28 65 42 
91 30 84 31  1 
56 30 99 79 54 
34 89 60 94 81 
82 91 68 99 96 
 1 90 82 56 18 
70 63 82 68 18 
35 10 69 69 73 
30 45  6 17 32 
100 95 88 83 70 
42 73 32 39  2 
87 12 79 58 70 
 7  9 21  9 72 
