5 100
29 95 88 49 14 
45 84 87 86 43 
62  4 29 21 66 
36 68  1 92 54 
43 37 40 45 88 
59 19 36 44 91 
91 98 90 74 18 
81  6 70 51 56 
18  6 35 74 54 
47 89 80 30 30 
88 79 61 16 60 
14 81 55 58 81 
98 37 29 65 83 
 8 35 54 29 48 
43 34 79 63 29 
81 14 41 40 57 
 1 77 23 99 13 
51 87 66 43 56 
57 65 11 78 27 
49 60 87 79 64 
65 70 48 36 59 
88 89 19 63 84 
61 12  1 30 64 
92 29  5  4 83 
35 18 88  9 67 
 3 25 66  5 17 
83 46 33 81 33 
44 74 60 72  8 
72 29 41 40 21 
 7 68 34 64 26 
63 22 32 73 55 
67  2 42 65 68 
94 10 41 44  7 
87 10  8 93  4 
14 12 41 36 41 
39 57 84 36 95 
67 26 65 24 13 
38 46 39 51 76 
28 78 96 92 60 
25 39 13 34 36 
48 16 89 52 47 
 3 69 29 17 93 
15 20 35 65 10 
 8 78 38 39 96 
18 54  6 37  1 
92  5 65 43 59 
 6 47 43 81 29 
35 87 26 35 69 
47 61 47 44 52 
66  3 90 54 81 
31 23 82 83 25 
29 100 93 82 96 
15  6 15 48 12 
 4 21 83 96  8 
 1 65 79 60 12 
86 24 98 60 66 
24 20 59 79 77 
72 19 94 33 62 
60 52  1  1 42 
37  9 76 38 38 
 8 53 49 39 97 
10 68 98 94 35 
80 81  3 32 91 
45 64 49 57  3 
10 50 86 41 66 
 3 14 88 53 61 
94 55 33 15 52 
99 15 61 45 80 
56 96 45 85 13 
37 40 66 64 33 
60 41 24 26 16 
21 75 89 11 26 
45 62 77 64 90 
60 49 49 49 40 
46 65 22 77 44 
28 52 27 98 90 
91 59 64 87 76 
97 45 37 88 73 
86 71 23 77 45 
60 23  3 47 74 
21 38  5 10 22 
30 32 94 44  1 
51 75 12 44 81 
52 37 84 44 61 
47 67  5 93 94 
16 52 74 84 70 
92 72  6 71 12 
45 26 91 36  6 
61 42 59  3 87 
12 51 71 85 57 
64 20 57 20 88 
75 76 39 31 47 
69 71 33 38 74 
47 88 30 35 25 
96 73 26 97 28 
67 22 41 35 42 
12 16 13 59 25 
63 70 95 29 21 
 2 67 78 67 83 
91 83 100 45 62 
