2 200
54 58 
100 84 
89 29 
49 94 
34 76 
36 21 
63 100 
75 89 
46 92 
17 15 
25 86 
63 33 
67 87 
39 70 
38 15 
61 73 
69 51 
 5 49 
48 37 
49 47 
70 74 
35 87 
58 63 
31 82 
47 83 
87  5 
49 32 
48 100 
94 76 
 8 75 
95 34 
79 49 
 7 55 
 1 42 
34 64 
77 54 
17 18 
52 96 
10 75 
75 83 
 6 70 
88 61 
18 64 
19 46 
57 64 
58 31 
32 55 
30 48 
13 98 
97 75 
68 25 
11 32 
69  1 
43 11 
52 93 
 3 38 
27 46 
35 13 
24 37 
49 13 
 8 50 
 9  3 
99 77 
75 72 
44 78 
88 58 
97 77 
69 95 
32 29 
92 43 
99 64 
42 34 
29 14 
40 93 
40 28 
20 26 
71 21 
 5 98 
76 20 
99 95 
45 15 
65 45 
82 88 
61 44 
 6 95 
58 49 
22 87 
60  5 
91 27 
30 75 
43 93 
 3 26 
27 31 
74 63 
85 28 
70 79 
39 11 
22 46 
71  7 
92 14 
91 44 
42 45 
32 92 
15 99 
88 18 
27 64 
13 77 
24 32 
96  5 
 4 35 
59 93 
20 55 
63 13 
78 32 
10 26 
67 53 
53 63 
82 75 
56 66 
64 76 
11 81 
67 19 
 9 42 
15 78 
20 56 
92 82 
24 80 
33 92 
67 29 
53 56 
29 75 
80  8 
43 71 
17 97 
38 39 
25 63 
48 41 
32 63 
23 96 
10 58 
47 69 
24  3 
28 99 
69 30 
 2 62 
72 64 
97 41 
24 10 
 1  4 
18 91 
85 64 
91 24 
59 96 
20  9 
88 83 
90 56 
35 58 
79 30 
50 20 
95 13 
23  1 
12 44 
65 77 
 2  2 
 2 50 
77 94 
37 21 
95 88 
71  5 
31 21 
34  8 
89 82 
31 85 
41 77 
86 61 
43 71 
40 17 
89 36 
33 14 
59 98 
98 91 
39 68 
50 63 
74 27 
31 25 
75 84 
64 90 
57 67 
34 70 
72 87 
14 31 
57 58 
28 85 
19 85 
46  8 
64 29 
 7 15 
65 50 
91 29 
76 89 
