10 200
 5 91 61 17 47 12 80 12 24 27 
39 58 77 47 89 61  2 50  8 17 
58 25 22 97 68 36 16 63 78 53 
64 22 10 32 23 43 47 33 47 72 
62 98 71 81 93 96 52 11 81 88 
21 55 62 91 96 45 15 25 33 90 
25 35  9 43 86 88 52 100 20 21 
78 98 41 19 40 21 98 74 78 15 
82 65 91 34 18 39 58 43 19 88 
 3 24 90 57 87 59 86 69 30 31 
74 44 47 73 11 64 50 18 91 52 
18 51 23 38 83  7 73 54 93 47 
31  6 87 78 61 51 67 39 51 99 
11 50 87 22 89 95 41 53 66  2 
99 62 31  6  2 58 90 16 47 28 
91 89 24 53 49 16 50 50 47 87 
47 34 61 25 60 92 34 37 58 21 
24 39 97 78 40  5 92 35 72  9 
34 26 39 92  5 66  2 46 29  8 
51 88 25  1 29 77 16 90 84 69 
64 44 54 41 95 19 10 20 10 91 
90 77 22 52 55 59 20 57 33 72 
11 69 68 79 77 29 97 16 40  1 
43 31 10 16 90 22 19 21 99 84 
92 45 60 91 29  9 79 70 37 68 
50 55 86 55 78 25 58 79 80 25 
93 57 12  1 90 88 21 67 86 17 
85  2 49 64 10 92 68 71 21 93 
23 47 22 25 75 70 73 78 47 14 
14 90 28 22 74 58 29 26  2  5 
93 23 84 15 79 91 74 55 23 100 
 1 71 99 70 39 32 93 27 30 88 
56 64 71 48 50 79 61 81 65 48 
71 67 74 46 56 80 46  8 43 45 
28 28 80 46 82  1 73 89 67 100 
59 78  4 94 71 52 26 20 11 60 
69 38 26 32 15 61 37 54  8 72 
71  8 85  9 50 83 13 68 16 61 
45  3 48 90 50 21 28 28 51 68 
88 77 58 99 89 76 75 93 24 71 
32 60 92  4 50 36 13 10 19 23 
80 40 64 82 83  1 77 69 61 85 
 4 42 68  7  9 35 41 32 41 93 
40  7 56 58 17 47 60 30 83 93 
70  2 33 63 64 79 63 26 21 16 
60 73 54 60 49  8 28 45 98 12 
35 44 75 91 92 48 17 93 99 93 
16  7 57 94 30 13 26 50 32 81 
37 74 77 97 27 99 13 19 28 47 
31 31 32 57 10 79 67  4 82 52 
89 18 81 25 18  4 15 26 75 68 
65 43  8 43 38  2 13 26 20 53 
55 54 96 45 68 77 89 41 93 63 
 9 44 73 55 43 17 21 49 96 38 
49 42 96 39 10  9 52 70  5 100 
81 28 65 90 80 78 80 26 22  1 
83 94 11 72 62 30 76 19 100 53 
36 54 11 74 37 72 31 25 58 21 
52 33 52  2 34 57 39  2 86 47 
36 84 53 27 82 85 52 20 10 99 
23 89 55 63 35 99 28 67 39 95 
72 36 29 84 19 98 83 72 50 22 
26 54 33 86 31 45 26 93 58 41 
51  3 98 30  6 12 58 69 90 36 
48 73 81 100 23 40  5 55 88 40 
33 97 33 57 56 95 94 86 74  6 
92 48 82 47 91 91 97 23 96 75 
92 65 75 15 47 34 45 49 20 54 
61 31 13  5  4 71 93 50 32 88 
31 16 56 65 47 84 90 67 54 89 
41 26 30 73  9 50 10 12 13 19 
46 61 60 91 75 49 47 63 43 36 
 9 43 64 42 82 21 76 58 48 37 
 6 75 82  2 67 55 13 37 81 73 
19 84 36 72  5 43 65 38 86 97 
47 10 66 79 19 93 17  8 95 35 
 4 19 89 18 48 43  7 29 70 52 
87 19 99 24 31 74 39 99 63 100 
67 47 45 74 54 21 89 68 37 97 
95 78 98 69 25 41 69 21 73 90 
41 77  4 99 19 41 14 41 45 61 
66 70  3 92 69 71 53 20 31 33 
32 22 87 62 32 58 82 39 98 12 
32 16 76 42 81 70 29 28 52 93 
31 25 92 51 94 10 56 90 94 14 
89 12 94 88 47 69 69 29 65  5 
 3 27 42 58 62 89 95  2 35  7 
 8 50 37 44 16 94 70 47  6 34 
21 49 99 42 61 87 75 79 51 86 
 1 28 60 16 43 74 86 82 74 68 
 7 83 28  6 93 49 56 59 52 35 
85 94 12 17 35 66 61 46 34 26 
88 66  9 56 89 33 24 29 45 19 
77 17 15 24 91 12 69 84 41 89 
 8 62 86 55 10 67 75 32 73 58 
81 84 64 97 50 13 17 38 44 79 
71 30 52 25 70 69  4 91 46  4 
96 80 19 13 48 15 15 46 58 62 
 5 19 46 24 50 82  7 29 81 82 
77 38 68 13 53 95 76 57 15 37 
52 56 77 98 25 91 67 30 61 40 
16 79 34 35 86 19 43 63 39 36 
59 88 64 12 11 28 95 24 18 79 
99 19 100 95 55 58 85 99 26 93 
44 77 93 45 97 33 45 97 24 52 
81 56 83 15 24 44 47 67 44 33 
68 19 81 21 30 62 28 68 92 95 
61 36 12 98 81 67 24 80 28 61 
29 92 99 22 94 57 79 51 99 91 
39 16 77 19 43 21 23 60 63  5 
24  6 29 84 11 49 29 42 97 97 
72 96 11 61 52 93 88 57 100 83 
99 46  8 89 50 63 15 15 56 70 
81 31 32 59 73 37 19  8 97 80 
 5 30  7  5 14 31 25  4 46 95 
74 95 93 85 91 15 41 72 38 50 
15 92 48 99 100 78 69 27 52 26 
61 12 15  5 59 49 65 86 76  4 
22 78  8 74 38 80 31 40 22 78 
73 42 14 69  1 72 12 42 88  5 
87 59 52 93 91 78 82 93 94 87 
58 11 25 73 17 35 22 52 25 31 
 6 61 23 49  7 94 11 17  7 72 
13 66 18 54  7 85 22 69 66  6 
79 69 84 50 31 52 24 23 21 60 
15 96 38 77 59 70 16 66 84 27 
63 38 32 89  8 30 64 79 64 27 
21 79 73 64 11 85 96 37 68 40 
54 15 32 18 19  4  2 80 23 91 
67 43 27 41 97 54 59 39  4 92 
51 86  7 91 14 33 55 94 60 96 
55 30 24 36 97 65 85 66 42 86 
66 79 93 79 87 41 25 27 15 21 
84  9 74 12 49 92  9 86 27 35 
38 24 16 85 50 73 71 66  7  7 
31 18 76 83 52 97 30 74 57 70 
30 68 69 49 40 42 73  9 68 50 
 4 13 39 88 50 93 43 31 32 30 
27 11 42 46 27  9 59 87 46  1 
59 54  4 88 17 37 70 55 50 71 
37 90 34 15  3 19 70 99 83 15 
98 86 45 45 51  1 70 31 99 42 
58 68 40 46 28 59 39 81 51 81 
18 16 14 82 89 22 75 45 25 65 
37 54 21 39 29 54 52 34 14 10 
27 69 29 82 100 90 78 76 35 60 
22 83 65 51 63 57  1 82 76 24 
97 33 10 25 60 61 13 63 86 27 
57 29 32 43 70 17 40 39 42  5 
89 61 91 64 44 75 40 45 29 14 
27 61 95 10 65  4 92 38 48  4 
16 16  6 44  5 92 56 96 39 14 
47 38 26 75 98 57 14 74 75 44 
54 88  7 90  6 38 63  5 89 32 
65 70  4 58 65 60 78 84 86 41 
17 85 61  9  8 60 93 48 40 76 
41 40 41 52  5  6 91 15 16  5 
 7 80 76  6 70 57 45 49  5 43 
76  4 14 38 48 37 82 38 89 90 
66 67 34 100 72 34 21 28 88 20 
45 44 94 10 38 45 59  3 49 40 
25 66 24 15 84 10 28 37 55  1 
98 81 10 69 95 35  6 80 79 33 
95 58 22 99 49 97 81 87 26 13 
77 33 71 90 86 72 51 43 29 19 
86 13 24 77 77 18  4 12  3 28 
87 47 80 92  8 16 93 14 26 21 
89 46 87 36 51 80 46 37 70  6 
43 41 87 72 21 83 29 91 60 78 
50 64 64 57 59 39 24  3 55 66 
61 38 70 75 99 80  6 42 95 22 
92 51 22 49 33  4 23 39 40  2 
40 90 40 41 26  6 36 54 94 49 
90 82 55 29 34 67 90 97 90 92 
39 62 43 17 73 66  2 90 96 73 
96 41  1 90 74 44 26 45 73 89 
98 56 75 47 81 89 52 24 29 27 
58 49 46 98 76 94 93 51 58 43 
84  4 85 100 100 66  7  7 52 17 
17 64 90 11 74 20 12 75 67 96 
16 28 12 64  8 26 31 70 65 92 
75 50 67 34 59 89 30 12 19 23 
100 60 55 23 35  4 49 10 94 85 
86 85 79  8 99 19  9 70 16 79 
67 27 18  3 45  1 18 64 15 78 
58 32 92 19 28 25 61 55 77  4 
69 53 72 35 85 54  9 51 87 73 
46 29 74 76 45 94 77 60 65 15 
34  3 31 86 92 34  6  7 92 15 
35 41 92 35 91 45 26 40 60 31 
74 73 58  4 76 62 22 63 26 86 
57  8 84  4 26 37 52 57 59 28 
85 58 76 78 16 13 77 22 68 94 
11 32 55 81 99  9 87 49 66 40 
90  3 50 57 14 49 28 56 14 58 
54 46 55 78 60 54 59 28 28 80 
62 47 29 47 88 62 77 22 83 21 
10 40 15 37 60 67 87 31 12 27 
38 54 100 96 30 93  1 72  4 62 
19 47 23 40 69 28 18 68 10 14 
