10 100
58  3 96 79 48 20 100 76 18 94 
81 28 51 90 72 93 20  6 15 41 
 1 83  2 74 80 72 82 41 87 62 
57 22  8 29 11 43  4 92 24 98 
90 61 56  2 11 10 15 27 37 50 
93 55 40 58 17 82 48  3 38  3 
44 82 39  9 69 80 66 24 45 84 
76 60 93  1 79 26 64 76 11 68 
64 10 38 30 48 68 75 56 74  1 
73 64 53 68 67 40 17 71 84 32 
73 21 44 53 36 40 40 37  3  4 
 7 54 94 44 94 64 96 48 10  7 
36 23 51  4 42  6 52 93 12 87 
 2 25 17 37 95 25 23 23 72 91 
32 50 69 24 70 16 13 50 24  6 
73  7 64 55 59  2 74 25 84 38 
13 48 88 70 17 20 74 73  9 40 
 7 89 40 70 15 90 22 18 44 15 
61 25 47 45 29 14 34 31 69 76 
98 98 35 77 20 11  8 48 38 56 
45 70  7 48 28 67 75 28 66 27 
11 92 20 29 78 65 97 15 51 10 
38 42 83 98 29 47 32 60 74 45 
68 31 99  3 50 27 98 72 42 98 
78 29 18  4 41 45 100 16 60 10 
33 69 81 36 52 58 38 17 73 53 
48 20 16 14 21 78 35 63 94 26 
58 90 72  6  8 67 89 95  9  2 
30 61  9 50 71 32 42  1 25 46 
93 57 46 69 77 71  4 60 34 13 
16 14 92 37 61 69 48  5 41  1 
90  1 39 11  4 79  7 58 49 99 
 2 55 75 60 57 60 10 10 100 65 
 3 14 79 74 21 45 40 20  9 21 
31 60 40 75 66 12 17 80 42 50 
58 93 23 24 54 28 81 25 81 60 
38 53 13 49 36 15 57 70  5 71 
31  5  8 13 17 74 70 33 90 61 
 2 58 23 79 71 26 41  1 18 41 
12 97 80 50 60 94 89 51 70 54 
51 98 94 84 25 94 78 13 25 58 
49 22 55 22  3 22 38 56 27  6 
 9 89 29 44 52 33 81 69 73 64 
 9 33 33 15  2 100 51 55  1 67 
67 59 84 84 62 36 34 64 93 25 
72 57 98 90 39 60 41 31 14 15 
 7 75 56 10  1 14 69 41 25  1 
69 52 20 61 83  1 75 86  6 66 
42 76 49 50 68 39 23  5 69 97 
 9 59 83 43 82 25 33 82 98 51 
44 54 50 54 60 11 68 87  5 71 
25 69 67 43 92 93 37 62 71 91 
74 59 63 75 92 23 47 68 53 27 
26 31  8 85 97 62 29 62 65 82 
 7 74 83 97 62 52 59 17 37  6 
55 79 42 16 86 31 92 51 73 34 
22 26 10 34 67 89 20 77 25  8 
93 25 49 82 55 50 58 88 49 23 
68  1 73 93 29  7 64 42 32 54 
61  8 12 11 98  8 52  5 11 59 
38 51 18 96 81 95 87 35 53 55 
20  4 85 78 42 50 100 46 13 37 
38 79 21 99 57 45 11 56 95  1 
11 64 58 54 54 28 62 27 97 95 
13 51 81 58 17 48 62 82 23 51 
20 58 40 66 83 72 96 17 66 99 
73 34 30 22 55 42 91  5 66 46 
12 38 69 66 44 92 19 74 90 80 
93 27 54  1 59  8 94 79 85 41 
16  3 98 62 55 59 73 91 14 34 
38 80 49 26 83 55 90 12 82 38 
68 60 23 14 52 73 15  8 68 50 
93 81 41 56 42 71 16  3 33 35 
92 72 76 54 15 35 37 93 69 49 
39 99 55 76 78 34 21 82 45 78 
38 54 27 78 40 43 69 96 70 59 
63 74 53 20 99 26 76 19  2 97 
93 44 92 38 40 41 72 20 31  8 
30 16 63 94 84 96  4 40 58 43 
85 65 53 10 61 96 40 45 30 16 
85 67  7 54 32 43 44 46 28 50 
53 74 41  9 42 13 78  5 22 48 
35 40 20 11  4 58 75  5 47 76 
12 81 36 72 55  4 65 100 62 35 
31 31 28 71 35 90 37 85 17 32 
71 88 83 45 66 96 13 98 64 79 
95 88 19 46 33 92 13 76 41 24 
80 68 52 34 34 92 72  9 92 30 
50 99 48 41 33 88 52  2 86 73 
41 83 70 11 75 29  5 14 77 33 
84 98 35 37 69 74 90 98 12 68 
 2 53 51 77 64 74 44 21 62 85 
 2 45 48 38 83 48 20 80 24 45 
58 38 35 26 72 42 63 67 14 82 
86 63 90 62 99 25 30 82 51 39 
90 15 18 81  7  1 81 55 30 40 
31  1 71 100 44 45 58 92 61 55 
60 36 19 62 24 72 70  5 72 16 
13 35 31 55 10 22 19 69 63 72 
61 43 63 26 27 72 26 51  2 52 
