5 100
99 79 99 61 15 
92 73 90 34 66 
66 12 70 12 31 
98  8 24  2 16 
87 19 79 10 42 
28 85 17 64 32 
74 79 20 29 83 
52 76 44 87 100 
15 48 79 91 14 
30 78 36 23 60 
76 57 10 83 20 
78 12 15 38 65 
88 25 50 53 73 
73 27 69 69 87 
92 58 47 45 89 
95 73 64 78 24 
64 16 61 87 32 
11 68 61 73 29 
39 42 48 41  9 
98 46 48 24 83 
28 19 30 41 13 
74  6 45 20 35 
69 40 45 35 39 
30 38 62  3 84 
35  1 57 39 13 
59 88  8 70 74 
88 24 74 36 98 
50 47 66 25 72 
75 70 62 65 78 
88 64 35 63 49 
 2 90 68 21 49 
59 82 20 92 85 
44 32 64  2 37 
79 80 53 59 61 
84 94 91 37 96 
81 83 50 59 28 
92 73 64 96 28 
28 77 80 19 78 
11 78 89 18 64 
11 69 72 77  9 
100 18 58 87 44 
79 70 29 94 94 
56 35 53 81 60 
 7 37 22 24  7 
19 38 26 14 81 
95 81 71 61 45 
42 67 67 52 65 
78  8 48 19 35 
76 63 19 41 59 
42 43 28 72 81 
96 71  8 73 15 
24 65  3 18 75 
51 100 51 74 92 
26 21 89 80 89 
 1 24 11 38 41 
74 19 79 22 83 
33 81 42 47 74 
92 68 30 11 76 
39 50 17 11 44 
45 47 100 56 43 
71 69 23 78 79 
98  2 37 14 42 
24 62 48 57 68 
100 35 59 64 24 
 6 28 23 94 81 
 1 39 72 13 59 
77 60 76 36 68 
77 95 27 86 99 
14 94 23 37 72 
 7 88 83 83 51 
63 29 31 63 87 
62 51 17 59 19 
44 76 58 76 13 
40 14 93 63 62 
46 39 26 10 83 
10 64 99 36 83 
19 59 54 84 90 
60  4 55 24 94 
25 24 41 53  2 
70 69 72 39 40 
60 68 96 55 28 
34 10 24 97 74 
41  8 76  1 29 
29 16  7 23 34 
100  4  4 61 65 
91 39 84 59 73 
19 26 16 11 25 
21 74 94 19 76 
 4 30 57 29  7 
60 10 35 85 83 
47 13  5 54 18 
26 94 51 65 43 
64 94  6 35 68 
46 70 99 74 72 
60 48 42 19 92 
35 82 79 46 45 
42 68 88 60 74 
67 71 65  6 76 
86 77 77 45 21 
47 10 78 96 29 
