10 50
58 49 54 69 74 97 57 50 55 49 
 1 13 83 26 60 35 46 63 80 65 
90 12 74 84 83 86 20 99 16 91 
35 44 37 58 81 34 60 74 44 77 
88  3 90 74 67 44 21 98 10 60 
40 41 58  9 75 43  4 83 65  9 
81 96 88 62 10 68 57 79 66 94 
58 82 20 85 100 65 51 19 94 59 
38 77 98 47 78  1 22 61 74 23 
25 87 32 89  4 37 15 24 87 99 
25 84 64 94 49 32 52 40 32 98 
22 82 86 41 40  7  2 22 80 17 
20 64 47 87 61 33 68 14  6 32 
45 36 68 20 15 71 64  6 45 69 
65 66 15 16  7 71 64 48 55 14 
68 33 22 70 27 24 11 39 72 46 
 6 55 78 98 95 99 38  9 89 49 
64 19 91 85 32 46 64 80 37 42 
78  7 66 97 64  5 48 85 26 17 
64 85 53 88 56 85 50 70 97 96 
96 42 72 70 92 41 56 63 17 80 
32 51 52 42 53 16 26 39 97 74 
 4 90 98 56 13 74 72 62 90 92 
20 51 65  3 64 61 55 40 98 59 
90 88 22 49 42 96 12 32 47 30 
51 77 32 13 82 44 64 22  2 32 
42 15 62 48  5 33 91 10 31 18 
30 93 42 29 62 49 95 12 88 78 
11 28 53  1 99 97 66 34  4 100 
31 46 39 96 91 11 16 45 100 71 
74 44 71 74 78  3 70 59 59 55 
88 11 84  8 74 22 41 41 46 78 
11 63 30 78 56 73 76 68 13  1 
 6 92 92 19 71 75 56 28 33 59 
 7 46 58 54 19 51 74 55 34 77 
79 96 28 85 22 43 34 97 94 51 
52 52 93 66 21 92 96 70 39 29 
34 63 74 71 65  1 81 30 41 24 
64 23  2 56 100 71 25 35  1 21 
100 91 100 54 20 70 51 74 43 21 
43 58 54 100 42 12 36 89 31 74 
64 25 27 79 26 30 23 50 98 59 
20 41 12 45 50 61 75 13 28 92 
100 52 91 77 27 53 44 75 92 82 
 9 97 11 97 47 46 30 38 33  7 
53 42 56 38  2 41 31 83 35 32 
36 59 91 16 32 75 69  1 26 40 
17 41  1 73 39 24 87 77 80 42 
89 92 43 62 29 22 68 62 72 100 
 6 13 93 74 26 12 73 80 59 90 
