2 200
98 41 
52 35 
82 20 
 3 12 
31 84 
19 76 
34 50 
36 74 
65 20 
89 32 
56 26 
55  7 
45 41 
97 27 
75 19 
69 86 
21 44 
37 67 
44 40 
70 100 
90 92 
11 52 
47 50 
48 45 
27 41 
25 80 
18 36 
44 19 
27 63 
17 76 
18 24 
50 74 
88 98 
19 95 
93 14 
66 92 
73 53 
40 76 
72 24 
82  9 
 5 72 
63 64 
12 65 
99 80 
34 98 
44  5 
13 34 
79 85 
10 40 
17 40 
86 78 
75 88 
88 33 
 6 54 
12 28 
97 77 
27 44 
84 73 
62 86 
26 47 
66 66 
34 33 
40 32 
45 29 
13 24 
 7 31 
63 25 
77 26 
66 15 
36 17 
100 81 
21 33 
78  3 
76 74 
97 92 
79 89 
84 55 
10 95 
29 36 
29 16 
63  3 
60 25 
26 79 
12  3 
24  4 
24 13 
 9 85 
69 50 
28 47 
 8 71 
17 76 
38 91 
 4 55 
96 68 
15 36 
68 45 
99 94 
86 96 
 7 25 
32 10 
25 97 
18 36 
73 22 
55 89 
74 39 
59 21 
98  4 
87 26 
28 56 
100 67 
 8 42 
84 28 
21 96 
47 29 
19 45 
78 79 
24 50 
12 12 
50 12 
 5 49 
15 84 
77 29 
78 91 
55 69 
78 95 
92 17 
69 85 
46 16 
33  4 
58 78 
39 67 
 3 83 
67 100 
90 65 
85 48 
19 27 
76 85 
28 94 
17 19 
45 79 
59 47 
72 97 
100 35 
24 81 
58 27 
34  4 
73 56 
 1 78 
 9 22 
97 15 
55 12 
58 62 
100 23 
75 86 
35  2 
40 65 
57 65 
 2 74 
75 20 
22 28 
26 98 
 4 96 
79 64 
64 25 
97 64 
 6 94 
28 40 
70 37 
27 79 
96 35 
62 14 
73  8 
19 84 
 4 97 
29 21 
25 92 
56 64 
55 69 
77 59 
 4 39 
44 39 
12 36 
41 79 
14 39 
32 18 
91 82 
57 25 
55  2 
42 47 
81 96 
 6 80 
62 66 
67  4 
84 91 
35 65 
27 27 
90 56 
82 57 
40 31 
14 42 
