10 100
46 89 85 73 35 94 32 17 28  4 
89 32 77 23 40 55 87 38 19 10 
 7 15 90 62 37 99 20 57 24 63 
61 82 43 68 60 33  2 17 78 41 
34 73 44 16 14 86 73 53 100 88 
34 47  7 42  2 61 95 96 93 24 
65  6 33 67 42 78 28 91 81 26 
73 98 74 63 72  9 23 13 43 27 
99 46 28 20 69 61 25 51 34 98 
59 69 61 100 33  1  9 85 88 64 
79  8 19 44 69  4 26 32  5 56 
77 22 86 84  2 75 80 46 73 17 
28  9 12 55  5 96 96 26 11 14 
57 66 79 54 72  9 98 25  5 87 
23 51 55 22  3 22 86 86 38 33 
99 22 99 17 10 35 53 27  5 58 
15 29  4 35 95 73 26 56 94 37 
51 38 10 49 97 32 81 87 32 26 
59 70 49 49 96 94 69 69  2  4 
68 89 75 42 93 74 38 50 42  1 
54 52 59 46 52 87 43 64 40 40 
85 29 28 54  7 94 69 20 93 41 
51 58 63 71 43 62 33 91 51 44 
98 61 19 55 20 51 72 98 71 60 
78 20 56 97 59 14 24 35 37  4 
75 64 62 38 54 90 65 35 47  8 
62 63 96 93 74 81 93 54  7 97 
16 14  1 19 29  7 35  5 22 67 
91 15 10 85 41 44 77 53 14 50 
29 40 60 43 100 97 94 62  3 24 
99 75 57 87 51 75 42  4 20 10 
49 29 64 35 40 15 22 14 55 11 
86 67 72 20 67 49 86 24 18 43 
 7 92 15 72 52 18 12 26 87 40 
 6 19 24 64 84 62  6 89 23 83 
43 43 20 16 15 49 14 93 53 80 
54 21 52 23 45 56 70 15 29  1 
45 85 44 27 66 63 45 29 11 24 
88 52 67 70 14 26 26 90 88 30 
99 55 56 32 61 15 35 91 48 70 
94  6 78 97 28 52 95 50 95 89 
41 18 51 31 43 91 19 37 81 65 
79  2 31 58 84 28 65 49 73 41 
20 63 62 15 26 52 98  5 93 74 
73 88 38 59 70 17 92  8 30  4 
77 100 53 50  6 42 46 16 70 42 
17 85 62 95  7 92 61 46 47 89 
81 82 62 10 83 55 15 30 12 51 
29 70 11 33 85 35 94 12 78 12 
36 79 18 91  8 91 30 72  1 37 
 7 72 72  9 78 98 36 20 42 44 
65 58  5 95 90 24 21 59 87 19 
61 88 77  5 89 69 12 37  4 67 
28 29  1 57 78 37 97 68  7 38 
68 22 49 43 34 67 26 13 68 15 
93 83 37  2 36 31 22 87 22 11 
41 87 93 17 68 84 84 49 32  4 
10  2 87  7 51 24 84 80 90 52 
75 36 53 62 36 83 56 86 95 60 
16 14 44 92 43 45 82 87 17 49 
30 62 84 91 20 97 36 52 54 99 
15 16 10 72 90 48 56 93 52 42 
 7 53 62 34 55 85 23 89 37 56 
15 93 68 33 34 26 28 94 95  4 
86 46 24  5 47 76 37 30  7 68 
98 61 59 21 76 88 51  7 99 15 
88 39 10 20 80 35 32 23 68  9 
23 80 27 100  3 43 94 80 22 94 
86 86 76 45 88 95 53 42 30 80 
20 47 68 59 41 20 81 78 45 75 
20 16 66 87 36 63 68  8 86 12 
64 61 31 39 20 94  4  8 12 42 
20 51 87 77 77 16 68  7 79 59 
64  5 98 10 80 20 19 76 18  7 
57 39 93 39 66 96 29 32 64 81 
28 41 27 88 38 27 16 24 14 69 
70 48 89 47 78 68 39  6 63 41 
25 97 77 94  2 15 76 59 36 28 
47 59 72 28 79 32 31 61  5 40 
47 71 30 39 85 91 21 60 27 41 
74 66  1 68 11 38 91 62 65 14 
14 29  5 34 64 62 74 97 42 56 
100 23  1 68 21 55 72 42 17 80 
41 58 91 62  9 84 70 58 10 58 
80 71  8 86 49  9 63 32 57  3 
70 52 25 31 93 37 51 33 91 20 
74 11 17  6 33  5 16 53  1  6 
68 63 98 65 42  6  7 40 77 79 
72 59 35 44 83 31 88 37 86 94 
 2 96 72 68  6 78 86  3 72 19 
61 71  9 31 62 72 25 29 26 49 
92 68 85 55 51 33 75 33 33 63 
63 12 21  8 78  9  4  8 31 39 
38 19 70 53 80  3 74 89 12 84 
34 58 70 65 58 86 43 29 60 33 
17 19 25 89 81 29  1 100 31 51 
52  8 66 48 26 25 92 18 31 51 
60 94 22 76 56 15 25 26 57 46 
81 73 23 22  9 31  7 14  7 38 
66 96 76 30 70 92 27 46 17  6 
