10 200
 5 76 26  2  9 23 19 83 56 66 
11 32  9 20 82 52 64 63 49 20 
42 36 18  9 20 75 89 47 64 23 
62 19 22 64 19 44 34 78 11 34 
48 69 79 39  7 87 73 69 64 12 
69 52 72 51 89 26 17  7 77 12 
47 40 81 73 70 59 47 18 91 53 
97 14  2 70 82 82 29 64 86 49 
58  4 50 54 20 92 75 65 65 54 
21 93 77 38 68 37  6 25 16 12 
13 83 57  4 66 49 75  1 24 22 
53 42 87 67 97 99 13 30 34 90 
62 26 63 18  9 71 31 88 67 58 
81 85 22 38 33 84 60 79 17 94 
93 18  7 84 78 83 40 55 56 75 
28 71 10 67 48 28 79 20  4 71 
46 52  6 87 53 24  4 84 50 62 
17 96 99 13 45 50 14  8 30 58 
24 63 21 12 23 98 39 54 14 85 
92 97 59 75 25 34 70 74 37 94 
32 52 22 82 79 70 70 100 36 97 
11 67 89 45 92 89 26 79 90 17 
42 91 68 14 62 45  8 47 82 95 
11 35 86 15 82 81 43 87 56 70 
 3 37  3  1 63 54 49 43  7 69 
84 51 21 19 86 53 67 85 32 74 
 2 10 36 37 20 100 91 45 40 56 
76 31 43 53 53 42 82 66 93 99 
84 51 94 89 86 34 69 89 42 77 
43 86 40 55 16 29 76 20 79 81 
10  2 58 76  7 55 72 83 29 50 
72 88 73 97  5 47 52 79 48 55 
88 28  8 43 53 77 19 10 27 34 
75 37 86 56  6  5 18 80 89 72 
65 77 17 44 57 14 71 57 54 14 
11 70 14 32 28 11 89 93 90  4 
34 54 56 12 42 87 100 83 100 66 
95 23 70  3 23 72  1 66 84 91 
22 67 67 83 20 21 19 49 87 19 
40 76 64 100 72 82 76 22 72 25 
63 30 49 61 28 93 16  1 95 25 
47 69 52 51 100 70 62 28 53  4 
100 63 93 90 55 95  4 86 55 16 
 8 14 21 11 38 93 39 10 74 32 
96 85 89  3 78 33 71 18 34 65 
38 81 37 68 94 27 21 49  8 25 
61  7 24 25 63 71 69 14 24 30 
44 42 60 80 28  9 55 18 40 51 
45 67 65 71 29 42 30 74 44 25 
88 30 91 88 91 72 71 34 95 42 
54 56 59 29 74 73 78 93 48 86 
75 89 19 82 65 45 31 66 51 62 
15 82 34  6 31 37 29 38 39 100 
43 22 66  5 85 37 43  9  8 12 
30  6 87 40 15  1 94 44 85 66 
 5 37 32 35 97 26  9 52 44 94 
11  4 65 91 54 46 79 81 94 84 
95 53 48 23 23 20 99 40 62 12 
38  3 19  9 99 70 33 28 79  7 
47 94 58 33 35 30 31 76 29 17 
77 40 16 74 41 53 68 73 44 34 
99 67 55 72 95 56 63 97 17 39 
44 99 41 76 64  6 36 21 37  4 
26  5 64 92 50 96 89 56 93 65 
84 91 84 38 66 96 60 43 41 41 
48 30 83 71 30 13 40 67 77 66 
61 16 40 99 100 69 24 64 65 80 
48 70 45 25 80 93 41 90 83 53 
68 25 19 97 79 17 12 13 42  1 
60 61 33 59 74 65 22 16 68 30 
69 95 71  8 94 90 13 51 35 41 
95 19 67  2 14 93  5  4 86 70 
19 95 10 62 41 88 84 20 61  4 
50 42 93 75 38  1 33 60 100 84 
36 11 65 32 26 38 73 61 96 96 
61 69 21 58 44 44 28 77 65 98 
80 66 58 40 49 15 33 59 53 74 
20 79 21 92 30 25 99 27 98 15 
 9 63 25 39 13 58 83 74 48 98 
92 10 14 48 94 78 63 88 17 16 
36 74 65 11 46 27 83 74 51 98 
30 16 22 18 13 50 14 19  9 58 
49 39 74 18 71 32 69 50 85 98 
17 40 48  8 92 84 25 64 98 30 
64 75  1  1  7 16 59 92 76 25 
62 64 42 75 83 78  5 61 84 32 
45 11 75 88 81 71  8 64 56 26 
 4 17 73 65 96  4 69 13 43 96 
62 100 58 75 37 17 54 15 63 76 
61 66 22 58 97 78  8 63 56 70 
76 22 17 50 96 38 60 66 96 87 
10 64 95 43 66  5  1 96  6 89 
85 23 40 85 56 32 58 12 26 22 
36 93 73 73  5  2 90 89 68 45 
73 46 73 48 96 78 24  5 56  1 
16 23 74 71 36 92 36 75 76 44 
 9 61 41 52 15 62 58 29 97 43 
53 68 48 69 67 40 80 28 84 37 
50 65 81 12 93 83 25 77  3 100 
39 23 16 72 94 58 83 60 39 28 
76 12 43 19 36 40 93 34 46 66 
95 52 37 22 78 37 14 98 11 35 
85 31 20 37 73 10 33 57 11 18 
73  1 52 32 95 64 78 85 49 30 
47 46 35 35 95 75 68 61 46 33 
29 86 30 85 81 18 100 95  5 74 
82 25 51 77 16 56 46 86 17 25 
56 44 90 68 32 48 63 47 48 35 
25 66  1 56 26 36 98 50 83  6 
 1 90 77 48 87 94 100 81 28 28 
59  7 95 54 94 98  7 15 93  8 
64 18  9 14 47  7 15 57 46 93 
48 72 93 37 94 99 10 67  1  2 
 7 40  2 95 16 75 50 86 54 63 
22 48 12 46 18 41  3 55  7 53 
54 77 46  8 13 100 13 56 24 65 
 7 98 96  6 57 40 42 93  7 30 
51 15  6 100  9 63 69  4 56 39 
62 18 10 48 14 62 73 26 25 45 
56 35 38 22 66 73 84 34 28 75 
 2 94 97  4 71 72  5 24  9 90 
67 90 23 76 70 85 93 83 76 11 
23  9 27 100 30 12 59 29 45 98 
37 42 79 79 63 22 73 99 35  5 
 4 62 25 86 68 50 44  6 92 76 
19 100  2 50 16 59 15 30 38 91 
30 31 84 38  6 69 76 29 65 98 
36 91 26 26  7 44 91  5 30 99 
49 77 91  3  4 80 38 95 88 58 
24 29  4 24 15 94 80 35 86 30 
96 74 80 23 79 30 91 84 17 80 
 1 78 98  2 81 83 24 90 56 81 
 4 39 85 68 99 76 89  6 81 88 
70 31 48 28 55 23 91 95 33 91 
97  5  3  3 54 85 14 31 65 92 
84 24 24 63 91 71 97 82 94 77 
27 66 83 93 72 11 53 22 78 17 
41 29  1 66 49 83 84 67 34 37 
42 64 53 94  4 77 10 71 65 86 
 2 42 96 75 67 84 21  1 58  9 
72 56 58 75 78 76 38 39 86 69 
95 10 41 58 97 15 58 86 31 26 
20 98 53 39 71 92 91 81 43 20 
99 38 77 24 100 48 77 60 98 60 
44 47 98 11 21 14 39 63  7 13 
34 31 15 11 94 12 85 24 18 90 
20 65 33 97 96 64 68 78 51 70 
 7 46 55 64 44 58 52 23 58 44 
 9 86 27  4 54 26 80 50 80 11 
 8 37 23 64 39  8 51 33 39 11 
96  8 11 13 100  2  3 76 42 88 
25 45 93 95 55 37 33 82 19 12 
61  5 15 47 48  8 64 44 47 98 
84 66 52 50 22 100 66 36 93 84 
49 58 72 81 47 87 55 82 51 16 
80 87 29 49 56 43 12 80 62  6 
34  7 60 82 45 48 68 80 63 34 
80 83 20 39 96 57 98 49 92 85 
36 29  7 38 35 39 23 51 88 31 
95 86  2 54 93 83  6 43 55 74 
16 13 47 97 72 44 20 52 16  8 
51 40 65 46 50 42 89 38 81  7 
93  6 58 56 83 22 60 82 90 26 
30 96 35 87 16 63 26 45 20 99 
84 66 61 47 20  4  6 31 67 25 
 6 25 71 80 99 59 34 86 60 50 
 9 43 73 58 60 49 33 71  5 45 
46 42 30 57 80 49  6 15 20 77 
30  2 45 40 69 78 46 72 16 78 
82 50 86 96 92 85  7 52 49 36 
12 42 66 82 55 82 46 12 89 25 
89 70 50 10 83 66 40 61 19 16 
49 74 14 31 70 72 56 66 83 36 
12 57 19 66 21 26 42 17 46 37 
29 63 53 35 91  3 91 58 77 17 
65 65 92  9 13 37 52 99 69 26 
53 41 72 54 55 13 71 98 41 30 
47 34 45 73 47 47 95 40 66  1 
73 23 97 63 36 82 49 69 97 73 
34 57 83 30 50  2 60 58 19 91 
42 21 41 60 25 45 79 62  1 88 
74 34 53 58 46 78 77 68 32 53 
49 15 80 64 54 26 48 49 66  1 
64 94 26  3 44  9 62  8 99 71 
15 52 94 97 50 41 23 63 52 15 
52 91 13 82  9 91 12 46  7 85 
86 50 42  6 17 95  3 69 60  4 
77 61 97 46 83 88 27 72 25 30 
63 41 67 45 94 20 18 13 28 44 
 7 99  2 64 16 68  2 94 74 97 
93 35 22 13 49 69 60 21 63  3 
51 39 37 62 16 34 61 53 39 13 
41 21 75 18 72 27  8 76 63 94 
45 64 100 34 41 47 71 30  5 13 
99 30 60 86 51 22 70 50 61 61 
39 83 65 43 60 85 50 19 83 94 
27 87 43 87 10 93 93 74 78  1 
54 24 59 12 41 10 19 29 81  6 
14 10 49 78 73 30 90 26 77 10 
79 84 39 50 22 77 20 96 46 32 
