5 100
11 100 15 11 31 
33 38 67 91 17 
27  6  9  9  2 
34 78 31 94 99 
67 15  3 95 28 
20 61 24 82 57 
90 90 29 23 25 
 9 97 24 72 19 
24 27 28 47 94 
52 95 10 55 25 
93 20 65 95 30 
83 47  2 55 46 
30 96  2 46 13 
21  7 82 74 87 
61 23 29 31 79 
67 39 77 52 16 
26 16 25 72 67 
37 52 81 37  2 
59 44 86 13 37 
88 86 37 22 99 
64 25 67 27 83 
14 23 82 67 69 
73 96 38 94 48 
69 29 47 65 70 
31 34 91 73 58 
16 54  7 11 19 
94 70 35 79 18 
59 81 13 61 22 
 8 34 47 51 44 
95 32 34 81 83 
55 36 51 24 57 
19 47  1 42 62 
64 46 13 69 99 
72 81 90 63 22 
38 32 80 55 61 
86 95 89 40 86 
99 29  9 84 16 
 6 37 68 18 98 
45 31 44 81 66 
84 30 38 23 90 
37 100 19 69 13 
28 74 11  5 85 
88 40 18 73 81 
63 25  5 32 33 
57 18 71 40 63 
 1 89 34 79 73 
73 53 98 12 42 
 7 57  5 60 32 
54 84 87 30 45 
98 32 90  4  7 
89 28 35 100 93 
50 79 54 70 83 
85 78 58 63 96 
100 66 69 27 24 
23 28 45 88 32 
76 27 38 23 56 
65 33  5 65 39 
48 15 49 93 66 
24 73 32 29 33 
93 36 31 94 50 
95 84 31 28 40 
67 10 52 19 16 
25 95 39 42 37 
15 47 46 73 33 
24 71 88 93 46 
44 71 28 49 100 
44 29 88 36 66 
39 49 14 96 68 
81 59  1 79  6 
35 35 100 96 62 
68 44 100 26  1 
22 64 39 75 89 
23 34 64 72 91 
10 46 14 75 86 
18 28 26 35 74 
64 99 10 98 21 
67 33 46 57 32 
14  2 28 29 92 
42 31 17 40 36 
12 63 85 90  9 
33 96 13 72 71 
19 92 59 97 44 
75 42  1 19 21 
35 17  2 26 85 
98 22 15 70 33 
29 68 55 43 66 
26 33 57 38 29 
59 97 55 64 41 
57 96 14 87  5 
 5 29  8 59 42 
66  8 79 54 83 
48 85 24 46 22 
50 21 44 61 29 
31 51 67 73 48 
50 14 92 72 49 
86 88 93 70 78 
23 72  3 82 85 
74 23 25 65 26 
53 86 93 13 20 
69 76 66 64 99 
