5 100
21 96 99 81 39 
30 20 66 36 76 
28 33 82 68 60 
83 68 36 17 100 
75 38 69 94 82 
 4 46 28 63 65 
88 28 73 56 55 
 6 89 52 11 86 
99 69 48 47 68 
 3 43  3 23 31 
62 39 78 94 68 
44 26 85 24 68 
 4 83 95 96 94 
15 57 49 32 94 
48 30 98 13 97 
95 65 92 24  9 
49 18 57 78 94 
59 36 52  8 46 
10  8 80 78 56 
44 13 73 18 90 
85 53 10  2 100 
80 85 32 54 66 
20 34 51  9 59 
68  3 29 26 20 
82 22  7 62 27 
49 10 80 40 26 
69 95 12 25 26 
14 53 66 93 56 
 7 69 34 55 61 
74 33 82 16 32 
62 53 36 85 73 
91 33 68 33 16 
68 100 55 80 14 
82 54 31 93 67 
 5 11 71 45 84 
96 39 95 27 69 
25  6 12 22 50 
90 45 41 60 88 
81 77 18 73 40 
57 41  4 30 67 
82 97 37 29 33 
70 64 82 79 79 
48 21 45 77 48 
81 100 80 53 94 
78 38 53 27 28 
 5 97 18 62  3 
 8 92 67  4 73 
74 76 59 13 41 
17 19 68 89 14 
42 14 78 83  1 
96  2 35 68 24 
53 43 12 77 72 
69 36 99 33 23 
71 84 93 21 55 
44 82 28  9 41 
39 99 14 65 49 
 1 83 94 81 26 
44 64 43  2 29 
35 50  7 87 18 
99 13 94 64 38 
45 86 31 43 10 
66 12 14  8  1 
50 57 83 34 29 
28 40 56 89 24 
 3 85 55 72 11 
54 57 94 44 97 
 5 27  6 55 56 
34  3 36 53 96 
46 18 77 79  2 
32  7 15 51 32 
69 62 22 70 11 
56 94 71 98 95 
 2  5 91 53 21 
38  5 33 60 64 
41 20 44 14 22 
67 27 20 84 59 
28 90 99 59  7 
29 28 62 89 32 
79 36 75 91 72 
23 93 51 85 69 
74 96 78  8 16 
23 25 90 16 74 
33 56 53 67  8 
45 35 79 36 50 
 1 15 86 83 25 
19 56 24 37  7 
80  3 68 72 64 
64  1  9 86 18 
30 42 26 76 17 
75 34 29 31 97 
23 42 21 35 49 
56 49 62 47 90 
12 100 20 77 76 
52 47 23 52 44 
78 43 81  4 67 
56 80 87 65 59 
76 76 55 81 30 
59 83 23  2 52 
 9 47 26 88 52 
 7 30 17 49 86 
