2 100
94 31 
18 14 
33 36 
44 79 
12 52 
92 78 
59 44 
68 98 
89 18 
93 52 
11 96 
21 41 
49 84 
40 91 
78  9 
30 23 
21 43 
80 27 
44 16 
50 37 
50 15 
55 34 
47 21 
82 21 
73 51 
98 38 
17 95 
 7 81 
27 37 
96 26 
66 68 
63 56 
 6 92 
43 44 
38 69 
42 31 
 7 22 
100 60 
10 48 
44 48 
54 47 
 1  6 
13 36 
18 42 
16 90 
98  9 
68 33 
13 98 
53 17 
44 90 
23  4 
83  5 
15 68 
12 90 
 9 39 
38 56 
87 27 
 2 89 
22 83 
90 82 
70 34 
32 70 
19 27 
65 32 
96 62 
59 67 
19 90 
26  9 
72 50 
50 39 
73 85 
38 62 
13  1 
99 15 
15 17 
32 77 
54 87 
35 58 
85 51 
58 49 
47 59 
26 35 
93 55 
46 10 
91  9 
40 86 
 8 61 
45 32 
 7 76 
15 52 
 6 79 
31 27 
63 75 
24 85 
31 34 
 2 60 
11 67 
13 13 
96 14 
 1 16 
