5 100
61 81 84  8 70 
55 26 51 40 27 
39 94 25 52 13 
99 77 94 82 42 
46 26 76 91 31 
40 14 10 83 24 
87 86 31 76 93 
 7 20 66 93 77 
43 43 37 22 12 
71 100 66 55 53 
 1 12 68 81 34 
93 37 46 70 15 
91 81 56 31 82 
100 54 72 12 36 
15 55 58 47 18 
90 28 68 88 73 
81 52 64 33 80 
73 65 78 44 59 
39 32 78 56 37 
93 47 18 58 28 
74 34 69 52 10 
98 94 46  2 42 
95 90 100 70 58 
58 36  8 77 81 
61 62 70 97 61 
82 75 23  8  8 
67 67 88 86 26 
 1 47 48  7  6 
80 48 46  5 51 
42 36  7 75 19 
77 65 49 80  9 
32  4 32 59 70 
98 45 38 85 18 
10 97 57 39 34 
43 86 86 61 23 
94 47 10 82  2 
47 24 95  5 20 
15 90 41 51 29 
87 71 48 18 22 
52 97 24 13 95 
94 19 91 31 62 
71 17 86 71 40 
91 14 30 91 67 
49 90 52 82 14 
98 81 50 60 35 
 3 76 11 64 64 
40 26 82 72 70 
95 99 22  8 31 
61 57 54 14 14 
 6 18 25 19 55 
33 24 85 86 91 
55 67 11 41 15 
11 93 14 14 87 
32 93 73  2 30 
 8 47 80 19  7 
92 21 81 67 34 
58 65 23 52 68 
13 14 91 65 41 
63 22 54 11 85 
86 68 88 49 98 
33 50 47 27 72 
96 21 37  5  6 
51 23 88 75 56 
81 54 79 54 25 
82 44 65 42 69 
15 80 33 20 16 
 4 59 19  8 25 
69 56 79 56 13 
78 18 30 21 42 
88 57 45 23 24 
86 32 40 87 40 
40 28 45 40 29 
77  3 59 42 47 
76 29 86 26 16 
21 28 35 63 73 
42 38 10 46 89 
71  4 54 50 64 
33 99 48 77  2 
28 86 68 86 55 
91 22 74 21 92 
34 24 41 18 73 
58 52 73 15 77 
16 30 32 81 55 
66 27 97 14 40 
37 74 83 51 58 
 5  5 63 84  1 
15  7 13 27 55 
47 39 63 11 17 
29 81  3 92 32 
59  2 12 98 53 
89 30 33 34 59 
52 45 77 35 81 
46 67 40 40  2 
67 100 83 50  4 
72 73 51 68 35 
86 37 53 20 18 
17 58 14 41 82 
97 38 98 17 72 
65 89 49 32 77 
47 72 52 28 56 
