20 200
22 64  8 16 99 28 86 94 43 22 66 77 22 100 79 45 20 97 20 49 
81 82 33 45 83 33 26 49 87 29 53 52 99 71 35 86 28 93 72  5 
98 33  5 43 33 82 31 26 18 25 56 36 85 94 100 98 11 10 66 17 
78 36 100 55 75  8 30 40 69 82 56 75 41 98 90 38 67 57 41 45 
72 77 33 11 49 23 25 75 88 54 77 75 62 63 87 85 91 60 98 60 
19 30 95 31 62 66 88 71 52  6 80 72  8 61  2 18 100 96  4 26 
48 68 84 93 20  3 29  4 29 36 33 11 19 61 55 47 33 91 16 62 
58 74 36 85 15 87 87  5 35 23 56 13 69 30 30 62 50 48 67 27 
85 45 75 31 64 26 13 96 53 36  7 44 17 77 16  6 38 12 78 92 
27 50 16 10 39 39 53 76  2 88  5 14  4 83 61 96 25 19 60 58 
17 76 92 93 54 50 90 54  2 47 31 99 13 10 19 39 23 49 53 62 
63 62 16 52 72 50 89 61 47  4 64 75 37 21 79 40 11 52  1 42 
70 80 93 60 67 78 62 74 98 74 68 15 69 33 94 50 94 64 10 78 
17 63 30 95 68 84 70 53 69 61 16 24 28 11 72 24 98 52 64 30 
11 52 28 44 80 85 83 16 72 68  1 65 99 85 81 77 54 90 44 96 
53  4 100 68 69 80 44 96 100 39  7 81  9  4 46 99 37  3 10 68 
41 35  6  8 52 95 23 91 53 64 79 18 29 63 35 23 33 36 78 17 
35 16 81 31 64 50 18 52 68 30 86 31 74 44 11 40 48 93 80 77 
49 58 36 76 30 29 87 85 34 67 87 28 57 84 17 37 11 95 93 75 
45 51 37 85 73 42 28 94 49 23 22 94 67 86 98 84 53 75 39 69 
65 79 23 75 12 36 78 52 92 61 19  1 69 11 79 70 89 86 49 66 
39 37 20 29 48 57 42 31 82 50 97 40  5 16 49 53 52 95 85 51 
60 81  8 66 68 68 64 93 25 13 54 85 57 87  8 23 62 46 38 70 
87 39 94 79 36 14 17  2 48 50 67 43 98 89 60  5  4 30 44 92 
23 34 97 49 74 46 82 24 39 47 18 84 47 52 53 50 33 40 43 29 
30 97 17 65 77 47 60  1 67 74 62 88 30 62 25 85 54 52 56 13 
88 61 77 72  6 85  8 47 42 85 53 27 79  8 79 95 47 81 93  6 
98 29 62 17 29 40 38  8 100 51 11 78 89 47  7 98 52 65  7  1 
89 84 71 34 57  5  6 73 34 47 72 64 26 59 64 17 69 11 67 81 
27 92 77 47 44 49 46 45 93  4 36 79 64 77 62 55 75 48 83 34 
13 73 25 77 55 75 27 100 28 53 38 96 50 26 63 80  4 35 74 28 
 3  7 75 28 25 27 90 16 40 92 47 39 43 74 29 36 58 20  3 90 
88 41 92  1 48 92 25 78 27 74 29  9 65 47 69 15 93 33 83 68 
60 69 81 85 85 43 58 75  2 63 75 75  1 63 17 53 30 57 51 63 
52 37 93  8 13 96 52 35 54 22 26 65 27 31  6 25 33 52 77 44 
39 95  6 57 37 42 80 93 69 16 75 87 43 38 61 95 52 85 22 18 
 7  6 81 94 82 76 93 55 22 53 10 53 81 99 71 23  9 42 14 26 
66  9 41  8 30 56 66 23 58  4  7 82 14 14 58  1 80 27 24 98 
58 49 70 20 29 47 40 16 26 32 77  5 35 59 29 91 10 97 25 18 
52 35  6 79 38 41 23 34 54 14 23 66 22 19 11  1 78 27 37 70 
33 69 85 76 44 60 93 37 26 81 100 39 97 34 54 63 56 18 49 21 
88 23 95 90 59 53 72 97 43 73 49 23  8 44 32 95 99  4 84 10 
13 48  4 26 59 96 100 98 40 91  5 52 99 29 99 31 43 76 13 56 
84 92 76 54 73 49 74  4 20 44 53 74 19 35 96 24 83 68 76 11 
16 11 86 34 12 25 82 41 25 34 79 71 54 27 90 24 81 89 62 89 
81 47 98  4 41 22 96 22 51 78 31 17 78 46 23  3 97 69 35 91 
77  4 41 50 40 56 21  1 48 53 66 51 97 48 44 28  1 32 49 99 
18 61 95 61  1 45 59 96 58 67 65 38  7  4 77 92 72 97 63 55 
79 74 66 79 100 39 95  6 86 79 36 100  7 14 31 84 21 63 67 34 
26 59 21 55 17 71 71 20 38 62 63 17 25 39 28 77 44 71 34  7 
45 59 95 52 63 73 39 33 22 15 32 13 34 98 95 24 54 20 42 58 
97 16 97 17 100 84 86 10 88 58 98 79 86 29 52 81 88 21 44 30 
20 82 58 17 93  5 15 39 22 56  9 43 30 54 38 89 24 66 16 87 
95 33 87 87 55 65 58 27 64 56  9  6 38 25 53 31 70 69  5 94 
26 31  2 23 11 23 74 73 59 36 41 49 27 22 85 16 97 27 17 86 
68 72 67  8 91 70 100 52 52 87 27 83 47 42 28 80  3 32 19 12 
98  1  7 34 61 62 11 20 88 100 18 39 39 67 33 99 28 26 100 69 
70 70 31 75 71  9 45 17 91 21 28 65 11 34 84 51 65 81 54 89 
 9 58 11 98 41 46 40 44 14  6 42 95 13 38  4 36 10 51  8 45 
56 65 67 33 75 99 62  9 96 40 19 62 81 72 80 58 41 41 59 81 
21 13  1 26 80 13 49 56 62 41 80 79 76 66 58 20 96 94 37 63 
84 32 42 64 73 70 61 69 86  3 97 44 75 40  7 64 98 51 89 53 
 3 19 11 99 54 14 29 69 87 24 10 41 57 82 97 85 43 37 42 69 
47 35 41 79 47 99 17 19  4 80 57 14 35 43 20 73 83 66 11 25 
 7 13 59 56  2 69 67 89 33 71 71 49 94 15 64 14 18 34 26 60 
13 82 26  2 44 50  1 83 32 77 54  1 13 70 90 95  4 92 23 41 
88 85 73  7 11 58  9 15 23 84 38 37 46 36 14 37 61 31 70 13 
100 38 71 66 95 13 12 88 46 38 10 90 71 75 27 38 39 82 25 84 
44 89 21 21 48 43 30 19 87 35 73 44 93 75 71 49 59 54 63 52 
58 82 38 38 35 100 66 89 53 61 46 37 94 91 78 68 76 22 55 10 
87 13  9 84 27 10 48 22 48 64 36 12 10 15 15 77 54 70 61 58 
88 45 49 95  1 99 67 17 96 41 75 81 69 13 46 70 23 93  7 33 
55  4 40 27 82 53 86 71 48 55 83 43 65 32 94 50 43 12 12 14 
28 45 92 23 62 36 90 32 24 14  5 77 17 33 36 32 77 98  7 48 
54 81 59 20 81 33 49 15 35 21 53 37 15 97 47 96 36 41 14 60 
30 49  4 80  5 27 82 15 83 29 37 36 14 37 92 39 80 100 12 36 
51 49 66 58  2 42 41 20  7  9 75 45 61  4 74 33 76 80 29 78 
16 14 38 53 91 61 75 36 96 100 69 56 62 25 69 53 55 81 37 13 
67 28 59  4 90 55 60 37 32 46 76 13 58 49 99 14 39 34 86 59 
17 16 35 11 13 73 53 67 39 39 98 61 14 49 84 41  3 94 86 97 
72 79 58 28  2 24 66 41 36 37 82 43 25 78  6 79 56 33 44 28 
17  3 59 30 83 50 53 17 27 89 24 61 27 29 33 67 10 97  7 83 
 6 36  5 36 82 100 70 36 22 75 66 87 39 57 40 96 61 100 45 43 
88 79 42 36 51 50 28 39 94 30  8 19 64 82 75  2 12 43 38  7 
85 13 47 75 35 24  2 84 100 24 88 96 95 74 88 15 47 65 93 43 
23 33 50  6 13 100 90 13 32  3 19 14 79 53 93 65 28  3 34 46 
68 48 82  1 42 73 79 48 91 45 69 68 69 71 93 42 31 64 67 68 
78 84 67 53 38 99 51 34  7 12 18 96 32 95  9 98  4 73 32 13 
30  2 75 92 63 11 65 61  6 96 53 34 73 24  8  5 96  8 32 27 
57 50 16 42 12  3 11 93 100 62 10 84 15 57 83 48 31 38 31  8 
43 23  7 96 35 60 35 79 12 90 39 45 71 37  1 86 26 74 44 94 
39 38 67 44 75 58 36 24 83 23 54 29 67 22 94 15  1 76 14 48 
85 54 27 64 94 48 65  9 64 78 11 71 84 98 87 90 93 51 47 68 
59 14 74 56 98 98 90 69 35 97 41 66 50 98 100 68  2 54 33 29 
38 91 65 20 31 33 22 91 45 53 94  4  2 70 60 55 54 73 94  1 
34 82 93 84 51 12 53 17 76 70 66 23  6 25  5 88 60 83 62 45 
45 86 55 94 18 61 71 14 92 67 39 56 62 22 89 97 73 26 65 12 
34 45 22 88 86  6 55 15 34 65 36 54 91 77 79 94  9 91 93 63 
79 45 69 82 83 11 49 92  6 67  1 61 26 32 72 79 43 18 69 69 
23 16 28 12 84 15 91 96 79 56 18 11 58 34 59 25 90 51 40 85 
14  8 20 23 54 39 23 29 67 58 39  2  9 87 65 13 58 43 17 95 
77 96 63 96 24 43 13 87 51  9  3 14 80  1 19 38 64 76 88 92 
23 40 91 19 53 88 72 18 91 13 19 92 55 79 32 70 10 75 22 92 
 3 26 48 61 75 99 37 90 87  6 66 22 28 51  9 30 47 27 45 54 
82 77 47 73 76 28 24 62 90 20 76 47  3 53 41  6 72 91 34 32 
58 23 100 21 74 50 17 84 96 76 83 21 46  5 39 41 36 84 61  7 
13 23 25  4 96 100 85 96 58 81 96 27 61 62  7 84 21 40 94 78 
67 19 73  4 74 73 94 71 12 50 47 27 72 40 41 10 49  7 11 66 
 6 49 93 38 60 65 60 39 32 65  8 25 24 65 77 100 54 87 97  8 
47 98 59 88  5 30 42 41 57 17  6 47 72  3 15 76 24 90 92  8 
 6 63 31 60 61 57 40 43 12 67 27 76 79 71  4 11 40 83 78 89 
55  4 17 99 75 36 34 39 19 56  4 80 23 61 37 29 33 74 86 42 
15 82 13 17  6 62 59 68 32 90 11 16 82 91 48  4 48 24 62 91 
62 70 39 50 73 31 91 17 66 19 19 67 69  3 90 35 11 51 79 84 
97 81 32 74 98 11 20 56 95 42 44  5 75 42 71 54 20 80 85 71 
 1 100 35 92 77 53 81 29 81 39 10 53  1 74 58 62 53 57 38 33 
52 62 32 36 74 87  2 90 35 65 96 25 60 40  2 62 90 39 38 96 
23 64 38 74 94 40 11 30 88 26 80 58 57 76 90 33 49 45 93 84 
58  9 11 78 28 52 91 68 71 44 80 91 82 56 92 10 18 79 100 46 
80 46 11 15  3 65 62 78 96 56 77 54 35  8 76 68 63 24 100 94 
17 59 45 92 97  9 86 41 87 51 56 50  9 35 81 86 78 36 51  9 
54 83  7 36 23 35 64 31  1 78 21 80 84 88 38 75 95  8 70 72 
30 67 65 91 60  5 66 35  1 94 35 25 56 77 17 11 42 80  9 13 
40  4 59  6 39  6 77 78 99 35 18 14 41 99 94 92 74 49 84 41 
16 71 68  8 59  6 40 54 72 66 19 49 29 67 88 34 10 13 78 68 
47 31 87 87 92 45 90 75 72 23 46 57  3 76 45 92 38 94 19 44 
46 87 13  9 57 47 12 54 70 50 10 53 30 93 55 87 36 91 97 80 
72 75 15  6 92 71 85 50 80 33 30 74  6 97 51 63 53 84 83  8 
 7 46 96 18 67 86  9 15 92 25 35 65 98 83 81 29 17 35 88 88 
76 42 14 60 81 43  3 60 47 84 36  7 100 31 34 83 25 68 25 43 
39 42  9 97 76 24 59 91 99 14 46 20  4  9 88 96 55 88 33 87 
88 28 66 56 46 20 26 75 18 22 38  1 98 40 40 52 13 95 88 37 
85 32 20 60 48 79 29 64 86 80 79 100 50 77 15 96 40 53 37 65 
10 42 46 96 60 96 91 22 88 20 47 55  6 86 14 73 26 68 20 10 
 7 89 27 48 82 11 18 31 91  9 37 37  2  7 57 27 66 60 81 52 
69 57 53 20 41 57 98 35 34 81 28 59 64 25 45 99 50 51 81 77 
56 70 51 89 22 35 92 64 88 91 14 76  6 35 11 66  1 84 78 43 
87 52 74 85 30 82 62 70 51 54  8 27 95 30 77 77 74 87 11  1 
 9 25 41 41 65 39 96 72 90 11 39 77 73 63 19  4 86 30 70  1 
88 19 29 94  5 81 40 15 56 44 16 73 51 54 59 54 98 25 69  4 
 4 80 86 72 81 63 74 49 51 92 69 49 96 32 92 52 83 37 22 81 
10 78 27 30 64 14 87 28 52 26 42 91 69 19 27 83 24 51 22 100 
83 24 86 69 14 21 70 51 90 26 16 76 58 51 84 29 25 83 29 96 
17 53 53 76 30 47 49 85 83 62 39 99 91 83 55 11 54 66 10 12 
52 75 91 54 77 79 10 13 61  7 15 83 91 63  7 81 16 51 16 69 
98 89 100 97 67 88 63  6 72 60 60 78 80 16 80 51 12 56 90 22 
26 63 58 12 58 60 50 62 20 100 57 54 71 47 76 82 83 55 24 12 
55 17 100 93 25 85  2 82 85 92 78 72 66 19  4 96 67 69 26 50 
 6 55 66 77 91  7 83 53 42 25 24  1 57  9 82 96 37 23 94 61 
30  6 63 61 78 11 33  8 86 97 82 81 29 80 79 59 29 69 59 46 
10 19 79 11 76 35 63 100 72 17 25 71 72 31  9 11 84 60 30 10 
59  9  6 91 59 50 90 40 59 54 24 39 50 21 77 31 51 83 35 22 
31 64  4 34 93 37 82 31 24  6 58 16 79  7  5 39 62 89  9 79 
22 81 54 62  4 16 42 11 20 92 98 31 36 25 74 54 50 48 65 66 
90 32 10 75 18 62 98 21 44 64 79 19 34 43  4 82 26 49 90 26 
28 96 73 66 78 18  1 28 48 18 88 30 52 87 52 75  4 89  9 88 
33 52 28 39 32 58 77 49 36 34 80 95  5 20 20 48  6 37 11 60 
88 84 14 22 11 85  2 35 47 99 88 21 86 18  9  8 76 25  3 52 
85 39 26 49 50 35 48 24 78 36 66  8 70 49 24 21 83 93 10 45 
91 27 92 49 43 36 62  3 10 11 24 49 76 10 79 51 89 61  4 76 
87 60 51 84 13 17 63 61 85 67 25 97 74 48 100 85 21 94 20 54 
30 17 87 78 88 70 93 93 14  1 17 20 98 26 99 87 74 46 74 66 
72 12 76 73  1  5 65 31 90 27 30 19 64 69 80 97 61 75 73 10 
83 79 28 69 61 20 11 78 74 56 36  1 97 87 84 99  5 27 39 14 
33 84 100 24 54 58 19 53 20 40 66  3 34 44 45 92 17 21 44 87 
21 16 88 89 99  8 10 14 69 53 17 20 24 57 16 60 24 96 51 78 
36 60 94 99 79 61  5 48 82 50 95 98 46 70 19 77 88 28 66 28 
74 15 14 24 24 34 81 40 67 97 97 66  2 23 64 30  6 63 61 100 
74 14 89 22 18 79 10 86 27 38 47  4  5 68 20 59 59 56 33 32 
98 98 69  2 58 72 99 36 44 43 61 22 84  5 75 83 34 27 51 29 
100 25 95 85 83  6  5 65 38 83 44 46 64 87 27 58 41 52 60  9 
48 16  6 57 71  1 30 67 52 95  4 86 57 13 45 29 86 51 28 82 
69 78 58 66 45 77 39 97  6 52 31 86 85 72 61 22  6 68 75 45 
20 14 86 47 34 61 24  1 43 84 40 12 29 29 64  5 44 49 37 10 
18  2 12 69 76 97 12 43 80 82 84 33 65 76 29 22 23 76 21 22 
38 28 37 40 55 70 78 82 97  3 48 49 56 14 11 47 84 98 54 55 
76 66 43 28 34 99 59 53 94 51 55 27 97 42 77 91 61 62 63  3 
67 23  2 62 28  1 83 81 76 26  9 47 90 63 22 51  4 48 51  6 
64 31 66 59 19 21 84 100 40 92 33  6 13  9 83 75 19 45 23 69 
55 28 86  6 31 24  8 64 61 64 79 13 49 24 40 42 38  5 25 61 
90  3  1 64 17 51 88 12 89 88 48  3 90  3 78 24 44 57 29 83 
98 65  5 70 79 78 34 34 20 15 97 24  4 59 96 37 77 31 93 46 
100 32 84  6 25 24 92 68 63 64 66 38 30 39 37 86  4 64 18 10 
21 11 19 74 48 38 31 31 32 10 85 16  7 19 54 73 14 23 20 39 
65 80 64 13 69  5 35 55 17 17  8 67 98 33 30 40  1 41 16 97 
63 52 67 59  2 13 36 20 53 98 51 73 47 57 63 67 51 20 17 10 
84 98  4 17 40  6 72 79 17 16 22 75 25 26 60 17 14  8 100  6 
96 55 50  7  6 38 100 39 67 35 23 44 74 32  3 83 66 28 21 56 
59 100 62 90 23 75 52 40 61 60 48 89 89 96 45 22 59 95 21 82 
30 66 37 76  5 23 86 95 56 63 42 42 17 84 47 73 50 75 91 10 
90 13 38 13 27 29 97 86 84 70 60 87 94 50 53 53 45 26 97 18 
68 71  6 10 38 40 47 69 60 93 57 55 51 58 19 98 96  6 95 82 
22 17 31 97 82 74 41 77 51 84 46 55 60 45  1  5  9 83 44 58 
22 100 27 35 95 15 100 92 50 67 58 16 56 51 73  3  2 68 42 56 
64 18 41 96 14 56 65 30 100 82 91 15 88  6 42 36  8 74 28 74 
 6 36 68  3 96 78 12  3 49 84  6 20 91 34  7 93 84 94  5 12 
71 18 80 56 42 93 65 43 29  4 12 57 87 11 96 85 78 41 48 81 
 8 30 93 77 98 27 47 59 27 52 64 33 60 68 56 26 30 63  6 41 
77 38 52 88 69  5 59 14 13 42 23 78 95 96 16 55 84 69 65 19 
58 65 87 12 26 79 63 47 91 12 57  6 86 68 70 68 95 44 65 83 
