20 20
 9 65 82 44 31 10 39 62 67 77 71  9 58 33 60  6 26 99 53 75 
49  8 85 38 59 81 88  6 82 77 48 93 50 97 36 91 48 22 27 66 
26 75 30 67 88 86 29 42 89 54 69  8 28 30 62 54 61 84 22 77 
98 39 76 31  2 36 17 12 86 73 15 50 36 49 35  8 11 98 61 87 
 1 31 12 79 36 34 96 88 44  5  1 78 57  6 93 37 23 27 41  5 
59  5 94 76  4 42 14 95 90 45 38 69 41 87 56 21 90 40 78  4 
54 99 44 64 87 23  9 79 18 18 12  7 56 19 81 40 16 100 62 97 
84 44 73 20 62 75 19 40 86  1 77 79 11 53 35 56 74 95 73 54 
31 10 74 66 71 70 23 23 36 86 74 35 30 33 58 68 53 10 98 20 
100 90 62 63 31 11 81 18 31 86 62 36 29 30 33 31 77 14 82 47 
66 69 28 38 54 55 83 17 80 44  8 63 80 21  6 14 88 13  7 42 
85 74 34 12 65 50 37  4 30 44 21 31 21  1 23 78 72  7 16 20 
42 39 18 32 26 99 62 25 50 10 38 20 94 36 58  3 19 32 26 77 
64 82 75 89 98 99  7 80 88 55 32 94 77 12 93  4 94 76 55 88 
98 57 89 54 38 79 85  8 15 95 40 72 44 12 40 98  7 63 32 72 
89  5 19 66 18 51 83 48 22 12 87  1 35 17 30 26  3 77 36 74 
 1 94 36 95 39 82 50 88 33 44 31  7 65 100 94  8 43  3 23  9 
90  6  1 35 50 26 80 56 95 30 64 44 91 66 52 66 44 94  5 95 
96 41 36 38  5 25 98 43 83 58 44 95 89 89 34 79 49 84 75 13 
66 92 19 41 65 91 96 67 18 49 48 32  6 100 90 63 15 36 67 82 
