20 50
95 54 77 96 66 68 37 97  1  4 30 51 22 34 42 28 27 54 27 23 
88  4 62 58 83 37 32 53 32 42 13 58 47 85 60  9 69 87 22 91 
59 68 21 23 53 99 23 93 23 49 20 17 45 35 67 55 67 29 53 36 
 5 11 61 92  1 39 34 54 56 60 85  3 97 94 75 74 38 96 83 44 
66 29 50 53 25  5 42  2 81 18 18 68 14 47 47 57  6 61 77 12 
12 100 64 44 23 21 22 17 59 31 32  9 59 16 24 34 92 26 66 96 
67  1 10 82 99  4 88 75 72 55 13 25 84 68 63 39  7 37 49 27 
84 33 83 27 41 99 91 52 38 53 47 43 72 14 62 72 99 85 43 46 
98 69 48 29 56 52 46 36 69 21 35 90 100 48 56 53 69 82 39  3 
 7 100 67  3 87 51 22 18 17 67 45 47 82 65 21 12 29 47 39 29 
 9 69 42 80 36 15 31 12 85 78 34 18 39 21  3 10 46 62 50 99 
64 20 15  3 32 63 60 20 65  1 32 57 55 80 18 14 70 91 25 13 
60 29 48 96 20 45 70 23 35 19 64 70 31 20 50 30 14 53 72 27 
11 39 48 53 74 93 93 13 48 78 93 58 100 57  1 69 96 93 34 48 
92  6 94 55 49 69 43  4 78 47 90 18 28 25 44 96 71 77 74 28 
62 68 10 28 36 41 34 53 88 81  8 64 71 68 69 37 99 36 17 26 
33 35 28 78 47 34  8 42 35 23 88 98 91 78 47 20 26 49  2 66 
 1  3 84 52 64 12 57 83 14 11 35 61 63 16 57  3 77 11 98 23 
33 45 35 20  5 38 73 74 26 95 33 82 70 51 53 37 68 33 24 35 
75 38 19 23 73 55 44 55 27 82 99 100 50 37 69 44 99 100  2 93 
81 27 17 47 18 62 57 21 49 82 13  6 80 78 14 16 66  2 86  8 
51 87 45 57 13 54 17 95 44 84 46 68 73 13 28 87 52  3 39 14 
 6 39 93 67 89 47 13 98 56 77 42  2 59 82  1 25 34 100 71 62 
73 93 94 63  1 65 93 94 30 61  3 43 66 68 45 33 100 69 23 42 
57 50 100 14 54 20  6 21 26 27 73 94 69 25 58 91 80 91 39  6 
25 72 62 28 40 53 20 90 19 46 47 94 30 88 62 87 49 18 65 58 
96 83  8 96 52 12 82 91 13 88 94 19 43 24 98  7  5 17 51 90 
70 98 87  2 36  9 75 91 93 98 10 19 33 100 38 47 35  4 76 58 
65 59 88 61 60 17 47 57 58 11 55 57 98 74 40  1 63 77 51 85 
80 23 93 33  8 83 78 42 88 19 50 56 89 22 99 45 89 38 47 71 
21 49 52 16 16 81 28 93 72 36 84 99  5 19  4 90 22 21 83 16 
84 77  9 31 59 15 36 97 79 97 60 35 59  1 31 42 11 100 21 12 
49 53 74 23 87 30 79 27 63 92 59 57 66 58 60 30 86 20 34  3 
 5 93 38 21 61 80  1 13 31 47 61 60 72  2 21 31 15 58 58 82 
32 78 20 71 75 35 53 86 65 23 15  7 53 50  5 32 49  6 96 68 
82 97 54 60 77 26 64 46  1 98 11 71 85 41 35 33  2 58 38 79 
 5 29 57 78 36 90 16 68 15 76 79 37 45 55 82 10 73 92 50 70 
75 18 82 49 32 52 22 26 12 17 18 43 55 39  8  8 61 41 100 11 
89 17 84 89 64 82 99 82  5 84 16 70 48 14 98  6 84  2 59 12 
82 20 46  9 50 62 12 41 34 79 28 95  1  9 37 92 36 93 96  2 
29 47 12 98 33 86 30 31 46 14  7 19 61 46  8 50 94  2 65 48 
59 19 71 28 72 48 90 100  9 61 89 72 39 69 23 98  1 50 77 60 
91 58  8 53  1 26 87 82 91 84 48 57 92  2 58 73  2 16 15 29 
52 41 55 72  1  7 73 94 82 92 36 69 85 57 73 71  9 34 57 94 
57 56 23 17 48 31 72 29 88 66 69 71 18 100 18 22 29 77 90 83 
30 31 49 14 20 17 40 88 29 85 73 42 87 15 88 78 72  4 36 68 
27 26 37  1 73 78 77 58 32 22 71  1 42 56 74 62  2 72 59  5 
37  6 66 14 54 30 52  5 85 49 93 80 77 48 74  6 59 30 22 16 
28 86 96 18 36 50  3 29 74 65 79 32 26 93 36  8 93  1 85 70 
 7 69 27 69 48 59 64 95 96 86 86 11 83 87 54 70 27 12 72 35 
