20 50
72 23 95 74  9 49 24 67 89 100 54 88 66 96  5 51 13 25 18 29 
72 76 33 25 42 84 68 52 22 98 34 23 55 94 35 11 99 98 20 35 
34 38 68 53 30 50 32 35 61 26 29 56  7 43 31 67 81 68 54 84 
80 23 55 36 45 40  2 41 23 43 92 31 40 39 66 89 25 98 32 39 
27 22 37 50 58 59 24 91 93 40  6  9 31 77 46 51 28 87 36 48 
27 61 56 71 79 52 33 89 52 54 65 67 80 14 18 90 22 62 53 40 
32 15  2 15 82 34  9 87 26  8 85 11 64 88 20 41 45 37 28 55 
74 68 30 86 18 32 61 81 49 32 65 80 53 64 70 26 87 55 53 16 
97 60 25 54 54 100 10 20 12  9 22 41 30 27 22  5 14 21  8 59 
24 27 44 26 88 43 50 67 22 73 48 90 97 84  5 40 48 27 43 52 
56 93  2 12 75 38 52 79 28 58 71 84 86 82 18 97 51 61 23 35 
17  1 72 11 52 55 87 94  1 19 24 57 28 31 18 93  8 81 34  5 
39 63 63 41 98 83 69 83 76 45 50 95 38 97 21 32 20 61 47 71 
53 80 39 65  9 25 65 67 71 24 34 75 39 48  4 43 22 46 18 97 
 7 24 99 80 81 79 83 55 78 77 14 11 26 44 13 87 46 49 18 80 
91 26 39 92 19 23 28 47  4 30 22 15 17 43 27 83 75 75 13 66 
62 18 13 70 67 46 71 69 69 43 93 77 27  7 91 80 40 47  6 95 
60 98 85 55 89 54 23 80 55 50 95 82 82 41 22 84 53 33 90  1 
58 58 43 70 34 93 31  6 76 47 70 29 11 27 86 49 34 58  9 48 
74 65 46 17 75 66  8 89 48 18 47 50 47 22 86 38 45 69 30 19 
25 60 73 32 61 34 19 11  3 59 97 62 81 46  3 42 53 25 28 14 
73 38 54 43 33 97 69 19 17 32 97 10 60 85 62 87 88  4 90 25 
44 86  7  3 42 20  8 64 65 13  2 19 56  5 57 52 61 30  3  6 
31 53 56 61 59 30 46 84 89  4 10 65 46 45 70 55 25  1  2 63 
47 31 71 67 31 95 23 34 44 80 72  8 65 94  7  7  9 50 56 57 
10 39 53 68 78 99  5 68 23 32 98 90 73 26 21 90 47 31 54 60 
36 73 42 67 28 17 58 22 80 86  7 56 60 58 53 69 87 59 55 49 
17 48 78 31 40  7 39 36  6 86 17 38 82 64 94 19 73 60 80 16 
27 80 77 83 36 11 80  2 11 63 61 11 69 91 15 10 17 56 32  3 
56 49 69 96 58 94 23 73 63 92  2 53 82 63 30 51 67 81 78 92 
29 72 34 59 45 17 49 75 36 22 19 59 66 93 84 24 10 35 17 26 
17 41 57 74 32 40 92 75 83 73 100  4 33 55 61 21 12 71 66 92 
 3 79 48 55 41  2 45 40 79 82 14 97  1 19 51 91 46 19 95  1 
64 64 74 15 79 86 41 47 18 23 58 42 34 48 36 46 83 12 93 24 
100 82 40 93 47 42 93 56  3 98 45 96 78 61 47  9 39 34 99 15 
55 39 79 27 85 79 17 69 22 86 49 95 37 11 85 59 40 80 62 93 
12  2 35 98 30 27 99 17  8 96 56 39  3 46 22 61 83 23 52 30 
92 99  2 16 76 26 45 56  1 59  1 49 40 90 75  3 80 64 73 72 
48 92 33 33 43 25 71 23 27 18  6 29 49 40 35 24 33 52 19 67 
41 92 69 61 78  9 57 50 43 35 19 76 29 81 34  5 35 24 12 80 
10  1 78 94 27 79  9 77  8 99 42 30 16 15 75 49 64 81 42 40 
87 23  5 42 62 86 26 82 32 36 30 97 68  4 82 22  5 48 27 43 
98 86 75 52 56 29 24 12  2 86 39 67 19 20 14 16  2  3 41 63 
25 69 45 92  7 38 89 37 43 22 59 60 38 63 70  3 21  8 54 92 
19 11 42  7 76 29  9 35 29 38 88 39 83 63 36 59 65 52 18 61 
28  8  3 74 66 44 11 70 93 21 42 95 27  3 29  4 30 49 47 21 
81  8 88 11 47 66 35 11 79 32 18 87 66 73 19 69 79 22 36 75 
52  2  7 68  1 47  6 100 97 53 22 95 46 28 81 22 72 15 45 100 
51 86 44 43 32 22 91 52 18 63 75 67 54 71 84 55 91 95 97 32 
86 45 97 80 33 47 43 14 72 54  7 22  7 99 98  9 41 88 50 36 
