5 50
12 28 84 81 88 
 3  8 81 55 74 
65 39 40 83 91 
98 54 98 59 27 
49 27 85 21 64 
76 45 79 20 23 
98 67 79 23 50 
30 21 55 45 100 
71 89 37 85  1 
65 85 95 27 32 
20 64  8 17 38 
 3 44 38 98 40 
89 91  3 28 69 
 8 70 42 61 69 
74 19 13 87 55 
98 74  8 34 96 
56 75 19 34 89 
48 55 26 45 85 
98 92 35 88 34 
65 72 30 13 39 
98 89 99 40 42 
74 19 15 70 43 
59 39  9 80 16 
87 57 17 44 50 
 6 44 94 87 46 
77 71 40  5 47 
60 30 54 63 60 
37 84 38 77 19 
43 87 41 52 50 
24 92  6 80 25 
 9 80 15 13 48 
47 27 11 93 93 
16  5 78 85 73 
31 85 91 25 22 
46 42 69 19 61 
81 66  9 81 68 
 1 29 88 58 100 
 1 57 27 61 78 
 5 63 54 44 85 
22 64 59  2 38 
70 68 98 97 27 
87 10 98 94  9 
82 80 23 41 94 
28 57 36 26 48 
31 36 89 70 15 
47 92 68 54 30 
30 19 11 61 40 
73 30 89  3 43 
84 100 40  1 28 
22 92 86 74 89 
