20 50
58 25 87 91 81 57 45 95 49 45 40 82 84 27 18  9 17 70 88  9 
58 73  1 84 14 57 54 77 69 11 70 77 38 87 62 83 69 15 95 93 
74 73 60 42 54 59 64 98 36  9 25  5 40 73 97 65 59  7 12 64 
91 24 34  4 83 10 95 11  8 23 71 45 65 84 83 42 64 83 69 93 
65  9 25 70 46 27 18 87 79 66 67  3 23 99 80 13 51 42 81 99 
84 40 11  8 57 98 22 59 75 62 86 23 97 80 31 77 54 27 16 67 
71 48 86 62 41 33 85  8 100 91 41 12 95 51 98 10  9  5 95 74 
81 45 91 20 21 64 97 75  2  2 93 70 99 16 86 56 67 15 49 47 
 4 13 32 46 15 54  6 50 64 98 97 57 18 49  8 37 82 21  7 61 
60 60 100 64  5  8 32 74 55  6 15  4 36 22 44 33 50 58 50 100 
53 65 50 63 96 13 66  2 43 24  9 40 19 72 62  3 38 93 50 29 
25 54 12 43 43 54 16  7 57 78  6 73 57 22  5 41 38 47 72 96 
42 53 17 82 41 75 26 48 73 73 14 11 64 83 15 80  7 75 15 15 
34  5 83 65 28 34 68 26 24 70 66 41 31 31 53 30 28 100 80 67 
24 69 91 50 60  4 28 26 85 43 57 25 20 20 47 14 77 72 70 47 
 1  3 68 38 66 58 28 12  1 14 38 40 28 64 21 71 29 11 84 79 
95  8 99 55 45 68 62 92 17 96  7 85 98  4 71 47 66 91 16 91 
92 21 96 43 66 30 89 94 80  5 48 48 11 91 52  9 48  4 67 37 
32 95  3 40 54 85 20 29 91 19  1 11 42 47 33 21 31 87 62 86 
96 11 11 25 47 78 36 59 65 52 27 75 42  9  6 58 65 25 32 33 
87  9  2 44 43 21 53 49 95 75 74 64 13 50 45 45 30  5 28 79 
37 68 96 82 60  8 76 18 61 25 97 38 77 97 93 36 67 97 94  8 
 1 24 69 25 60 94 86 62 23 93 19 21 79 47 25  1 71 92 75 40 
80 12 56 94 37 45  4 97 95 49 61  5 82 55 50 38 68 95 16 54 
39 45 58 98 93 97 11 60 31 77 46 60 13 23 38 83 35 35 72 18 
100 83 27 87 11 52 56 31 70 14 59 55 36 73 34  1 23 12 60 25 
80 60 69 81 87 87 98 21 62 90 88 53 34 42 51 42 71 17 15 23 
47 37 45 33 73 47 27 77 54 29 88 16 84 88 40  9 88 76 18 39 
22 29 47 93 76 88 76 50 43 71 31 16 47 39 78 31 39 99 100 64 
26 68 88 21 100 87 49 48 60 47 69 78 75 52 83 33 10 43 74 37 
25 33 72 31 14  9 78 60 68 36 27 45 24 86 78 84 12 19 49 37 
77 98 85 79 90 66 98 68 96 49 93 78 82 96 52 45 75  3 66 27 
36 72 57 86 67 41 98 98 39 52 76 73 77 99 24 43 17 12 81 68 
88 99 58 27 10 100 49 64 79 97 69 45  8 41 42  9 22 88 74 12 
28 66 51 41 36  2 70 47 48 55 94 36 25 57 16 73 100 83 39 56 
46 15 97 92 84 71 31 54 60 93 54  3 29 88  9 88 66 15 20 81 
77 13 54  1 88 92 79 87 98 33 99 46 15 39 77 33 18 79 71 17 
86 18 63 30 87 71 100 11 65  8 49 68 76 79  8 45 15  2 39 45 
75 51 74 75 50 34 99 44 89 60 56 54 26 71 40  4 87 37 63  7 
43 38  1 31 12  5 77 22 70 62 40 98 29 85 98 28 37  4 75 89 
30 95 41 85 51 58 43 46 86 27 30 76 27 14  4 85  5 85 73  4 
34 81 42 28 11 41 30 66 42 64 49 86 72 25 79 11  2 34 59 48 
29 67 13 34 88 18  1 26 47 82 44 76 14 41 95 77 51 65 32 39 
 5 29 88  3 56 39  1 27  9 23 56 95 67 55 32 89 34 69 38 58 
45  7 45 83 56 88 25 28 72 97 77 14 68  3 71 25 94 90 88 72 
81 56 87 60 59 96 49 70 62 97 72 84 69 100 75 26 83 60 87 84 
 1  5 66 82 64  9 65 55 34 55 76 65 67 100 77  5  1 86 64 41 
 9 59 85 66 10  8 31 55 65 22 90 25 49  3 50 75 80 73 78  7 
87 48 28 72 85 49 98 62 65 35 87 19 88 64  7 13 27 78 41 68 
66 49 86 47 44 80 32 29 17 61 60  1 45 36 85 69 69 44 44 51 
