10 200
 4 71 10 73 99 57 56 100 65  9 
64 66 11 69 97 44 51  3 26  6 
24 56 58 68 21 49 30 28  8 17 
 8 51  1 100 79 81 64 87 94 58 
65 54 69 52 43 12 79 81 53 36 
54 35 70 57 41 59 40 21 74 89 
29 58 29 69 21 44 41 31 90 40 
56  6 34 92 68 84 78 69 53 81 
48  1 70 90 74 55 20 12 58  5 
72 36 91 64 57 30 79  1 77 18 
36 39 15 49 54  7 29 28 71 47 
33 76 74 77 19 56 28 16 80 82 
56 71 98 64 82 33 38 92 51 60 
29 84 18 72 52 41 89 44 82 44 
20 24 71 91 93 71 88 40  8 46 
95 29 97 77 90 43 77 16 60 89 
47  3 18 68  8 69  2 93 42 29 
95 34  6 91  9 54 38 88 82 64 
72 45 33 21 17 52 98 10 51 58 
43  5 50 38 95 45 50 11 66 41 
 5 93 54 21 93 98 60 19 90 96 
13 67 79 91  2 94 76 61 25 33 
60 36 46 48 59 62 44 29 87 55 
70 35  1 27  6  2 45 86 74 38 
64 95 88 63 78 86 67 74 86 80 
35 91 59 20 60 76 22  6 92 77 
63 37 89 42 29 71  8  9 28 87 
 2 89 35 14 88 89  9 55 46 57 
64 23 60 99 56 19 55 53  4 35 
40  1 63 37 75 74 93 10 88 95 
16  4 72 26 70 95 47 56 80 91 
41 29 31 88 100 18 31 96 92  2 
17 74 45 20 54  1 89 95 19 30 
10 87  2 16 100 63 53 68 14 80 
29 73 76 22  4 23 65 74 70  8 
17 11 63 40 98 72  4 20  5 58 
25 13 11 94  3 71 25 37 98 37 
90 35 70 52 96 25 44 45 40 57 
36 84 66  5 72 55 74 43 68 50 
34 60 23 64 92 68  3 15 48 40 
34 68 32 18 48 29 16 98 31 29 
34 36 18  8 46 36  2 80 61 67 
12 75 85 96 81 33 93  6 92 100 
89 90 89 75 26 61 80 93 10 13 
100 58 63 95 37  8 71 86 78 31 
68 48 83 73 60 84 100 25 86 45 
25 38 65  1 72 43 57 44 88 28 
59 68 72 65 34 52 82 88 69 81 
 5 47 46 93 94 20 66 97 49 53 
94 28 52 66 63 37 25 97 96  9 
11 55 20 61 93 34 36  4 31 76 
22 71 66 27 46 42 45 97 58 83 
80 69 21 91 83 70 46 88 48 100 
15 34  8 80  3 49 65 28 17 90 
68 64 96 32 45 98 56 23 85 29 
 4  8 46 48 96 62  6 66 97 52 
96 23 31 36 23 66 77  5 90 15 
71 11 28 43 28 88 33 87 28 80 
28 11 58 51 79 35 17 39 81 25 
96 74 33 79 19 98 32  7 99 18 
33 92 28 52 60 76  1 49 29 34 
34 44 95 86 55 43 45 90 76 40 
80 60 95 33  8 48 57  2 41  2 
39 87 53 33 86 55 14 50  3 64 
95 75 47  4 48 14 72 44 31 41 
11 73 25 43 94 83 56 37 58 46 
32  7 57 88 49 98 100 40  2 48 
32 98 78 87 47 87 84 30  3 43 
99 16 26 47 33 55 45 43  5 93 
10 52 55 76  7 85 83 85 63 62 
92 47 10 10 39 73 30 19 66 70 
92 58 70 62 28  4 21 51 52 38 
36 88  5 79 29  2 80 60 40 12 
57 40 31 35 83 83 19 35 10 22 
46 33 80 85 93 97 62 66 100 24 
36 23 19 68 12 77  2 41 72 100 
84 19 92  2 80 47 26  2 28 17 
50 97 85 18 76 33 74 36 23 72 
46 66 17 62 87 61 79 77 70 40 
57 32 32  1 38 98  4 51 69 84 
53 49 38 82 99 67 24 88 79 96 
62 10 19 81 65 75 14 62 92 82 
35 53  7 69 60  1 24 15 28 26 
80 99 69 79  3 47 74 56 65 59 
69 66 24 11 42 14 73 19  3 49 
34 87 14 15 11 75 75 34 92 83 
51 36 16  8 98 50 64 62 89 80 
13 32 41 39 89 72 10 41 46 31 
31 43 74 20 44 17 81 86 48 16 
32 87 65 38 30 38 41 60 93 25 
 6 93 55 42 65 46 33 45 81 45 
71 26 44  9 67 69 35 48 27 79 
83 98 21 11 23 21 53 95 100 61 
68  7 23 50 33 20 72 31 62 28 
36 79 34 29 36 53 93 43 31 71 
49 55 44 60 40  2  5  2 82 20 
18 16 30  7 85 15 31 12 84 69 
30 18 29 99 49 22 46 28 72 40 
46 42 37 80 83 59 82 57 74 79 
90 54 10 36 78 69 64 23 81 40 
95 83 40 99 70 95 59 97 28 11 
47 98 41 98 18 30 69 25 95 76 
58 99 60 13 80  3  3 89 10 35 
57 60 83 82  9 94 97 20 80 31 
96 65 53 56 24  7 16 15 75 80 
67 91 99  9 42 100 64 74 80 51 
95 22  6 47 33 50 11 68 94 10 
45 78 34 65 93 57 68 58 83 79 
50 94 93 18 64 10 47 49 50 90 
95 17 24 87 68 76 82 19 25 46 
100 72 43 85 100 13 68 75 46 42 
16 100 83 10 95 20 17 49 21 78 
37 15 73 42 91 27  6 14  9 76 
 9  3  2 13 48 20 88  5 36 54 
 6 35 79 48 16 66 11 77 21 97 
23 68 66 55 79 77 39 45  3  2 
72 71 56 66  3 42 12 53 38 94 
75 18 39 77 23 35 96 35  6 86 
80  5 97 97 78 11  7 47 45 65 
63 96 60 86 18 44 65 95 16 90 
38 55 40  5 58 70 40 17 20 47 
23 25  1 81 88 74 28 82 55 53 
 3 36 15 39 11 39 84 17 98  1 
52  2 27 30 60 66 81 48 70 67 
11 85 27 67 81 72 27 19 25 38 
72 39 61 37 64 74  9 50 20 22 
62 46 91 71 38 64 18 40 72 96 
59 36 13 56 87 88 40 70 58 79 
45 75 96 42 11 52 51 27 71 66 
67 89  3  2 53 95 69 72 43 25 
 5 91 96 34 69 51 48 59 24 89 
84 76 64 66 74 23 100 93 29 10 
30 56 91 76 86  9 82 62 60 81 
41 99 99 57 31 75  6 50 72 61 
89 41 89 44 28 56 65 45 97 12 
11  9  8 96 90 17 55 88 20 62 
 6 68 14  1 32 75 81 41 16 12 
49  6 37 45 69  5 10 10 73 31 
42  9 27  8  9 68 77 82  8 51 
98 38 63 76 90 45 55 99 23 66 
47 14 11 65 32 30 86 71 30 23 
53 74 52 38 17 100 41 70 32 49 
95 84 81 12  5 15 98 23 82 15 
79 68 53 91 93 90 37 67 39 77 
 4 89 82 25 51 58 100  5 54 77 
 8 17 77 91 39 70 52 39 76 62 
28 51 74 76  3 65 19 62 92 91 
97  4 99 67 98 26 95 75 82 93 
 1 19 33 69  6 94  8  7 89 87 
46 32 89 75 56 54 40  6 62 92 
97 70 31 34 100 67  9 23 81 82 
55 52 50 95 13 87  3 80 97 40 
59 34 38 92 11 67 21 71 96 10 
19 42 38 72 39 52 64 98  3 48 
19 69 24 34 41 56 21 16 88 97 
90 13 11 78  8 61 87 21 95  3 
 3 72 58 22 18 29 80 73 73 54 
87 27 82 42 95 85 55 16  4 34 
22 80 95 15 61 34 59 76 27 50 
28 58 24 62 83 70 10 52 73 57 
46 87 98 73 77 72 36 79  8 30 
27 97  7 63 16 92 21  9 73 53 
21 27 41 68 73 95 56 17  3 15 
83  5 20 24 49 20 67 39 30 26 
12 53 67 60 47 77 96 100 35 21 
15 25  1 20 41 53  4 31 80 50 
15 68 26  6 72 57  6 19 33 97 
 6 73  9 75 59 61 40 37 77 91 
13 49 36 90 77 39 10  7 99 61 
 3 69 20 52 42 79 46 35 95 80 
45 82 62 63 40 76 47 38 89  8 
93 28 73 69 60 58 79 56 44 95 
81 99 75 88 19 44 88 93 12 93 
66 84  8 31 30 58 38 83 83 27 
69  6 37  6 75 21 89 73 17 79 
79  7 29  5 67 80  9 82 37 74 
34 29 60 94  1 92  1 54 43 87 
29 33 92 49 50 44 28 80 43 31 
76 78 17  6 20 98 81 12 99 37 
44 85 12 61 21 30 10 13 73 30 
 8 83 36 78 82 13 50 35 42 15 
76 100 56 78 11 24 11  7 98 42 
76 47 62 41 80 95 74 90  1 15 
 6 58 53 28 40 14  1 54 62  7 
71 100 57 64 77 75 44 45 21 16 
77 21 78 17 85 53 59 91 81  5 
45  8 32 11 81 36 69 72  1 45 
88 90 57 74 28 75 90  6 40 77 
 7 65 28 37 21 39 49 93 46 16 
38 86 18  7 76 10 32 55 83 94 
41 47 32 100 64 89 87 47 28 27 
19 13 21 32 28 72 49 27 60 64 
73 56 94  6 94 12 94 24 22 15 
 6 30 91  5 26 66 33 38 10 34 
41 96 56 45 12 79  3 94 55 19 
34 65 97 57 91 61  2 49 82 21 
11 19 82 67 94 30 50 27 34 50 
67 16 58 60 50 82  1 92 35 89 
52 72 19 45 97 37 15 52 29 82 
36 38 32 71 63  1 83 73 48 88 
