20 200
14 30 26 41 40  9 75 41 73 57 51 64 40 51 19 49 32 70 77 47 
71 41 90  9 59 26 52 78 11 94 13 83 12 71 98 56 39 97 11 38 
98 14 16 44  3 22 60 71 85 49  1 91 66 91 52 46 97  8 49 29 
91 79 66 87 55 25 55 98 92 32 95  2 62 96 20 35 90  7 30 33 
91 29 43 52 18 89 23 66 79 15 41 12 79  7 84  9 31 90 40 86 
86  2 90 67 65 23 61 58 68 92 29 70 31 37 66 90 66 72  8 99 
44 18 54 46 79 72 100 46  1 63 97 95  5 79 96 77  8 97 29 41 
95 22 77 63 15  9  5 71 77 11 92 35 78 34 58 59 55 66 91 53 
60 90  1 56 28 59 33 32 78 43 53 21  3 73 33 55 15 11 62  2 
15 47 37 42 73 28 61  5 38 95 71 22  5 66 73 32 26 85 54 71 
61 18 31 96 81 41 12 67 40 57 81 84 50 24 27 32 76 35 17  1 
73 31  7  4 55 40 69 15 82 58 12 98 87 67 53 71 100 28 55 32 
22 85 80 32 62 48 47 87 11 23 16 73  4 17 100 96 93 72 68 66 
16 45 90 58 47 13 41 92 36 88 18  1 32 57 34 18 17 20 19 60 
 5 55 24 60 15 59 72 78 97 93 50 58 69 13 61 68  4 65 66 99 
86 58 61 61 50 52 32 37 50 47 89 69 64 16 10 75 64 47 57 71 
44 47 49 33 27 29 51 78 86 85 88 95 62 94 95 87 80 30 65 82 
73  7 78 28 42 71 97 44 92 67 85  8  9 71 50 35 97 22 96 25 
 7 29 11 40 30 29 78 61 67 81 27 75 77 13 49 30 82 19 21 39 
77 70 66 55  3 89 69 56 64 30 27 54 10 94 15 13 48 76 29 70 
95 50 12 96 65 100  6 45 61 26 53 56 25 64 29 30 44 69 69 95 
17  9 46 46 57 40 27 58  1  9  2 22 97 24 26 76 47  4 86 66 
36 19  3 19 50 96 69  4 64 12 37 64  5  7 91 91 84 23 52 28 
90 38 14 67 13 10 74 93 91  8 86 69 70 87 63 55 66 42 43 40 
72 19 86 76 30 87  1 42 39 89 63 15  1 72 40 42 32 69 80 56 
 7 61 44  8 66 64 68 29 98 14 21 53 34 89 62 12 44 71 40  5 
11 89 24 79 20 74 83  8 50 33 60 74 28 44 18 25 87 20 89 26 
60 20 82 62 81  2  3 24 96 45 48 20 46 77 51 30 17 23 85 32 
66 89  1 98 32 72 46 26 61 10 88 71  2 99 79 88 86 60 58 51 
 5 45 21 10 60 78 32 11 33 34 11 15 80 37 49 42 38 30 84  1 
82 70  5 13 63 66 91 43 36 29 41 65 41 33 63 82 71 37 75 24 
95 70  4 45 73 43 39 55 63 63 10 74 50 35 75  4 65 59 35 53 
51 89 73 32 56 57 18 75 24 34 11 74 58 15 31 24 25 70 53 17 
90 42 26 94 72  1 92 47 13 80 61 60 58 68 54 59 55 62 64 11 
30 30 24 52 91 74 84 84 14 66 59 72 32 88 81 46 23 62 62 97 
27 44 91  6 87 88 74 63 20 79  1  3 11  3 49 12 14 12 28 86 
56 25  5 23 77 93  1 54 13 58 84 81 23 21  3 91 96 53 20 16 
77 60 74 40 71 81 98 100 54 97 33 77 47 30 91 100 35 47 17 62 
21 87 31 99 35 41 55 93 87  4 42 14 20 64 25 80 93 28 43 28 
53 39 56 23 33 57 26 84 52 11 31  6 68  7  1 35 12 41 60 29 
41 74 67 53 46  5 97 49  6 100 59 43 69 62 70 24  8 65 68 51 
28 87 23 18 13 69 15  4  6 58 65 88 39  3  1 65 84 47 47 39 
52 38 61 77 48  5 74  8 17 59 91 33 52 87  6 25 18 76 19 25 
61 15 11 77 77 67 96 38 27 69  4 32 89 97 57  3 41 60 34 48 
48 73 66 72 50 26 56 39 82 53 69 93 32 53 81 100 29 68 99 25 
41 52 64 18  5 97 43 13 25 20 72 93 53 69 31  9 73 97 64 68 
16 43 17 52  6 50 86 100 53 20 45 100 86 26 21 38 53 49 66 60 
32 31 55 100 31  2 92 81 19 73 29  5 52 10 30  1 83 53 43 59 
93  7 78 20  2 15 35  9 31 68 96 13 71 65 18 67 81 95 90  8 
58 74 78 52  9 47 23 58 31 27 100 12  8 100 86 72 50 62 81 58 
28 50 11 40 99 89 52 68 78 92 63  7 12 56 72 40 83 47 97 77 
51 96  1 90 64 26 58 44  8 14 21 46 44 59 32  3 24 46 49 26 
 8  3 51 14 82 22 85  9 54  9 92 11 85 49  4 22 42 97 38 29 
60 49 56 24 97 26 26 35 20 22 64 43 91 72 18 81 39  3 20 18 
17 18  9 84 57 84 80 11 89 12 70 65 13 96 41 64  1 53 25  2 
95 81  9 24 51 55 86 48 78  7 90  6 35 72 18 87 35 76 46 62 
60 77 13 69 94 16 54 71 17 45 88 67 55 27 17 27 13  5 81 33 
93 30 99 80 96 43 63 62 31 53  6 40 85 67 54 66 52 31 79 63 
93 19 34 88 17 62 57 17 31 23 71 92 69 47 77 44 96 100 17 15 
35 26 41 34 28 80 46 43 90 82 49 92 55 21 24 42 88 93 59 34 
 2 81 88 82  9 28 51  8 83 48 54  9 15 75 79 28 75 33 90 44 
70 17 22 81 60 75 17 77 68  8 58 86 72 74 89 99 35 43 58 77 
40 83 31 52 30 60 23 45  1 75 89  8 44 18 17 45 58 34 72 96 
53 61 73 61 89 21 69 56 78 34 46 34 86 100 71  5 64 54 47 34 
33 36 48 10 79 29 28 24 92 82 39 38  1 52  9 21 97  4 60 49 
53 100 19 18 15 54 39 86 94 91 50 90 46 32 79 80 21 63 35 25 
42 47 22 45 55 22 39  7 31 77 10 75 59 27 42 75 62 47 63 41 
29 59 46 91  1 45 33 60 31 59 57 24 55 61 38  6 32 45  2 55 
24 35 61 55 57 61 26 46 24 11  6 100 81 84 13 10  9 42 71 78 
95 80 86 70 69  9 58 22 66 23 23 33 30 60 25 53 87 58 32  9 
37 47 98 86 30 27 43 17 15 61 92 98 59 47 33  9 58 37 12 75 
87 68 91 82 54 29 57 23 85  9 41 35  7 10 34 75 60 92 72 39 
30 14 60 91  6 33 14 14 33 82 99 73 67 76 77 20 41 98 54 90 
81 85 100 30 98 60 100  8 95 27 50 29 29 44 37 18 80 58 12 88 
35  8 18 56 96 27 50 11 70 70 90 83 37 66 96 83 36 94  1 73 
38 51 72  6 92 97 12  4 66 60 82 89 42 62 68 61 19 47 85 34 
83 70 52 52 18 21 29  6 83 57 56 91 61 45 61 26  1 24  9 12 
89 100 14  3 38 52 95 96 28 88 26 44 81 50 16 46 100 63 69 99 
23 92  8 47 65 87  6 98 36 44  8 50 92 76 26 35 28 49  6 13 
28 65 53 67 27 41 72 87 77 87 20 52 31 48 23 69 71 37 43 37 
36 46 25 29 44 33  4 13 56 31 58  4 72 19 29 80 24 27 28 78 
23 55 42 74 92  6 50  3 50 59 20 42 10 96 12 90 75 52 95 60 
57 27 35 23 59 30 74 94 91 76 22 84 56 60 26 59 87 92 87 80 
23 92 27 37 98 50 35 10 74 100 73 76 51 18 50  3 12 40 58 60 
99 19 90 55 78 70  1 56 13 59 25 95 15 86  3 45 17 54 38 68 
47 33 86 37 49 48 10  3 66 77  2 74  1 60 83 25 68 95 78 80 
16 31 26  4 63 43 31 55 38 69 92 85  4 23 81 21 40 76 95 20 
53 80 38 26 77 73 78 51 97 73 37 100 47 76 91 88 21 74 57 85 
32 89 54 75 26 85 44 97 90 96 29 89 51 49 44 55 36 42 97 83 
95 59 26 41 46  6 15 26 75  1 18 23 68  6 16 28 96 82 42 89 
96 83  4 24 69 80 96 94 17 37  9 87 70 11 10 69 83 73 13 48 
67 86 79 18  1 48 73 74  6  2 30 44 28 46 11  3 45 25 14 75 
82 20 29 63 63  2 38 38 81 68 10 71  5 42 24 64 72 79 25 50 
82 50 94 94 95 51 93 89 12 88  6 14 65 10 98 95  9 38 80 13 
63 90 24 57 18 90 30  4 76 26 92 23 39 81 95 84 25 36 40 44 
82 65  5 71 78 79  2 28 14 76  9 30 89 58 92 63 74 11 42 90 
28 30 42 32 14  3 42 50 45 85 39 34 33  9 27 23 66  8 35  4 
65 100 91 42 97 22 67 44 46 63 23 71 29 78 58 73 65 92 48 15 
42 80 13 75 71 72 55 39 83 39 86 34 44 98 47 25 55 14 68 22 
88 49 98 86 69 35 49 13  9 80 59 23 69 69 32 97 19 84 32 36 
51 40 47 29 39 46 30 96 20 17 99  1 69 72 71 44 20 38 48 62 
10 85 33 65 63 91 70 76 77  3 79 25 93 29 65 17 35 61 52  5 
16 92 21 48  2 18 42 12 98 36 15  9 12 68 83 46 43 35 53 56 
13 34 42 52 32 83  7 86 38  9 96 62 61 53 82 31 28 85 13 28 
45 96 46 65 28 64 57 93 19 44 77 69 78 81 33 12 88 28  5 96 
 6 17 76 63 63 74 62  2 98 22 31 72 35 94 93 17 46 79 25 75 
66 56 17 40 44 83  9 63 90  3 52 10 83 64 67 37 96  8 79 39 
29 33 45 14 64 77 70 64 25 87 71 15 95 82 93  5 22 65 97 38 
91 58 59 44 90 39 43 34 52 68 97 41 52 25 15 59 67 65 46 93 
92  5 76 93 91 34 58 51 59 90 73 12 89 20 26 70 67  8 16 38 
95 95 36 100 36 11 79 53 12 69 33 36 29  1 93 86 61  6 83 96 
52 73 36 41 92 38  4 25 29 11 23 42 93 56 28 84 80 86  9 23 
20 93 21 64  3 59 27  8 24 98 41 55 94  3 28  3 79 91 88 30 
97  5 53 19 88 73 39 44  7 72 99 21 55 40 58  8 39 39 42  5 
29 67 30 28 34 99 14 72 26 25 52 70  8 41  4 73 14 14 63 32 
34 13  5 22 72 23  9  8 66 28 71 59 72 53  2 94 62 52 48  2 
73 39 43 76 82  1 31 94 12 51 41 30 91  8  7 18 50 27  7 22 
76 96 65 61 16 98 89 16 42 54 80 64 19 14 82 70 83  4 81 89 
12  1 43 63 84 62 44 77 12 70 54 28 19 79 14 88 94 56 72 40 
 5 89 44 67 94 66 73 28 36 73 41 20 100 11 82 76 86 93 72 53 
64 63 84 41 14 34 76 34 66 75 26 16 73  4  6 32 92  1 29 34 
64  2 91 59 97 23 13 64 21  4 54 13  6 41 22 45 99  4 12 71 
54 92 48 37 17 53 22 98 80 82 63 20 74 56 33 17 11 86 39  7 
16 22 29 15 19 23 16 22 26 30 59 63 50 44 93 80 14 19 90 75 
37 100 33 83  6 54 84 45 95 32 94 10 30 20 31 11 53 92 39 55 
91 94 17 60 74 93 72 44 78 77 56 41 31 65 96 98 58 53 19 72 
85 18 65 69 24 99 88 35 42 45 55 50 28 80 77 79 24 80 68 11 
96 63 95 84 32 25 80 90 29 91 100 12 45 98 12 75  9 47 63 40 
14 60  3 12 82 67 73 19 25 78 90 31 20 33 53 72 47 65 74 29 
98  9 82 16 77 66 85 61 55 90 33 99 89 48 45 71 42 62 58 61 
55 66 92 21 97 22 35 12 46 56  6  2 88 14 61 44 79 99 31 40 
26 26 65 67 32 49 16 58 84 67 23 73 88 42 29 58 39 23 14 42 
63 42 59 75 58 19 21 64 24 39 19 11  2 99 95 40 92 47 37 79 
30 52 81 39 16 42  4 22 73 58 77  6 26 19 42 46 57 83 67 12 
68 57 18 71 97 60 40 16 89 10 86 38 21 100 96 62 77 87 100 60 
36 78 99 15 55 50 58 78 27 19 96 28 26 16 43 99 68 63 72 99 
95 61 12  3  9 46 72 82 23 39 99 32 32  7 95 18 91 27 73 84 
56 94 63 21 78 65  7 33 51 70 58 42 21 39  2 30 29 62 62  3 
95 54 39 83 18 88  4 15 66 76 47 98  2  2 27 53 25 49 23 62 
12 75 97 57 60 27 89 64 26 83 39 25 72 12 30 54 42  1 79 52 
33 96 35 42 21  7  6 76  2 57  7 64 66 94 22 17 68 33 33 37 
69 94 47 68 66 69 46 16 68 65 90 25 27 80 72 44 97 72 37 49 
48 59 10 97 50 16 33 34 57 54 88 10  4 30 69 34 96 93  4  7 
 5 44 90 47 71 99 17 49 65 36 47 95 58 43 67 62  5 95 75 57 
75 68 24 58 58 62  5 14 93 48 37 11  9 21 27 95 30 53 70 23 
21  6 94  4 93 65  1 82 73 41  6 34 15 55 34 86 57 59 34 81 
 4 62 65 42 40 35 69 76 44 88 26 75 87 22 100 70 36  7 61 100 
100 54 98 65 27 46  9 34 31 60 69 26 99 56 74 97 82 16 59 93 
57 45 54 40 41 44 94 18 61 89 40 49 97 72 40 52 68 47 70 24 
51 87 53 94 85 41 49 55 27 46 49  4 40 71 75 91 43 33 96 43 
45  9 100 44 82 100 75 82 47 72 72 56  2 66 98 13 60 23 87 14 
97  4  3 54  6 31 48 90 11 81 27 76 91 50 68 54 71 98 80 47 
88 58 50 91 73 83  6 26 52 100 81 40 42 94 80 39  8 96 65 73 
78 35 23 77 91 30 28 47  3 100 59 78 21 41 70 84  6 35 20 93 
72 91 78 12 52 82 87 94 18 28 70 89 67 25 83 36 55 64 44 60 
53 88 76 47 88 99 44 47 23 65  1 59 37 27 15 58 86 22 42 32 
 5 80 60 48  9 59 65 100 18 96 95 78 94  8 87 78 19 64 24 32 
84 76 98  9 19 11 44  7 52 83 40 28 56 99 86 20  2  7 45 77 
54 81 40 77 21 97 86 81 13 46 69 28 51  1 83 48 95 90 50 12 
94 60 87  6 12  7 30 99 31 96 58 79 83  7 47 39 54 24 54 51 
35 60 96 14 44 87 30  3 31 55 69  3 32  8 80 81  3 47 94 97 
 2 84  3 39 32 36 35 79 70 42 38 77 40 58 39 56 65 39 26 11 
54 31 96 17 96 17  3 42 92 15 73 73 100 28 60 91 43 84 46 25 
40  4 33 12 49 74 47 54 26 62 42 55  5 60 43 89 24 96 50 63 
69 54 66  6 72 55  3 17 63 82 17 42 57 22 13 54 70 53 33 27 
 5 35  7  4 45 79 76 77 69  5 63 75 48 11  4 82 42 31 67 32 
46 55 88  4 14 54 20 42 17  4 12 91 60 38 81 63 41 89 38 97 
78  6 45 11 48 87 85 76 45 34 85 59  8 60 86 35 40 25 51 42 
30 64 54 42 80 85 54 52 79 59 88 59 94 34 84 89 12 27 13 76 
21  5 19 34 63 54 95  6  9  8 87  9 24 26 98 24 62 71 51 22 
39  2 27 11 29 72 10 23 53  4 97 73 32  7 11 87  5 53 13  2 
25 94 73 84  2 98 68 98 55 42 96 49 83 80 84  7 29 56 54 28 
 1 75 98 43 77 60 52  8 79 67 41 19 21 70 25 26 57 77 49 72 
13 90 43 13 60 43 98 75 64 89 88 90 90 85 68 10 49 50 65 100 
46 91 59 36 98 26 99 74 38 79 98 44 65 93 37 84 92 86 99 87 
 4 75 70 79 68  4  3 89 66 37 26 47 24 16 70 21 87 70 70 66 
99 74 86  6 72 90 74 98  1 54 66 79 76 20 30 30 50 38 31 22 
 2 93 47 16 80 36 34 55 79  5 73 11 51 24 30 52 31 64 78 72 
 1 27 96 38 28 66 88 22 26 90 97 76 99 40 13 63 65 69 81 45 
 5 47  4 86 53 71 75 17 91 66 25 53 80 38  8 95 57 53 31 42 
73  6 81 94 10 39 40 91 86 16 53  3 85 35 77 61 69 72 18 80 
46 37 94 36 86 33 48 19  2 99 50 11 73 15  9 96 41 20 34 80 
60 28 16 24 10 89 20  7 34 79  9 77 67  9 72 66 34 39 89 29 
59 79 29 62 30 85  2 38 65 78 59 24 88 35 78 71 42 88 18 69 
78  2 24 92 69 12 41 17 17 88 18 13 21 81  5 35 49 63 77 87 
 6 89 96 34 94 85 90 70 35 53 36 43 65  2 10  5 12 73 71 34 
64 99 68  2  6 29 20  7  5 33 63 94 90 57  3 91  2 83 75 39 
58 93 34 39 64 20 25 14 80 45 41 84 81 63 85 84 45 79 10  9 
50 66 99 49 70 84 56 77 28 36 10 65 59 71 37 20 85 57 11 83 
46 26  1 87 19 62 85 63 68 24 86 75 26 92 10 42 12 87 23 53 
22 30 45 27 33 60 79 98  8 88 78 71  2 66 52 99 32 68 43 55 
68 59  9 46 39 72 19 47 81 55 47 28 19 52 57 95 78 91 33 40 
10 27 69 34 81 98 15 88  8  7 57 29 12 24  4  1 77 79 10 33 
32 32 50 13 38 42 82 92 12 73 61 48 83  9 27 12 53 21 78 95 
 1 20  8 71 85 79 94 42  1 44 13 77 85 42 94 14 100 33 87 67 
12 45 39 69 42 88 65 35 56 58 21 47 91 37 11 85 89 56 56 46 
43 32 47  3 13 33  4 14 64 44 79 67 65 69  3 71 84 14 40 92 
70  4 84 20 42 51 15 28 24 94 24  7 45 18 15 17 51 100 48 15 
20 48 20 17 75 12  5 79 40  5 71 71 43  3 90 79  6 100 32 42 
10 75 29 84 79 60 96 76  3 38 15 56 62 65 91  2 33 81 48 97 
