10 200
27 79 14 79 84 31 89 79 32 58 
35 46 66 89 20 27 22 36 66 77 
12 22 64  1 13 74 92 72 64 11 
97 68 88 19 18 45 54 44 100 66 
78 29 30 25 77  4 41 53 43 49 
 1 26 22 28 58 42 86 33 89 35 
65 83 42 100 89 57 70 21 53 52 
69 10 81 90 84 39 21 63 98 46 
24 97 96 82 68 67 42 93 44 58 
40 18 26 25 65 93 23 69 76 19 
68 37 73 99  4 49 74 88 18 90 
18 77 96 78 36 18 50 22 86 33 
99 92  1 51 77 30 21 57 62 80 
76 73 34 72 52 63 62 67 58 29 
42 45 33 52 58 85 25 60 66 64 
82 72 34 17 99 28 48 72 87 68 
89 50 88 20 100 59 44 41 74 83 
 1 41 41 12  1 57 32 70  7 40 
85 44 63 48 13  8  5 38 38 50 
19 63 31 59 74 55 95 44  6 53 
71 60 19 50 19 63 57 60 37 68 
22 37 93 14 24 97 74  5  2 37 
74 76 81 65 88 16 58 53 24  1 
94 19 62 59 76  9 16 13 90 28 
93 75 15 68 44 70  1  4 54 66 
93 53 18 29 62 12 91 29 90 87 
61 19 100 43 39 43 54 89 83 53 
35 43 72 19  8 49 56 100 73 16 
 3 83 51 63  5 34 13 64 69 19 
 6 24 74 63 31 13 73 56 31 74 
11 42  3 68 78 39 85 65 38 54 
37 40  4 45 65 38 57 47 24  5 
85 22 43  9  1 25 52 25 42 59 
76 97 30 60 22 12 68 99 65 10 
90 80 14 30 87 38 64 72 18 57 
58 90 64 58 26 90 43 99  4 89 
87 70  8 10 87 80 57 18 92 97 
29 18 77 61 28 93 74 50  9 33 
61 97 31  2 78 50 26 91 68 69 
61 20  3 39 55 89 54 85 76 20 
43 71 10 54 71 99 79 46 45  5 
88 91 67 66  1 54 44 98 19 92 
81 90  2 62 62 79 81 23  7 61 
29 66 98  2 72 41 34 99 46 53 
50 43 85 77 98 57 38 37 25 24 
94 11 12 34 70 14 70 76 72 78 
88 38 12 88 45 38 66 51 39 57 
 7 49 33 70 70 81 50 56 33 60 
 5 21  2 25 100 42 18 83 26 24 
24 75 43 53 60 32 41 31 57 64 
10 11 89  3 52 85 93 100 11  5 
84 61 50 20 33 43 14 32  6 64 
98 51  7 99 91 16 89 44 67 48 
27 74 79 14 70 19 46  9 59 29 
 5 58 74 73 75 19 99 90 47 13 
48 15 47  9 25 44 69 85 26 60 
34 91  9 87 56 59 14 26  4 88 
42 29 28 25 86 64 56 46 87 78 
94 54 90 32 51  9 93 93 95 100 
 5 94 40 46 43 85 28 62 33 56 
11 18 69 51 52 35 91 18 72 49 
40 48 46 69 46 78 26 16 68 68 
51 29 51 81 10 40 75 57 72 85 
18 65 69 40 97 13 87 36 25 44 
84 80 91 17 87 28 29 73  8 36 
47 15 52 52 79 88 19  6 19  3 
50 92 22 99 27 47 88  5 13 26 
 9 72 36 77 87 22 65 14 69 87 
59 60 17 28 89 50 21  7 30 11 
50 62 42 11 33 79 27 40 26 55 
63 42 39  2 14 89 41 63 18 96 
33 14 19 62 84 42  3 36 87 11 
77 59 69 33 90 91 51  4 75 55 
42 69 24 95 28 91 56 37 50 73 
54  6 62 80 75 75 21 61 91 36 
20 25 15 18 29 34 84  6 33 16 
63 50 47 39 39 50 30 44 82  8 
73 32 46 85 76 74 86 41  6 99 
52 15 100 93 68 15 98 10 95  7 
83 15 49  8 53 54 80 79 68 86 
44 16 26 54 15 47 22  1  4 53 
80 93 20 38 68 78 55 71 35 48 
55 67 76 56 97 51 31 80 52 100 
81  1 62 99 74 10  1 43 51  8 
 1 54 19 28 11 58 94 47 46  5 
77 78  7 86 22 83 78  7 37 19 
77 48 15 13 45  8 68 70 83 10 
42 62 31 46 28 40 83 55 88 64 
55 76 61 73 75 80 16 66 39 78 
72 95 48 61 21 39 69 86 64 27 
66 29 92 24 11 67 76 55 100 76 
84 34 96 78 84 31 94 55 43 81 
45 75 57 16 69 59 47 38 74 65 
87  1 47 75 87  2 43 93 57 64 
88 52  4 44 71 76 74 90 52 91 
86 16 58 97 71 76  9 16 29 42 
61 18 24 16 95  1 91 72 51 45 
29 64 23 51  6 100 98 25 92 39 
84 19 34 22 81 81 13 29 46 67 
34 16  9 61 74 94 18 28 99 31 
55  4 86 90 73 13 78 80 10 61 
49 89 38 89 99 70 59 56 26 18 
58 82 47 60 49 63 89 72 32 28 
 2  4 88 75 60 36 65 94 21 54 
45 57 36 21 39 61 70 21 64 67 
14 20 88 90  5 67 76 52 41 19 
69 43 38 39 77 75 82 98  7 36 
20 25  1 88 26 53 95 50 43 43 
56 60 91 35 88 42 15 67 51 40 
25 22 61 94 74 58 23 54  2 16 
44 80 81 25 50 13 24  1 85  8 
34 20 30  5 76 76 36 61 33  8 
72 74 41 72 45 94 14 76 69 90 
 8 47 24 77 78 40 40 82 81 83 
68 95 32 59 66  7 99 85 62 13 
 8 97 51 82 71 36 24 33 24  4 
24 42 20 49 17 27 100 68 23 55 
 5 44 43 38 31 100 61  3  2 45 
40 60 37  5 30 44  8 50 68 75 
46 64 18 40 73 53 40 46 14 10 
54 45 15 71 18 13 27 60  9 19 
90 27 74 20 83 98 48 29  4  5 
97  5 37 82 49 55 91 92 30 64 
 8 15 96 58 43 34 80 12 35 36 
55 96 25 86 76 89 65 61 31 79 
94 14 29 42 85 13 37 91 56 20 
52 33 84 93 93 91 76 65 20 92 
69 15  8 13 83 45 32 29 77  6 
44 43 28 70 17 11 25 81 64 70 
63 48 26 66 29 73 65 67 78 70 
77 25 14 40 90 72 57 83 77 26 
63 57  9 89 36 84  1 60 29 20 
37  3 88 65 42 15 16 73 36 16 
17 74 74 94  4 67 77  9 73 64 
15 42 54 42 36 47 54 21 100 13 
 5 31 82 70 75 36  7 80 77 32 
48 33 100 55 25 39 90 17 13  1 
66 39 77 58 58 18 74 72 29 69 
48 86 31 35  9 56 29 59 44 87 
44 59 19 27 55 55 23 75 75 93 
87  6 63 43 22 72 70 84 84 90 
43 99 98 84 59  5 17 25  8 10 
90 62 97 98  3 40 83 42 19 34 
 4 88 58 51 94  6 70 38 72 21 
10 97 91 98 39  1 56 44 26 18 
45 94 33 97 43 56 57 51 70 39 
97 99 92 16 63 100 39 67  2 96 
32 80 11 12 28 97 40 98 94 27 
100 88 94 60 17 42 39 73 77 63 
33 77 14 56 23  2  8 97 26 36 
20 54  4 19 45 96  4 100 26 28 
53 18  4 10 29 94 73 71 90 96 
78  4  2 71 82 79 11 74  2 87 
64 94 80 60 16 44 29 24 94 80 
25 46 15 48 38 78 83 62 56 95 
72 97 82 38 81 20  5 18 54 97 
83 82 62 20  6 25  5 82 75  3 
100 65 100 78 75  3 26 52 52 17 
71 82 92 67 44 14 23 90 35 43 
21 20 41 69 27 91  4 55  4 52 
68 47 76 48 15 56 99 21 61  1 
96 92  9 81 23 77 76 30 56 63 
60 56 86 93 49 94  5  7 29 54 
89 81 42 15 22 11 50 26 18 89 
35 42 20 33 58 15 72 36 45 79 
73 26 99 38 21 65  8 69 28 40 
64 85  9  1 55 35 36 54 78  6 
69 51 59 38 55  5 31 39 51 90 
13 27 10 94 30 35  2 75 84 30 
54 65 57 40 45  5 99 17 23 91 
82 21 51 62 72 30 48 21  6 49 
29 24 31 69 19 59 61 78 22 55 
99  3 39 75 25 36 81 16 74  1 
27 83 39 32 50  2 89 18 72 30 
56  8 37  3 90  5 34 28 79 60 
36  2 13 52  4 14 17 62 93 38 
68 95 52 46 35 25 68  3 56 30 
83  9 43 63 57 23 18 22 43 15 
14  9 64 78  5 31 44 52 56  1 
40 14 33 55 64 56 67 72 66 60 
73 33 46 14  7 13 23 43 85 15 
30 80  9 96 29  9 37 42 76 69 
32 84 46 69 32 53 94 94 43 65 
51 41 36 67 97 63 67 10 55 99 
58 24 68 95 82 55 78 65 52 41 
53 46 98  8 34 90 68 81 99 13 
 8 41 68 59 13 66 46 55 13 89 
73 21 69 90  4 48  4  2 49 81 
96 91 83 61 17 67 38 40 13 61 
77  8 14 27 10 33 39 73 53 11 
87 50 39 41 34 90 46 93 73 69 
21 15 26 79 86 72 30 68 68 74 
41 25 49 94 72 42 46 99 57 43 
87 65 33 68 70 85 35 36 12 71 
67 40 27 61 62 94  5 38 10  7 
92 30 37 19 98 25 62 40 71 98 
90 69 19 67 20 49 65 10 47  8 
94 66 84 83 87 66 32 50 43 83 
65  5 60 94 22 61 53 53 73 28 
95 16 97 17 62 20 59  3 76  8 
