10 20
22  9 64 21 61 28 58 19 52 51 
48 32  9 74 50 78  2 49 60 49 
68 52 12 15 15 21 100 95 55 80 
71 67  1 52 43 84 42  2 51 100 
 1 95 36 10  2 15 83 81 56 95 
63 18 45 20 41 63 58 40 24 61 
76 87 28 63 78 81 26 39 72 77 
44 33  4 93 64 79 39 23 12 85 
85 100 60 51 99 64 10 81 83 42 
84 75 80 75 50 37 38 79 32 26 
 6 65 40  5 26 94 27 48 24 36 
27 29 98 97 11 62 37 33 36 71 
29  2 87 56 95 46 82 100 76 21 
14 38 61 15 28 85 68 52 65 43 
51 30 76 77 22 17 92 77 78 85 
14 23 39 62 90 75 57 30 54  8 
59 90 87 98 31 18 18 44  1 18 
 3 32 12 24 99 64 30 24  2  4 
54 78 37  8  2 85 25 79 64 32 
82 29  4 20 90 41 21 10 15 89 
