20 50
67 21  4 65 10  7 29 92 31  3 27 40  5  2 53 13 71 98 83 68 
88 67 65 41 71 58 32  5 68 79 28 63 90 83 17 43 91 94 32 36 
45 97  4 28 82  1 97  9 28 81 95 34 98 68 69 99 95 93 32 21 
32 37 17 59 85 53 68 13 39 61 49 12 72 25 89 92 59 58 29 12 
96 61 47 60 76 98 21 83 42 13 62 24 60  8  5  8 77 64  9 49 
73 64 66 43  1 48 53 77 32 38 49 41 80 16 68 67 62 33 92  3 
29 21 67 56 14 71 89 51 47 87 20 11 56 97 61 42 23 60  3  4 
74  8  5 60 46 41 24 21 65 62 55  1 51 25 22 20 62 22 94 89 
84 30 54 48 82  6  5 50 19 50 76 84  7  2 17 93 39 67 22 12 
98 13 37 16 52  6  7 22 84 63 51 21 70  8 73 85 23 98 45  4 
49 95 19 24 53 60 23 54 10 86 75 36 77 23  4  5  6 58 28 19 
81 81 31 21 19 100 89 46 15 25  2 72 58 65 68 31  4 55 69 33 
50 87 71 59 42 23 41 28 53 77 55 11 98 23 94 14 18 75 52 37 
95 15 87 92 54 40 70  3 91 51 91  2 31 27 31 13 31 83 82  7 
88  7 25 27 73  7  1 80 73 98 23 85 32 84 83 64 93 95 79 13 
29 94 26 67 19 54 37 85 76 45 70 45 10 38 86 89 78  1 22 41 
49 53 41 75  2 16 67 32 72 31 39 59 90 64 58 30 25 83 75 54 
17 34 71 39 10 22 12  5 63  3 87 79 69 89 75 99 49 22 34 79 
14 87 98  5 60  1 69 67 17 60 38 78 30 11 63 10 79 47 81 46 
 1 35 15 58 93 79 25  1 57 78 29  3 52 73 100 33 33 10 14 53 
92 49 99 22 45 47 68 86 62 38 47 48 65 73 59 45 40 38  1 96 
28  3 91 50 23  7 81 78 70 30 46 18 46 84 40 71 33  2 63 54 
72 73 46 63 41  2 18 50 22 57 97 42 86 70 70 50 79 35 86 67 
30 64 15  8 65 69 60  3 54 92 87 36 11 42 25 94 27 67 99  5 
86 84 35 86 97 27 29 95 47 49 30 63 12 96 19 95 100 24 88 87 
84 91 73 81 18 42 59 37 87 29 14 63 41 60 87 70 69 14 20 34 
52 29 47 19 38 39 97 82 78  8 97 20 85 65 79 52 92 65 56 53 
56 25 83 46 16 40 63 86 33 78 87 32  3  5 58 93 36 78 57 89 
50 86 74 55 50 67 49  3 60 24 65 57 53  8 87 10 94 41 83 92 
83 100 81 13 86 73 28 28  3 15 42 65 67 69 53 47 32 96 69 81 
46 36 71 17 69 11 14 21 15 73 23 36 65 72 89 19 82 45 61 24 
16  3 21 51 92 73 23 52 42 75 25 11 50 19 73 23 14 19 24 28 
92 14 16 38 92 100 36 74 21 69  9 36 56 55 47 34 55 77 55 86 
50 75 53 91 80 43 45 64  9  8 28 70 89 52 49 17 38 92 86 75 
 5 15 85 72 40 94 65 40 81 63 100 82 21 98 39 47 53 59 98 58 
74  8 56 50 80 72 17 55 35 56 91  1 27 54 38 70 32 47 10 62 
84  3 97 49 54 35 84 48 42 83 59 22 52 64 64 28 25 46 84 87 
 1 53 73 67 99 66 18 69 44 52 10 45 97  7 85  5 28  6 27 25 
93 95 80 15 92 78 79  8 24 41 10 68  8 22 73 25 52 86 10 62 
92 91 94 93  1 64 27 23 12 55 53 23 87 76 47 87 25 52 64  1 
45 80 76 39 48 59 37 63 89 37 46 60  2 99 34 97 22 61 25 75 
 1 60 69 87 24 96 96 71 74  5 46 88 46 12 22 86 44 33 84 14 
52 54 98 95 78 96 52 72 33 84 48 37 29 53  3 93 89 97 51 68 
86 17 60 31  3 44 100 59 65  7 14 13 86  4  8 87 87  4 24 58 
31 73 42 57 44 70 47  2 86 67 31 73 39  4  8 37 84 69 32 56 
15 36 57 45 100 92 53 55 25 44 91 69 25 89 42 92 19 72 78 31 
21 56  8 51 85 30 40 97 66 12 54  9 84 80 88 37 80 54 59 65 
27 100 56 62 54 84 76  3 58 86 33 63 30 11 52  4 59 61 89  9 
64 67 79 58 99  9 47 24 52 87 29 58 16 23 27 23 21 24 73 56 
95 32 53 24 71 54 65 74 24 34 95 40 34 56 23 96 75 14 56 60 
