10 100
30 37 60 45 26 61 60  6 88 49 
46 28 32 11 33 39  9 25 70 27 
55 63 17 34 60 43 36 14 10  1 
23 79 51 16 22 39 52 50 21 90 
44 58  4  4 82 58 35 34 23 74 
99 31 84 46 21 33  4 41 58  6 
14 68  6 91 50 79 52 32 48 80 
52 81 71 12 79  3  3 41 93 71 
74  2 86 92 84 41 12 10 59 11 
30 23 77 52 39 78 93 32 56 76 
27 79 72 62 13  2 64  9 14 67 
 6 51 29 81 78 22 95 42 62 75 
88 45 50 27 73 61 96 85 70 49 
43 18 35 74 45 81 55 80  6 32 
100 100 68 60 12  7 58 18 90 13 
84 44  2 97  6 97 18 14 37 37 
 5 13 70 32 98 26 72 58 10 35 
38 73 27 100 37 42 54 44 99 60 
61 90 17 85 79 90 25  3 16  1 
85 51 96 27 52 70 66 50 15  7 
48 55 100 69 18 51 27 73 53 66 
85 38 79 21  4 97 75 96 54 81 
24 34 26 42 25 23 68 79 29 18 
91 15 87 55 10 90 67 24 76 80 
77 82 95 93  2 25 46 14 65 29 
18 41 46 31 65 95 15 50 52  7 
50 73 44 46 21 53 44 35 67 53 
41 85 47 19 96 27 85 29 87 72 
23 15 77 42 69 93 24 56 27 91 
97 91 79 21 52 98 89 42 96 29 
41 87 87 93 93  4 68 38 86 66 
60 53 23 91 50 70 77 19 84 14 
 7 16 60 85 72 59 11 57 25 28 
52 43 75 75 100 34 22 28 97 84 
58 24 23 50 30 39 80 49 97 72 
 3 52 48 74 49  5 68 11  6 80 
99 11 73 80 40 84  9 20 12  1 
21 32 36 46 80  2 14 24 45 99 
73 29 91 68  5 93 42 82 15 85 
81 100 63 73 42 69 47 77 41 78 
10 54 20  1 86 84 91 63  4 70 
86 44 81 100 58 34 11 63 51 74 
66  1  5 66 72 67 20 84 46 66 
67 19 48 29 100  6 37 42 67 97 
41 21 52 19 88 37 21 85 44 87 
56 67 53 57 24 26 23 12 91 68 
64 87 37 89 27 10 86 18 48 18 
52 93 30 81 70 60 14 94 14  3 
100 61  7 33 20 44 50 47  8 80 
 8 41 27 41 97 65 23  3 31 55 
 2 91 60 90 33 82 12 64 62 17 
23 55  6 62  4 42 81 41 33 30 
26 50 83 64 41 56 64  3 79 98 
63 12 40 44 95 15 78 88  3  7 
73 71 46 28 97 96 67 50 12  9 
43 66  6 51 52 72 12 21 59 27 
24 70 53 75 38 45 43 44 43 92 
94 73 25 79 65 100 40 11 51 74 
56 40 10 37 45 57 14 14 47 79 
17 43 97 12 94 94 71 63 22  3 
78 72 64  8 67 73 63 34 99 13 
78 96 80  7 63 89 99 49 80 23 
27 29 47 40 40 43 59  3 45 87 
42 73 36 59 74 84 75 54  9 65 
16 58 37 60 55 77  2 19  1 72 
27 46 34 38 16  7 88 81 51 59 
51 41 35 20 56 22 73  3 93 93 
34 97 90 32 16 57 41 13 60 38 
62 17 96 57 27 40 59 75 30 31 
17 93 73 80 98  5 26 39 25 30 
44 33 39 86 88 84 27 92  9 65 
47 17 24 83 86 15 52 65 34 47 
62 41  7 74 52 78 79 25 52 42 
30 59 48 49 70 21 58 12 43 83 
20 49 67 17 44 54 45  8 34 48 
77 79 59  4 57 19 87 50 89 32 
32 74 13 53 12 44 51 23 67 37 
99 89 71 27 16 29 98 35 67 16 
90 36 30 24 63 72 27 74 66 59 
17 74  7 31 70 58  7 14 11 76 
43 76 24 26 64 17 86 68 32 34 
65 49 88 94 98 67 76 47 22 31 
73  4 98 23 82 78 86 24 97 20 
19 76 45  4 12 64 71 19  7  8 
57 89 97 37 45 43 49 43 36 10 
24 90 47 43 36 86 47 40 36 31 
86 54 60 43 24 11 40 80 11 72 
 6 83 46 55 33 62 71  1  3 83 
28 58 32 28 10 42 37 26 31 98 
 4 55  9 23 86 99 50 43 47 19 
34 32 58 92 26 80 37 51 89 58 
27 77 78 14  4 98 65 36 94 23 
26 99 46 25 66 39 81 37 33 61 
63 18  9 62 30 82 80 15 99 51 
11 79 95 72 80 73 41 34 20 98 
77 65  6 65  9 39 29 11 50 10 
23 50 56 54 17 37 36 53 15 52 
52 17 37 38 19 60 54 95 41 42 
90 29 53 90 42 48 66 30 55  4 
95 36 64 79 74 99 59 67 17 79 
