10 20
 4 26 60 27 100 70 57 71 26 20 
27 100 98 28 63 56 56 13 22  7 
95 64 85 83 34 21 29 14 16 65 
35 61  5 56  6 46 12 96 32 99 
58 18 43 59 38 11  3 14 46 75 
60 52 56 80 63 27 70 94 35 22 
16 34 73 61 88 44 10 94 90 29 
92  8 52 57 29 16 13 54 53 62 
98 87 77 30 85 36 67 52 68 24 
81 46 17 58 48 23 10 19 82 48 
53 62 99 97 78 59 23 49 63 86 
13 39 91 27 48 11 38 26 13  4 
93 22 20 73 20 53  1 98 38 25 
94 34 38 39 96 95 19 42 53 66 
32 36 94 97 29 86 18  4 17 69 
15 73  8 67 37  9 97 57 79 62 
24  1 87 39 15 62 73 77 67 83 
77 21 19 93 52 28 32 70 68 65 
39 44 71 93  4  1 63 62 37 70 
52 78  7 66 81 46 31 46 18 36 
