10 100
87  8  7 66 35 86 22 63 54 13 
28 22 22 53 25 81  5 27 97 11 
69 79  5 14 83 79  3  6 27 32 
54 14 34 26 21  9 46 40 23 27 
19 18 83  8 82 34 71  9 85 19 
54 39 11 14 82 18 59 60 22 14 
71 60 54 24 59 32 53 74 86 36 
99 26 45 49 17 83 57 23 79 19 
 1 74 55 12 92 93  3 33 80 42 
44 71 23 10 60 61 17 23 93 91 
72 57 67 45 29 26 83 44 10 53 
94 56  3 18 18  3 10 30 78 81 
12 41 17 70  1 11 20 16 63  6 
18  9 88 74 18 52  1 63 39 97 
 7 41 85 83 91 81 88  1 28 69 
11 30 66 70 29 87 13 13 42 18 
16 60 51 84 41 78 73 40 45 55 
47 58 90 86 34 37 33 47 10 38 
100 56 19  3 57 79 61 92 61 78 
67 47 23 58 17 67 29 20 70  9 
82 84 38 60 59 91 66 41 66 81 
63 37 21 12 27 12  3  7 14 17 
75 30  8 41 80 59 89 77 55 45 
34 66 69 88  8 74 36 69 23 54 
41 79 84 84 54 20  3 69 75 74 
20 12  4 87 11 46 45 56 96 85 
58 71 42 52 51 68 44 30 83 22 
11 52 13 80 85 87 32 71 89 56 
49 37  6 27 52 12 11 90 97 50 
79 99 39 96 64 85 63 23 93 86 
94  1 89 20 53 19 54 88 41 24 
 5 57 58 84 37 90 60 85 58 84 
60 98 56 67 41 100 23 14 18 17 
34  4 43  8 99 93 73 12 66 26 
78 51 32 91 31 64 96 77 91 71 
84 31 16 71 33 50 38 66 66 58 
77 59 91 99  9 61 89 33 67 88 
39 25 88 41 12 51 50 68 49 70 
42 70 18 33  3 34 75 16 69 36 
92 28 21 75 77 36 18  5 95 68 
54  5 89 14 31 13 55  7 47 51 
19 54 60  1 41  7 60 47 19 35 
30  5 14 95 71 69 97 60 45 17 
49 84 11 89 15 52  9 96 18 14 
49 94 92 17 63  9  6 19 52 14 
28 13 90 71 93 15 36 35 93  6 
17 58 24  6 81 16 60 26 96 27 
19 48 86  9 92 17 80 76 26 62 
42  3 94 28 13 60 51 16 72 51 
19 83 21 60 36 18 11 78 64 28 
66 74 34 87 24 83 16 42 77 42 
56 54 59  6 43 70 80 31 65 27 
66 24 88 97 75 57 18  2 87 64 
78 23 77  8  4 18 53 48 32 32 
34 100 68 78 13 82 94 22  6 84 
73 82  1 76 59 45 95 40 73 79 
10  3 25 14 79 59 85 82 23 85 
44 40 90 12 83 78  3 89 47  6 
50 26 18 93 48 55  4 17  8 95 
 7 32 20 74 53 10  6 50 46 60 
75 15 80 89 99 58 92 13 14 61 
30 92 100 94 55 80 14 36 72 96 
 1 28 15 70 51 45 10 76 62 47 
67 65 79 89 95 56 27 41 21 96 
56 58 34 90 16 81 35 86 69  9 
28 18 48 14 93 28  3 31 11  3 
61 83  2 40 68 76 56 56 24 25 
83 51 32 59 16 16 37 68 83  8 
14  9 46 74  5 27 90 67 20 81 
53 89 66 10 40 97 53 62 47 67 
30 97 75 87 15 59 73 29 72 75 
34 55  5 45  6 82 25 27 56  9 
 2 35 76 67 73 97 40 71 99 53 
 4 52 60 20 51 60 60 47 99 40 
53 32 88 73  7 55 25 34  5 73 
60 74 48 18 27 76 60 42 16 23 
61 41  6 13 84 41 61 63 75 58 
92 99 19  2 80 52 51 76  6 83 
27 38  7  9 47  6 10 31 85 11 
91 24 74 77 17 91  3 68 24 26 
84 58 81 18 47 89 48 42 55 39 
83 86 13 43 55 18 40 25  6  8 
16 26  8 35  1 37 63 53  4  2 
76 74 38 73 93 62 26  5 74 20 
21 12 13 92 58 27 68 29 83 18 
46 30 49 61 60 24 76 61 44 88 
64 28 48 78 37 49 25 74 24 47 
 5 12 33 49 95 29 32 48 70 29 
14 81 14 51 97 13 12 11 62 53 
61 83 34 95 56 66 32 32 39 52 
90 77 87 36 74 14 80 66 32 45 
52 74 15 98 75 43 83 29 82 29 
79 20 19 99 80 100 15 56 67 58 
23 64 24 89 92 56  1 56 100 36 
23 90 82 36 56  1 39 38 48 66 
99 38  2 96 90 30 92 13 44 94 
31 46  9 90 29 78 20 15 17 24 
55 28  8 95 25 19 51 27 31 72 
67 95  7 18 63 60 57 99 17 62 
17 95 74 14 18 36 29 14 45  1 
