20 20
 8 69 22 99 79 48 18 18 53 70  9 46 60 36 68 46  1 97 63 70 
80 27 65 35 98 70 12 39 99 12  5 46  3 77 39 58 31 98 41 22 
63 49  7 28 67 71 41 10 67 10 69  6 59 92 92 93 69 22 71 18 
51 71 48 61  5 68 69 19 83 69 29 96 58 40 93 73  7 32 56 51 
15 63 98 27 45  9 98  4 29  5 100 47 99 72 28 50 52 91 19 77 
12  2 51 20  4 49 29 85 93 79 30 62 54  6 29 96 65 15 73 80 
88 20 97 66 45 70 27 11 41 53  5 27 46 66 66 19 96 56 67 42 
74  9 63 27 89 90  7 37 33 50 74 24 85 77 54  6  5 37 34 58 
56 97 13 54  2 98 28 70 52 22 18 14 28 29 26 69 21 33 17 27 
 9 74 28  2 13 99 91 97 96 19 95 73 73 41 71  9 27 64 25  9 
14 28 43 40 33 67  4 79 86 21 75 42 60 14 82 99 19 62 14  6 
44 43 89  8 83 88 10 50 55 81 60 44 84 17 62 77 33 96 86 87 
96  4 25 92 37 86 91 58 15 34 61 21 30 28 96 37 87 40 86 60 
98  3 59 12 83 34 77 58 10 19 56 39 76 93 51  8 20 62  9 42 
32 18 21 64 28 58 21  6 69 46 69  1 48 36  9 83 93 50 63 84 
25 92 83 38 16 78 27 46 21 88 61 53 85 63  9 94 47 45 39 55 
42 34 60 30 91 55 13 58 55 92 68 19 67 65 91 56 60 15 10 86 
78 39 23 13 66 37 54 85 42 28 38 14 27 77 95 81 41 100 26 27 
28 19 23 72 51  7 18 70 16 80 86 51  5 95 34 31 81 67 84 41 
19 61  4 38 32 15 77 59 61 17 35  9 16 99 58 99 39 57 33 44 
