10 100
34 63 78 29  6 44 39 67 19 79 
16  9 95 98 26 27 44 37 58 10 
94 83 14 99 67 64 56 23 90 54 
48 40 62 74 64 67  6 66 96 35 
81 58 64 17 23 53  1 59 29 51 
72 46 82  1 75 51 55  3 45 21 
83 34 100 94 67 57 95 63 10 36 
27  2 74 51 11 75 18 29 72 58 
27 48 22 14 18 19 36 78 27 29 
88 24 83 57 46 69 12 63 25 22 
86 61 59 67 32 70  7 34 49 59 
14 74 40 47 92 81 56 91 98 60 
20 46 99  4  1  1 51 82 11 16 
90 65 87 28 12 13 32 84 11 43 
18 42 91  8 41 58 38 78 77 12 
23  7  3 72 86 98 39 52 95 27 
35 93  9 13 73 94 30  6 83 58 
27 63 47 20 34 78 84 73 49 15 
29 85 80 88  5 15 48 83 39 50 
32 57 99 91 49 21 12 69 50 25 
39 77 34 19 84 18 76  2 69 24 
42 12 38 67 95  3 23 13 77 54 
88 86 43 72 26 73 43 56 82  4 
35 10 27 29 93 21 76 15 77 44 
11 81 13 67 25  7 67 89 88 54 
44 41 26  6 57 54 46 80 38 62 
23 35 44 94 41 42 55 19 72 51 
87 58 35 72 61 69 10 63 26 20 
 1 22 40 29 69 74 24 98 30 28 
97 24  9  9 42 42 81 59 48 32 
37 35  3  3 54 17 27 84 100 45 
82 26  1 91 52 27  3 23 43 52 
23 78 91 93  3 44 48 33 47 11 
51 94 44 26 44 28 73 74 74 58 
20 80 51 38 93 99 89 69 63 45 
 8 64 72 53 29 22 22 38 80 56 
62  6 64 44 10 17 66 64 54 55 
36 65 72 99 72 67 82 57 22 50 
12 51 35 73 87 32 51 30 16 65 
 9 65 26 99  8 42 95 89 12 24 
70  6 14 89  9 52 72 29  8  8 
99 48 31 93 92 14 16 76 59 89 
35 86 80 13  4 75 74 69 100 100 
91 22 50 93 39 90 58 90  8 15 
48 99 91 92 63 89 82  8 59 100 
44 69 78 45 62  6 16 79 63 28 
78 30 11 83 86 53 50 37 40 43 
 6 97 47 25 25 96 58 96  5 31 
52 45 55 89 51 24 82 84 21 25 
45 38 48  5 96 36 87 11 51 34 
44 77 60 94 99 66 76 40  2 27 
74 90  6 74 84 27 35 34  4 37 
15  2 46 78 83 50 14 34 20 79 
28 11 94 29 43 80 99 20 60 90 
49 74 87 59 18 88 76 44 70 95 
65 88 36 100 25 50 26 44 76 34 
 2 32  5 34 19 50 37  8 84 61 
37 95 64 38 82  2 50 38 69 67 
88 84 25  6 27 55 89 95 65 25 
50 100 15  9 45 68 58 85 94 95 
69 15 92 38 88 37 36 72 92 65 
13 89 99 19 87 66  6 65 98 38 
34 44 36 49 80 37 40  4 26 29 
24 73 52 27 94 43 16 36 19 75 
69  8 66  5  1 94 46 37  3 66 
25 29 77 68  7 36 25 92 91 11 
45 79  7 42 32 57 90 39 42 39 
84  1 79 30 78 42 92 38 31  3 
60 15 76 84 23  5 45 76 45 94 
50 66 43 72 47 95 62 62 22 73 
73 85 64 98 95 83 56 26 12 82 
19 48 39 48 78  8 92 42 10 15 
83 49  8  1 34 64 92 84 62 51 
58 100 33 33 78 54 87 83 74 97 
19 13 44 88 31 100 16 80 85 37 
18 89 89 31 31 95  5 77 94  7 
47 30 58 87 58 61 51 95 87 31 
15 33 59 25 68 12 86  8 81 79 
52  7 92 83 98 51 54 28 54 76 
18 80 64 61 69  3  1 99 57 28 
85 96 19 78 64 75 14 25 93 90 
99 29 36 81  8 79 26  7  1  9 
32  5 35 48 30 85  6 47  3 18 
84 54 64 100  4  3 34 59 84 80 
 3  8 22 99  3 34 91 72 81 22 
83 91 83 96 99 26 61 61 18 47 
74 77 67 12 48 64 30 91 31 53 
42 97 95 19 95 82 37 54 21 94 
47 59 59  2 61 83 53 87  6 96 
57 39 100 67 30 66 50 91  5 57 
79 28 23 36 60  3 50 52 65 29 
80 66 67 44 32 88 39 61  3 60 
50 87 26 19 98 32 30 44  9 50 
16 95 68 76 33 59 86 94 69  1 
94 31 49 11 79 11 58 66  1 63 
19 83  6 83  7 54  7 77 63 77 
98 24 41 56 54 26 90 53 80 55 
22 49 54 49 31 39 36 91 37 73 
 5 89  6 71 12 43 55 38 77 67 
66 35 66 79 76 35 65 53 41 68 
