20 50
87 84 23 64  4 62 56 34 77 29 41 12 43 50 56 63 77 99 63 87 
63 99  6 92 26 84 66 74 10 69 48  9 27 26 58  6 66 16 52 56 
81 57 96 49 46 39 74 81 67 48 28 98 73 32  6 19  5  5 90 85 
73  2 35 36 50 13 14 36 57 16 32 52 53 43 34 93 10 75 44 58 
31 81  7 40 10 19 98 97 33 67 55 27 57 59 84  4 37 64 77 15 
38 60 95 97 66 25 16 78 75 47 76 79 65 25 93 72 25 88  5 17 
65 48  5 45 47 13 37 93 62 77 52 100 27 26 44 32 21 53 64 75 
22  5 65 31 45 100 23 87 28 45 44 95 52 79 58  8 45 41 60 69 
80 55 53 44 18 37 18 47 40 59 100 66 16 74 82 27 85 90 87  4 
37 79 23 49  8 37 63 55  5 21 39 22 37 90 78 29  6 36 28 84 
11  6 38 12 92 64 32 11 71  3 38  6 81  1 28 59 84 36 37 26 
29 87 33 49 48 53 50 39 24 50 43 69 46 46 21  3 39 15 43 85 
82 36 42 35 54 73 93 22 98 30  9 45 96 30 29 95 86  5 82 56 
41 99 20 85 10 67 73 68 52 58 19 55 73 91 34 80 47 62 72 76 
59 77 20 49  2 99 52 65 79 56 64 70 54 58 27 16 56 35 92 64 
88 65 50 31 66 12 83 47 65 22 47 34 53 38 90 58 65 21 66 84 
44 12 84 90 95 82 73 50 72 85 67 70 65 65 89 20 43 10 74 88 
42 87 76 19 70 26 44  4 79 27 72 46 87 99 92 91 100 34 34 70 
68 74 27  6 64 44 76 38 34 71 29 70 61 96  2 100 37 56 66 29 
44 89 81 31 86 12 38 49 89 93 23 42 98 39 67 34 76 52 42 56 
 8 79  6 91 98 83 43 13 23  8 25 54 81 65 60 45 49 14  2 25 
19 76 94  5 31  8 32  8 88 13  8 60 37 55 49 53 47  8 44 24 
27 33 41 59 68 27 97 56 29 29 19 58 72 68 78 14 42 79 99 58 
25 44 61 41 29 37 23 80 30 56 25 51 84  5 62 100 26 21 19 45 
31 44  1 55 93 62 90 47 53 43 55 18 27 74 35 96 40 48 64 92 
71 17 96  5 13 95 20 77 84 95 71 47 74 95 43 96 59 86 42 56 
18  1 58 71 35 95 37 35 40 55 32 26  4 20 26 14 55 53 69 84 
100 96 12  2  4 41 36 34 74 35 40  4 77 13 51 44 24  8 87 97 
98 51  1 99 62 14 89 61  6 27 26 66 73 78 15 74 13 39 57 68 
33 48 50 84 29 62 86 67 40 72  9 29 14 99 48 71 81 53 22  7 
75 12  4 29 93 86 99 49 29 87 36 92 10 50 49 71 82 92 10 71 
47 14 79 57 84 29 88 30 77 64 37 33 23 58 52 84  5 89 10 67 
83 20  7 28 47  9 96 57 34 82 20 40 21  4  2 24 89 98 14  4 
80 79 60 78 56 22 43 51 52 96 43 44 72 73 47 89 59 58 35 63 
24 56 100 41 90 56 56 68 100 51 57 94 26 49 38 65 100 20 78 89 
28 10 53 15 78  5 78 26 91 87 13 38 75 52 46 57  9 13 76 52 
93 52 75 16 36 47 43 94 30 12 95  9 30 97 21 52 73 78 74 56 
96 25 15 27  3 38 36 28 29 11 86 90 31 27 72 92 46 73 58 47 
93 64 53 29 73 91 70  1 84 88 79 78 40  7 47 61 46 86 90 32 
15 76  6 54 41 54 98 17 44 73 20 31 51 44 72 42 96  5 20 72 
71 40 32 17 32 36  4 98 54 47 99 26 37 52 81 32 46  9 34 66 
81 77  7  3 27 54 73 63 65  2 33 71 60  1 36 65 16  4 76 87 
94 80 13 98 60 81 61  8 74 93 68 13 13 49 16 100 96 34 72 26 
38 10 66 42 30 100 20 42 37 56 54 12 22 45  1 22 15 13 82 43 
94 64 58 29 82 47 77 33 78 41 94 64 42  6  4 21 51  9  5 58 
22 64 65 76 41 66 35 40 61 43  7 76 86 93 86  8 61  9 11 61 
63 35 29 47 68 14 39 23  1 12 20 18 30 88  6 40 43 36 62 89 
82 93 40 42 51 33 91 63  2 38 59 31 47 23  8 94 85 92  4 84 
15 74 90 18 65  3 66 52 10 13 12 65 25 29  3 20 42 46 76 88 
11 14 53 72 93 72 92 92 79 30 62 26  7 87 50 95 80 40 100 69 
