20 50
17  4 52  8 16 14 86 78 100 15 57 77 19 74  9 32 50 89 71 85 
 1 80 58 79 65 47 77 60 97 77 92 63 93 95 45 87 63 62 72 15 
19 22 82 16 55 41 79  5 92 37 23  5 63 58  7 40 70  6 48 53 
76 92 43 52 100 25 11 37 80 50  9 18 100 38 90 85 36 22 60 91 
74 35 52 43 20 39 70 54 85 87 71 56 76 41 20 73 67 42 12 97 
32  9 64 87 15 71  9  3 35 25 51 78 10 55 19 12 39 47 80 23 
96 28 36 83 49 99 24 41 33 12 71 43 96 56 28 52 39 35 49 54 
66 24 71 93 78 29 91 99 23  5 82 34 58 13 60 72 86 23 44 44 
 5 57 39 19 46 12 73 23 95 37 27 17 47 31 98 38  6 12  9 15 
87 78 49 22 87 73  8 65 49  4 10 90 89 90 92 14 18 11 55 95 
 9 12 17 20 44 19 88 86 20 59 21 55 92 31 50 27 27 36  4 28 
51 80 50 90 54 55 43 49 51 82 17 69  7 26 98 37 10  5 55 47 
93 12  4 33 90 37 39 23 73 63 59 100 53 13 81 90 31 90 79 62 
20 37 48 76 37 88 57 95 35 56 42  2 37 15 100 15 56 29 80 16 
33 46 18 35 56 51 26 82 91  2 67 45 21 38 89 82 35 83 70  4 
46 30 81 15 28 39 97 67 49  2 23 32 84  5  8 22 69 31 28 65 
42 64 42 46 36 65 59 59  2 53 66 81 42 41 21 92 10 51 19 59 
 8 80 69 30 60 24 86 99 81 50 90 79 93 81 17 99 79 62 80 57 
16 26 76  2 84 83 65 54 14 60 74 19 23 55 99 58 89 19 83 80 
82 15 31 63 25 98 57 75 22 100 76 28 62 76 49  7 63 24 66 45 
36 47 96 35 99 21 44 66 53 22 71  8 38 73 31 63 39 99 46 99 
80 79 19 53 64 33 30 26 94 97 70 23 27 32 34 79  1 65 69 76 
44 91 83 17 50 34 52 66 85 19 15 16 52 78  4 40  4 96 71 42 
57 46 73 36 86 70 37 45 46  6 40 45 48 58 77 87  7 37 41 12 
11 18 56  4 14 65  3 55 20 50 99 86 21 25 82 11 73 39 65 87 
54 97 45 48 62 16 89  3 74 82 63 10 53 62  2 84 18 77  3 78 
 3 89 13 72 16 92 69 49 81 18 57 41 48 17 58 57 85 26 14 30 
95 77 69 62 73 71 40 41 75 13 98 69 73 42 77 73 37 64 36 69 
93 44 24 19 33 74 58  2 86 19  8 88 47 14 63 53 63 46 26 17 
93 82 57 96 50 26 87 28 42 50 28 22 28 74  7 32 42 73 49 19 
33 98 75 48 94  9 70  2 61 35 67 36  7 94 21 42 28 84  3 99 
60 51 65 82 90 41  9 39 57  8  8 41 100 20 82 85 37  8 17 18 
30 72 69 22 95 19 50 14 57 50  4  1 22 65 48 77 97 90 65 43 
31 17 36 37 45 22 85  3 39 33 11 68 95 77 91 34 27 69 58 90 
50 79  7 33 11 39 53 34 41 98 69 58 24 67 85 95 10 58 86 100 
60 24 73 48 62 15 90 57 54 20 92 31 77 60 15 11 57 72 49 27 
55 56 31 45 44 36 84 83 18 49 87 86  8  2 33 14 25 30 22 27 
69 76 60 47 44 74 85 38 10 46 74 28 43 87 51 19 87  2 60 75 
96  1 53 29 19 32 50  3 16 62 59 77  1 19 27  6 48 97 41 10 
73 67  2  1 26  5 52  9 55 19 82 21 67 54 24 43 41 27 72 83 
22 76 81 75 80 95 78 70 38 12 46 48 84 32 43 50 98 44 30 20 
 5 60 29 14 57 83 31 86 43 95 99 94 27 37 26 100 95 12 89 19 
64 71 18 67 12 95 93 35 43 40 50 92 62 33 28 42 18 86 81 69 
 7 82 51 49  9 99 16 46 90 100 58 42 30 68 36 43 62  1 30  6 
20 55 73 31 99 34 21 21 99 61 86  6 49 22 97 14 51 18 68 35 
73 42 28 99 35 96  4 31  3 92 42 66 60  3 41  8 20  8 45 55 
12 94 20 35 75 98 12 81 75 85 99 63 54 88 53 52 57 89 82 80 
75  4 50 88 100 61 56 85 71  2 51 96 72 27 46 75 43  1 28 89 
60 70 79 23 55 23 13 26 50 18 23 80 22  8 33 59 40 20 44 28 
65 23 44 96 53 31 15 30 13 20 81 60 34 16 95  9 33 18 18 48 
