2 100
53 53 
36  4 
 4 40 
 4 99 
13 21 
71 25 
44  2 
 1 86 
79 58 
60 58 
 7 86 
20 11 
10 93 
87 48 
98 90 
97 52 
19 35 
98 18 
60 56 
99 20 
24 53 
75 63 
23 26 
37 67 
100 33 
55 75 
47 28 
22 71 
54 22 
51 25 
70 26 
52 36 
27 48 
20 87 
74  8 
89 14 
93 28 
97 95 
 6 21 
24 99 
81 69 
35 40 
90 54 
96 26 
17 45 
59 34 
53 63 
76  7 
41 63 
38 18 
18 32 
64 56 
17 53 
23 92 
61 81 
17 62 
 7 73 
52 52 
46 73 
50 81 
 4 73 
72 30 
68 93 
59  1 
68 82 
42 17 
77 27 
 5 65 
77 18 
51 20 
 5 56 
75 54 
49 23 
83  4 
25 16 
83 29 
78 47 
25 89 
27 35 
49 46 
30 34 
13 53 
72 74 
94  1 
38 54 
41 60 
84 47 
55 36 
95 89 
31 33 
73 82 
95 62 
61 69 
71 91 
60 37 
72 40 
46 79 
22 99 
 9 51 
100 72 
