5 100
63 41 76 22 43 
41 33 48 25 53 
21  2 68 21 84 
34  4 65 27 43 
53 59 56 47 80 
98  1 67 83 34 
83 97 39 85 70 
58 66 62 25 41 
 5 29 16 65 15 
88 10  6 72 66 
75 79  5 26 83 
74 23 89 56  9 
27 98 23 35 21 
27 33 74 86 20 
 8  1 99 83 16 
 3 77 46 42 50 
40 29 15 99 72 
51  6 17 42 44 
95 30 37 18 23 
73 78 61 47 11 
68 26 78 36 41 
85  9 86 11 46 
30 92 47 14 57 
26  3 16 39 78 
54 90 54 83  8 
41 40 68 86 11 
57  3 22 87 69 
 2 40 48 18 44 
87 44 16 96 40 
53 24 76 31 86 
74  7 34 27  3 
13 28 48 89 20 
65 49  9 50  4 
62 83 24 48  3 
94 34 37 54  8 
92 17 42 59 21 
13 68 19 68 61 
31 92 76 84 88 
98 73 73 69  4 
90 47 14 53 19 
23 91 73 95 71 
44 12 14 93 50 
89 70 40 13 73 
 6 85 23 89 78 
97 10 17  2 49 
72 40 65 49 72 
13 32 51 60 75 
74 10 45 65 44 
90 34 40 50 44 
62 77  7  1 32 
52 84 73 33  8 
76 61 100 85 78 
53 21 65 19 13 
98 60 88 50 92 
20  2 34 69  7 
28 40 64 22 12 
13 54 65 12 98 
94 57 49 40 38 
 9 97 29 88 74 
25 15 80 94  8 
35 91 57  8 79 
82 11 99 27 21 
82 23 98 48 14 
66 87 10 11 55 
 9  4 36 55 79 
71 82  7  9 14 
 1 44 19 26 87 
70 100 99 54 47 
58 87 84 56 87 
47 60  1 29 44 
53 31 23 35 31 
54 40 54 29 19 
91 64 73 38 78 
33 78 10 97 76 
38 35 99 19 15 
48 37  9 99 24 
91 57 74 46 89 
 2 37  9 79 100 
97 37  1 47 24 
43 60 15 43 26 
50 77 49 18 44 
27 20 92  4  6 
23 19 30 77  3 
80 47 17 43 14 
66 49 84 11 49 
71 23 24 98  2 
90 69  9 74 25 
80 54 22 58 13 
17 60 69  6 34 
41 13 82  1 82 
46 54  4 16  6 
70 86 65 26 82 
 8 79 30 52 10 
67 46 57 64 81 
17 82 10 32 25 
92 24  6 42 68 
89 55 18 39 96 
28 86 28 14 10 
55 15 43 57 10 
45 15 89 32 91 
