5 100
74 21 91 95 44 
61  4 66 77 65 
38 51 42 43 30 
54 71 48 92 45 
41 83  9 98 57 
70 59 59 66 61 
17 30 11 53 53 
96 42 24 16 50 
38 43 37 18  2 
80 29 57 30  9 
 1 87 15 80 48 
66 84 27  1  8 
 8 25 53  3 66 
 8 48 17 57  8 
82 38 67 88 22 
94 45 71 59 47 
98 74 95 48 66 
50 44 45 54 58 
66 26 41 79 46 
39 59 51 95 27 
33 13 68  3 59 
31 12 87  2 50 
63 79 84 48 43 
40 32 25 39 72 
35 23 64 46 32 
70 51 86 69 78 
73 84 27 66 74 
43 15 14  4 57 
96 38 71 96 30 
65 91  4 56 55 
 4 12 38 52 68 
35 36  9  8 78 
32 97 35 76 100 
93 98 18 97 62 
34 94 65 75 71 
37 80 55 48 78 
59 100 19  2 26 
12 59 61 87 67 
46 48 80 45  3 
16 83 38 32 60 
85 89 95 91 11 
20 65 10 26 97 
80 40 65 51 33 
70 48 12 44 74 
28 77 12  6 76 
 7 18 10 38  3 
91 15 59 29 74 
 2 96 60 16 77 
 8 51 20  4 34 
88 78 45 93 47 
54 25 27 59 15 
87 84 58 64 20 
66 64 56 56 28 
72 91 76 34 19 
 5 96  5  9 90 
21 76 21 19 34 
38 73 51 73 80 
20 41 81 57 87 
52 51  9  2  9 
45  2 29 29 86 
81 10  6 56 83 
10 87 59 87 20 
68 46 41 72 19 
35 42 27  1 74 
98 72 58 65 89 
35  4 60 55 90 
37 20 46 58 91 
82 52 90 25 60 
39 61 65 64 85 
67  6 32 46 16 
98 94 18 60 18 
58 63 83 11 29 
98 96 45 88 70 
11 82 19 61 45 
55 46 12 85 25 
18 26  1 19 91 
26 71 45 77 51 
49 28 100 65 22 
100 20 77 93 30 
95 91 83 28 55 
48 22 100 50 30 
54 11 10 79 40 
19  4 57 28 13 
100 64 66  5 75 
58 98 18 34 66 
54 79  6 81 20 
52 91 77 67 37 
35 81 89 60 91 
81 60 89 41 44 
31 35 89 60 70 
34 25 12 25  6 
25 15 30 89 50 
95 53 69 12 87 
57 54 51 87 30 
77 53 21 29 50 
71 67  8 77 80 
21 66 98 16 88 
30 66 82 90  9 
76 98 35 96 84 
92 31 97 59 40 
