2 200
89 44 
61 64 
25 57 
96 14 
25 26 
93 53 
36 94 
23 66 
56 62 
20 13 
89 84 
53 46 
68 81 
59 80 
87 80 
29 46 
13 100 
42 76 
39 98 
70 19 
48  9 
 6 92 
71 43 
 2 56 
57 70 
84 28 
65 67 
58 100 
 1  3 
86 36 
59 98 
66 78 
80 80 
56 52 
75 31 
41 54 
46 48 
95 66 
81 84 
21 72 
12 80 
54 86 
95  5 
72  7 
100 75 
29 45 
38 94 
36 25 
93  8 
32 18 
23 98 
76 21 
79 39 
49 91 
24 52 
49 90 
74 43 
87 23 
57 19 
34 70 
17 21 
24 75 
30 97 
18 82 
87 34 
67 97 
59 79 
53 28 
 9 76 
80 27 
29 30 
28 57 
54 92 
87 76 
95  9 
52 80 
26 49 
49 28 
52 29 
53 75 
61 50 
13 14 
34  1 
33 61 
77 38 
30 69 
18 91 
34  4 
27 59 
23 76 
93 52 
46 99 
28 24 
92 49 
49 31 
53 84 
56 85 
40 93 
10 14 
80 52 
76  1 
23 82 
36 79 
67  2 
24 86 
21 94 
89 84 
85 89 
 9 84 
27 38 
99 69 
64 50 
73 53 
77 32 
38 41 
26 23 
 8 98 
22 72 
94 51 
91 26 
36 22 
15 87 
86 91 
33 39 
98 55 
38 12 
49 20 
79 35 
65 56 
67 67 
78 66 
14 14 
57 49 
22 73 
48 21 
79 98 
55 77 
46 12 
47  3 
19 91 
26 83 
55 28 
15 35 
21 76 
80 71 
74 63 
74 53 
70 28 
14 94 
69 57 
47 21 
71 34 
100 48 
54 78 
21 93 
55 99 
69 50 
23 70 
77 73 
34 80 
77 100 
26 65 
16 60 
95 30 
70 43 
94 70 
96 26 
41 24 
26 70 
 3 89 
70 13 
52 34 
52 32 
90 29 
25 42 
78 62 
43 21 
54  3 
34 12 
23 21 
100 58 
36 85 
71 48 
69 96 
25 27 
56 24 
72 24 
50  4 
92 65 
14 54 
59  4 
89 94 
75 23 
92 76 
41 35 
 1 49 
 6 26 
57 15 
32 73 
30 24 
