20 50
52 61 17  6 95 49 80 63 40  4 63  2 51 13 42  3 70 14 30 21 
79 19 98  7 97 84  7 52 92 78 21 38  8 30 51 23 50  4 71 53 
38 74 88 82 41 28 37 70 39 63 70 84 96 24 26 22 21 47 34 89 
63 95 35 59 77 39 88 56 70 99 72 35 70 61 24 89 97 15 56 77 
90 85 22 34 48 27 16 94 38 98 82 69 66 44 10 77 31 33 66 92 
 3 65 74 87  1  9  5 30 78 14 38 40 88 37 55 63 90  9  1 36 
90 92 99 46 62 92 97 46 89  1  2 98 71 100 82 42  9 34  7 29 
48 73 87 39  8  8 100 10 89 80 48 28 56 77 87 50 23 64 92 85 
86 91 25 94 17 65 26 17 76 97 91  5 70 32 14 71 19 49 66 75 
98  7 59 70 99  1 39 40  1 22 93 61 49 31 27 89 92 95 49 49 
80 44 19 79 73 96 62 99  6 39 72  1 72 87 91 84 72 56 95 97 
96 80 10 18 15 76 45 43 76 57 33 52 20 78 17 48  8 12 32 58 
61 63 54 22  2 71 49 13 46 53 30 45 27 92  7 55 96 11 28 75 
85 28 12 36 66 52 25 75 72 18 28 56 19 33 91 11 22 41 51  3 
60 55 98  6 37 46 75 33 59 91 96 33 66 56 47 24 41 90  9 59 
58 34 56 13  7 89 53 63 85  4 20 61 79 55 64 55 25 95 40 62 
10 84 48 95 47  8 54 46 74 70 63 83 68 86 100 84 40  4 71 14 
95 64 53 43 84 46 68 70 84 73 36 86 31 17 77 75 60 21 86 79 
87 28 86 79 86 17 17 81 89 15 93 23 66 43 58 24 51 85 99 75 
 8 49 80 18 99 76 25 68 86 44 81 55 80 92 100 47 96 79 24  9 
64 42 41 20 12 57 99 37 87  5  8 38 28 60 23  7 95 16 88 77 
17 74 39 89 17 82  7 55 58 75 56 62 15 54 63  6 39 21 95 95 
64 36 63 50 89 61 35 39 98 99 23 28 73 21 92 83 94 25 43 79 
74 80 27  1 13 51 13 42  7 17 85 54 18 92 72 17 24 100 50 47 
11 77 85 47 85 73  1  3 12 73 22 52 54 22 55 53 38 14 69 66 
70 63 95 65 36 36 57  5 69 55 58 87 80 11 52 75 10 97 29 41 
34 33 89 100 39  7 64 49 60 24 13 54 81 80 27 20 63 43 95 86 
 6  8 83  4 29  9  7 10 43  9 47 47 75 14 25 78  5 96 22 11 
20 39 12 47 63 61 95 30 66 34 47 29 58 48  6 18  3 91 12 57 
100 40 11 85 29 42 79 24 31 98 30 77 52 24 95 10 94 42 61 69 
99 58  7 28 77 78 27 90 25 68 65 29 69 92  6 60  2 23 47 98 
27 74 76  3 16 41 63 54 41 13 48 98 70 38  6 55 51  1 61 96 
89 88 91 62  6  1 87 36 90 43 91 79 18 63 89 44 89 79 17 94 
 4 55 67 77 19  2 19 48 33 67 55 95 17  5 77 41 61 100 38 50 
64 52 90 19  2 80 32 35 17 20 97 28 30 88 53 50 54 88 10 42 
34 22 94 30 36 66  6 98 74 77 63 14  9 93 92 59 13 61  9 18 
60 100 74 20 73 52 12 57 16 43 100 12 91 44 28 24 80  7 88 79 
73 47 38 93 40 100 44  6 79 52 36 76 63  2 73 91 27 84 27 33 
 7 67 37  9 85  4 11 50  6 60 92 69 68 21 60 39 72 45 26 30 
28 74 39 61 56 38 78  7 98 26 16 35 14 73 22 72 50  5 91 61 
48 12 45 74 80 21 85 95 74 33 43 93 18  2 96 21 76 66 12 71 
46 71 63  7 21 10 20 58 70 40 14 74 23 28 74 83  5  8 77 98 
31 31 45 12 46 71 98 34 23 59 55 54 40 50 64 74 12 34 23 68 
82 39 20 40 49 12 99 92 92 10 68 37 52 69 76 92 79 29 18 44 
33 43 45 65 22 65 87 77 25 33 50 13 97 87 65 37 95 72 33 53 
76 64 87 78 83 27 35  8 90 57 29 11  8 97 19  7 79 66 66 73 
62  4 52 58 37 89 41  4 81 96 70 75 64 93 83 41 47  8 26 45 
71 89 62 46 49 40 72 17 33 52 28 23 75 21 84 41 10 31 78 13 
38 91 29 17 66 20 82 71 59 59 13 86 52  1 86 73 17 96 39 58 
24 50 54 36 69  3 63 82 52 97 88 78 48 34 44 82 10 42 65 22 
