20 50
94 81 71 88 67 94 31 73 11 43 85 64 60 41 60 78 68 11 34 30 
 3 47 19 44 64 55 29 14 92 49 58 65 44 85 57 63 29 27 38 64 
40 46 76 86 64 13 69 76 22 46 57 56 52 28 16 69  7 35  7 46 
49 60 76 27 84 53 56 95 16 12 34 97 37 81 64 47 67 33 45 40 
76 58 34 17 81 83 73 68 80 86 17  5  2 68 87 29  6  2 61 72 
24  2 87 43 34  2 53 36 89 20 60 58 79 14 94 34 73 68 82 53 
66 73 93  6 64 12  4 10 93 30 17 37  7 11 68 85 73  5 91  8 
 1 63 88 37 17 88 33 43  5 30 72 35 21 45 98 59 91 65 33 78 
71 80  5 10 37 89 28 99 11 66 88 52 76 30 68 33 65 38 95 80 
43 70 18 84 86 98 93 82 70 59 37 79 92 36 29 50 29 80  5 82 
 7 53 26 49 100 24 47 55 66 74 79 64 21 21 13  7 74  4 73 60 
99 93  3 93 16 34 90 35 24  7 42 72 67 52 65 26 72 25 16 60 
69 56 82 94 29 35 91 99 68 52 41 35 76 62 72  9 59 66 19 84 
97 99 47 58  9 85 59 45 26 16 63 29 20 51 80 32 30 59 62 88 
100 60 42 70 39 82 14 96 50 33 49  5 37 62 82 66 59 79  5 60 
46 37 67  3 96 87 73 83 26 72 53 97 89 27 10 74  3 12 100 39 
49 95 93 100 84 94 10 74 68 15 20 20 94 96 50  2 29 78 12 48 
25 86 85 89  3 66 93 20 32 80 67 73 55 90 39 25 55 88 97 98 
64 69 30 21  5 39 100  2 92 63 56 47 99 78 21 38 44 46 48 30 
46 24 15 65 43 27 32 39 95 30 52 44 52 22 100 55 65 58 10 70 
76 66  9 29 13 88 55  6 60 56 100 41  1 74 70 10 71 52 51 84 
93  9 77 69 17 44 36 79 10 87 14 89 15 89 44 55 97 65 99 78 
38 76 24 24 85 49 56 46 14 52 20 22 55  2 59 28 98 60 25 55 
94 45 97 82 35 79 34 54 92 61 20 62 95 66 62 73 39 77 75 69 
73 40 29 20 72  9 62 25 30 98 83 98 95 63 18 17 76 72 60 77 
93  6 48  3 45 64 18 23 55 11 83 90 26 73 66  1 42 27 31 23 
10  5 82 39 85 52 79 58 85 13 29 86 16 28 96 55 30 94 88 14 
62 47 32 93 43 51 31 75 38 72 65 24 69 27 51 17 18 66 41 24 
72 26 97 48 73 35 14 74 37 18 28  9 98 44 38 97 54 51 33 20 
31 10 62 11 39 63 50 34 75 94 92 36 51 26 62 32 70 21 13 56 
94 61 42 67 20 81 16 54 48  3 68 76 26 90 90 90 39 64  2 81 
45 40 12 100 10 33 20 24 59 50 37 86 14 55  7 30 37 26 61 67 
43 53 42 71 16 18  9 95 95 59 12 58 33  3 28  8 32 70 96  4 
59 83 69 63 70 83 58 58  5  4 77 75 29 53  1 13 96 17 55 68 
58 57 94 13 50 69 83 36 74 92 57 25 39 84 34 95 18 16 67 15 
59 23 90 17 95 87 86 80 64 63 50 39 70 75 78 87 62 26  7 30 
 7 51 85 99 77 57 83 47 92 22  6 50 77 93 31 18  8 67 30 51 
35 47 13 100 23 75 20 69 90  8 77 60 76 70 21 21 100 54 55 83 
 5 74 43 88 53 27 20 33 87 76 57 25 67 24 77 67 31 48 63 54 
28 91 20 54 79  8 56 74 60 27 77 24 86 26 10 97 60 13 15 59 
79 53 83 62 38 76 58 18 74 97 11 80 48 21 81 68 64 36 79 19 
83 60 22 27 83 64 16 40 16 47  2 76 98 10 53 96 32  7 68 19 
33 45  9 17 10 82 56 72 11 28 87 26 80  6 97 10  6 84 68 89 
95 73 90 48 17 90 62 70 94 34 51  6 54 69 41  2 79 39 71 20 
16 25 40 14 25 39  4 40 39  2 30 66 37 44 26 57 81 76 81 65 
22 77 29 90 93 94 25 55 33 43 17 80 37 80 43 18 38 74 88 49 
46 27 36 49 21 81 24 26 79 79 100 78 46 24  7 78 52 76 99 70 
 3  6 38 44  6 95 64 97  1 19 74 99 70 32 80 70 47 86 50 31 
81 61 76 88  9 14  2 70 19 29 72 21  8 33 85 42 26 81  1  5 
93 52  7 93 55 100 44 18 59 41 63 84 36 88 85 61 97 66 19 75 
