20 200
66  8  6 96 94 24 99 97 59  9 73 10 68 47 39 52 92 97 78 65 
62 29 29 21  4 57 27 46 11 25 81 25 39 90  4 28 50 78 95 24 
81 61 72 43 77 14 41 56 57 59 47 20 82  4 11 68 80 96 86 90 
56 54 11 85 10 61 85 91 13 27 90 97 91 17 65 81 51 54 32 69 
34  9 30 97 94  3 87 54 68 74 24 72 73 97 51  5 13 92 52 71 
 2 88 27 93 49 11 89  8  8 95 83 93 21 56  2 45 29 45  8 80 
61 89 20 33 38 81 70 22 97 48 60 73 19 69 13 53 70 16 48 44 
 3 36 87 18 85 53 56 27 57 65 83 18  5 24 68  3 20  1 70 47 
54 54 18 73 72 63 83 86 25 57  7 18 62 92 13 22 18 87 98 67 
23 89 28 46  5  7 67 26 99  2 24 51 34 53 29 10 85 93  4 38 
31 56 89 55 42 57 76 47 14 23 82 20 81 31 70 28 52 21 30 52 
91 84 98 66 81  4 47 94 30 65 45 39 62  3 100 95 68 76 63 60 
17 84  8 50 65 78 13  2 15 61 55  5 83  3  8 42 41 79 20 86 
 2 18 56 67 66  5  9 100 29 31 91 24 59 91 93  3 42 29 41 14 
74 91 90 61 47 39 96 65 59  1  6 100 17 23  4 31 40 59 40 53 
32 72 26  9 77 46 98 19 12 45 94 38 85 22 36 86 10 87 71 54 
80 29 82 65 82 24 63 54 94 97 58 32 36 23 71 42 77 99 18 67 
19 84 61 72 63 52 16 95 93 16 16 51 83 91  8 82 33 23 15 84 
62 21 70 67 29 59 60 88 27 84 59  7 73 33 56 66 19 21 43 18 
16 77 54 70 61 75 13 83 75 50 77 41  6 27 99 99 35 17 56 22 
38 87 78 46 26  6 97  4 98 52 50 68 45 99 10 47 69 48 42 99 
40 89 98 26 21 65 12 49 84 20 57 68 64  5 15 11 45 96  4 55 
96 77 16 30 96 25 21 12 33 26 63 37 10  2 75 97 44 21 64 46 
 9 27 33  7 71 39 70 90 99 57 86 60 87 52 37 40 48 61 57 14 
98  9 58 41 27 61 36 71  9 70 60 13 76 83 66 30 81 78 56 98 
54 29 14 75 89  4 37 21 97 92 87 43 71 20 51  6 85 16 58 38 
 7 41 12 24 59 22 78 27 15 70 55 82 61 20 46 12 95 77 77 22 
34 21 57 84 89 96 17 47 79  4  1 100 29 64 21 14  2 91 42 73 
46 71  2 57 97 90 56 43 55 86 74 77 28 31  8 94 28 49 38 34 
14 68  2 93 72 68 35 47 66  4 99 88 32 78 27 99 34 71 99 32 
13  3 16  2 87 48 76 93 84 63 94 26 67 21 13 49 48 49 62 58 
74 72 46 14 85 18 84 32 43 44 92 28  8 48 33 28 52 41 53 82 
72 60 60 54 10 13 33 84 34 18  8  5 73 59 30  9  5 26 67  5 
69 26 31 59  8 87  1 82 33 90 91 23 98 52 64  8 41 67 93 80 
 8 15  3 85 10 51 24 37 100 48 99  6 64 17 59 92 34 58 34 83 
37 95 10 49 16 51 22 39 27 83 61 55 42 67 75 76 32 77 18 58 
69 62 40 100 80 66 88 34 46 13 21 97 57 13 22  5 38 36 19 34 
39 35 78 67 75 72  3 69 30 38  6 46  1 98 23 84 91  1 28 67 
92 25 65  8 67 96 10 60 57 30 18 50 100  5 60 17 26 75 48 73 
62 45 61 32 99 18 100 83 82 71 53 99 61 40 73 55 71 50 82 54 
 5 66 85 64 19 81 51 90 28 52 68 90 70 70 47 79 81 96 89 49 
17 25 17 39 96 64 43 50 28 80 70 66 68 73 63 30  3 90 38 84 
95 98 100 46  5 99 20  2 73 82 72 12 60 92 61 80 75 17 70 75 
13 92 31 70 22 25  3 72 14  4 31 77 70 94 87 54 56 11 66 46 
32 82 18 21 85 40 30 71 29 23 81 42 75 97 12 74 60  8  2 23 
71 66 26 57 57 28 55 40 69 85 86 10 45 41 11 79 49 43 13 41 
80 40 80 63 65 69  2 69 51 92 49  4  2 25 49 44 47  3 25 15 
18 51 93 97 34 10  1 45 73  2  4 24 45 19 72 45 74  9 26 18 
84 15  9 15  5 57 46 30 50 48 19 64  3 69 20 73 95 63  6 14 
 9 47  3 15 37 63 55 32 96 83 72 66 77 23 38 86 28 61 12 61 
87 28 81 64 45 82  7 20 26 49 71 80 26 14 80 62 75 33 38 69 
65 39 85  5 49 100 19 19 66 42 36 29 89 35 45 19 55 43  2 53 
99 69 18 26 70 15 88 31 29 54 28 72 15 67 14 73 98 44 16 94 
52 20 46 44 91 85 46 21 12 54 92 61 99 34 95 74 12 67  7 33 
59 37 74 32 16  6 26 96 81 85 25 58 11 91 42 67 20 20 28 24 
52 38 53 32 95 47 85 99 29 20 87 54 10 21  1 90 83 97 95 71 
89 29 91 83  7  9 14 59 42 77 82  4 20 69  5 15 52 30 79 31 
78 73 31  9 74 37 83 72 68 32 54 81 92 82 13 22 71 44 63 89 
63 51 84 60 81 19 61 29 22 13 95 11 30 31 56 43 93 94 26 27 
55 45 70 28  4 56 55 57 74  1 81 100 88  3 70 63 29  8 66 65 
 8 44 65 23 29 57 56 21 99 46 26 58 42 20 46 14 72 57 39 51 
78 93 28 30  7  2 38 91 40 55 55 87 69 33 94 85 32 96 20 21 
32 33 25 45 37  1 95 24 96 40 61 36 85 39 94 87 55 11 40 18 
35 69 52 98 62 45 11 91 39 100 66 29 77 46 27 42 73  7 80 83 
88 78 50 48 48 84 51 90 80 56 11 30 63  6 83 74 17 41 59 80 
67 55 17 78 21 11 53 34 51 30 25  3 10 64 25 68 65 35 62 99 
81 84 45 94  5 32 53 63 72 100 82 10 85 49 43 89 46 58 26 77 
48 63 43 14 18 84 47 37 53 42  3 48  4 33 25 45 30 55  9 13 
13  7 97 75 30 51 66 94 82 56  4 32 79 35 55 10 74 42 77 33 
78 62 72 13 17 26 30 10 58 49 74 75  7 90 25 11 11 18 55 68 
71 89 43 90 36 89 55 37 14 13 16 78 47 21 34 94 41 98 24 16 
35 71 46 59 22 56 80 88 74 25 99 39 78 92  9 60 88 82 60 49 
15 32 57 94 31 38 12 25 74 100 82  2 53 14 57 13 57  5  2 31 
48 28 57 33 68 99 65 40 73 69 56 48 31 46 79 41 21 74 69 59 
65 32 52 94 63 80 90 25 73 48 78 83 26 29 79 51 86 49  1 59 
58 94 67 66 64 16 37 27  2 86 34 77 97 80 67 39 100 56 76 29 
 5 40  8 77 93 50  6 67 97 88 12 14 95 67 64 68 21 19 31 45 
48 29 11 22 57 29 45 56 94 39 69 90 18 85 13 52 16 35 87 74 
68  6 12 74 86 91 94 80 76 91 46 82 47 97 30 84 100 64 33 12 
96 53 14 59 46  1 81 37 12 20 49 68 14 88 20 21 46 95 91 41 
62 60 10 76 34 21  6 75 98 26 65 26 80 13 18 21 92 31 34 23 
10 35 87 89 29 23 22 10 66 14 32 91 16 22  7 77 79 14 82 48 
37 89 81 86 51 30 71 11 35 42  4 46 74  6 10  9 41  7 97 30 
92  1 50 21 50 63  3 16 37 89 41 35 43 47 76 54 13  1 27 92 
30 22 63 40 97 52 54  8 68 20 10  3 99 39 28 10 87 16 93 44 
50 85 82 23 34  7 81 54  1 61 94 34 65 32 39 88 82  6 67 28 
70 71 52  3 62 15 23 10 93  1 72 36 81 39 73 44 54 70 25 15 
98 71  8 74 87 87 77 56 61 36 57 12 67 42 48 88 20 56 52 57 
40 79 37 81 15 40 98  7 16  3  5 52 34 79 97 13 82 60  8 75 
97 89 76 38 14 50 89 20  9 47  5 80 54 94 74 91 35 76 41 14 
76 27 79 57 84 24 81 41 15 70 42 16 33 52 55 65  7 94 98 86 
78 74 55 31 67 94 25 78 50 88 90  3 72 76 55 77 41 56 29 74 
27 64 53 89 61 20  3  6 19 90  4 20 53 50 51 21 37 77 20 77 
43 23 83 37 61 43 99 77 56 16  4 32 46 69 11 41 95 66 75 38 
92 58 96 54 76 91  9 70 19  5 54 58 29 13 36 31 37 95 86 41 
74 36 36  8 41 63  4  1 45  7 63 96 94 73 89 87 79 71 73 24 
32 12 14 55 62 88 87 94 92 60 83 73 34 84 50 46 75 43 69  3 
28  1 71 47 78 90 71 71 47 27 59 35 49 78 55  6  4 19 62 14 
60 20 13 27 75 19 92 36 12 63 18 37 64 19 18 59 11 85 32 44 
63 41 47 100 11 13  5 73 24 26 88 44 76 73 27 66 30 93  8 41 
35 97 70 98  1 60 33 24 57 90 80 81 76 67  8  5 96 97 100 16 
90 65 82 10 36 20 100 32 72 100 78 94 40 19 21 56  1 83 37 59 
33 31 60 11 42 73 78 62  7 44 17 72 28 65 61 93 78 92 16 70 
90 37 38 74 58 10 19  5 87 77 16 52 54 72 88 90 59 77 40 89 
51 27 100 86 43 32 26  5 59 88 42 52 70 48 34 27 43 97 79  8 
75 39 79  4 25 75 26 36 63 18 16 19 22 17 37 75 81 91 66 78 
82 19 60 95 37 86 96 36 66 67 49 20  2 72 89 78 20 15 73 58 
 6 19 62 98 28 13 95 12 94 31 46 20 26 87  4 52 25 49 35 67 
92 61 79 42 84 58 18 11 15 67 75 17  5 56 49 96 34 72 55 99 
57  7 52 45 60 38 60  7 42 60 13  5 66 54 84 88 83 57  9 66 
81 45 32 70 48 94 82 55 18 58  1 85 30 42 94 52 93 57 24 88 
50 17 81 72  5 72 24 91 30 97 63 22 33 85 33 13 88 16 36 18 
17 22  7 46  8 31 97 21 23 100 100  1 57 98 100 64 93 40 48 86 
31 75 58 28 13  3  2 14 45 89 56 51 57 73 52 64 48 11  7 60 
82 34 57 37 64 85 95 10 43 74 56 54 45 70  3 31 23 94 35 54 
 8 93  5 61 92 77 55 87 18 23 10 42 16 61  4 29 69 66 20 78 
15 41 69 61 19 90 47 75 35 67 35 46 99 25 35 93 73 74 60 86 
36 18 34 32 81 39 47 61  2 92 11 31 53 26 52 45 11 78 20  2 
 6 41 99 74 83 82 12 32 40 69 51 72 83 71 59 82 36 96 50 38 
63 89 83 27 73 60 18 35 24 81 100 91 97 17 62 37  7 86 60 62 
13 40 51 96 50 13 22 96 74 42 62 61 36 64 47 26 30 75 93 89 
98 36 33 90 74 95 45 15 80 87 83 62 23 85 39 97 16 69 50 79 
39 94 92 51 90 89 97 95  7 49 31 34 58 49 34 22 62 94 53 42 
34 14 47 16 71 23 54 25  6 63 83 10 44 22 24  4 71 59  7 13 
30 49 21 68 28 78 21  9 36 71  8 26 59 44 75 49 88 22 55 92 
95 93 68 50 18 68 58  7 40 90 85  4 35 63 40 100 84  3 81 33 
36 80 73 60 100 79 45 74 15 79 14 45 49 84 59 23 13 10 58 83 
18 24  1 58 47 63 38 95 40 47 60 97 57 61 20  4 49 100 12 61 
18 38 84 79 73 99 65  1 59 56 81 23 68 52 33  9 51 98 91 88 
39 92 35 25 26 76  9 53 40 28 52 80 64 63 54 71 49 40 22 95 
72 37 38 76 61 30 63  1 95 45 70 95 84 47 23 46  8 100 40  3 
93 32 92 30 45 51 23 29 51 49  2 57 31 75 81 26 82 34  5  3 
47 51 30 79 75 63 19 49 38 75 54 20 21 90 83 35 89 75 73 84 
60 67 56 57 99 51 38 10 42  7 75 35 83 26 32 100 34 98 10  3 
59 84 25 63 25 44 98 59 33 11 88  7 50 96 40 59 97  4 94 88 
55 26 100 27 96 50 44 13 75 55 12 64 62 28 33 39 79 34 35 41 
76 31 44 79 98 66 81 46 14 66 94 38 56 29 28 15 44 10 17 16 
 9 100 68 31 83  6 86 52 63 18 83  2 12 89  2 42 22 30 37 89 
 2 85 87 61 30 35 12 56 43 32 68 21 56 23 10 23 16  7 99 35 
57 61 82 53 56 35 71 28 51 78 70 42  4 21 20 82 95 72 100 34 
15 77 13 30 77  2 92 13 54 13 40 12 27 33 50 16 13 11  2 53 
87 75 65 18 50 55 70 86 70 41 48 79  7 37 48 11 74 76 41 81 
44 72 65 77 53  4 12 52 74 40 21 18  1 98 21 53 25 30 85 15 
98 75 47 11 87 30 14 74  2 50 31  3 26 48 38 26 96 45 71 53 
18 44 42  7 37  1 93 31 63  6 61  9 66 37 32 94 13 36 97  8 
35 54 30 44  9 24 40 45 42 13 45  8 26 13 60 49 73 15 69 87 
51 54 91 59 81 73 29 21 99 53 29 51 68 79 51 20 72 58 45  7 
48 32 85 33 50 97 34 79 91 24 84 32 43 14 44 97 32 45 36 95 
28 84 90 42 62 22 100 71 18 44 94 86 75 86 22 97 38 27 40 58 
88 43 24 10 30 35 72 42 78 42 92 12  8 29 10 14 38 35 81 67 
84 32 26 78 27 38 82 90 59  6 65 20 94  5 98 38 76 48 14 18 
74 100 91 78  6 62 84 39 95 21 99  9 69 88 21 85 73 31 60 59 
46 79 41 37 19  3 65 64 94 81 19 84 41  1 10 37 23 79 38 31 
51 22 96 10 84 42  2 71 88 92 75  5 53 15 31 64 36 18 93 27 
 8 58 85 16 82 13 64 93 13 75 62 32 15  2 18 56 30 53 75 97 
53 69 94 59 65 69 17 91 100 75 72 20 63 60 87 66 64 99  9 78 
89  9 48 78 15 47 55  6 33 33 43 59 12 79 72 19 36 13 34 91 
74 32 46 69 34 46 84 10 82 42 50 96  4 33 57 88  9 61 65  1 
65 89 55 41  3 56 61 78 74 41 81 37 92 25 97 12 18 61 62 27 
37 68 12 66 47 92 63 65 59 84 82 88 98 37 66 76  3 35 40 40 
 4 94 60 76 77 21 89 15 83 74 27 27  6 88 68 24 42 15 49 69 
49 86 39 42 69 86 82 84 63 10 54 99 81  7 41 27 75 23 87 69 
82 26  2 85 66 92 85 40 13 12 74 69 92 20 71 69 47 93 21 31 
71 94 67 100 31 18 82 52 68 61 44 42 47  8 28 81 76 18 63 81 
45  2 21 68  4 52 93 44 10 47 40  7 24  8 38 100 89 94  9 78 
68 14 59 73 49 49 81 29 35 70 34 31 39 60 41 96 89 62 45 82 
100 20 10 84 75 36 97 73 15 37 33 26 84 43 37 65 19 55 85 82 
31 67 38 86 45 14 99 82 47 14 45 10 68 82 23 65 50 53 52 85 
 1 91 76  1 74 93 68 63 24 96 92 89 54  6 85 17 37 69  1 91 
64 58 29  5 18 92  5 22 87 40 90  8 14 28 72 20 53 78 67 96 
43 47 25 11 78 91 52 79 90 87 48 39  2 72 38  5 17 47 90 18 
30 44 24  3 58 79 37 81  8 16 15 82 43 65 84  9 95 36 25 76 
22  5 81 70 38 13 57 76 54 15 29 62 59 30  2 68 68 43 36 46 
80 83 32 55 90 93 24 50 17 13 80 11 63 77 17 50 68  6 25 51 
17 41 98 25 67 55  8 100 67 41 33 19 31 46  7 19 71 12 23 85 
42 47  8 40 95 82 78 99 74 76 42 61 75 55 85 58 24 78 10 69 
100 19 27 26 19  8  4 69 64 10 68 86 96 12 75 54 99 92 24 98 
13  4 22 58 84 79  3 86 22 47  2 33 42 26 91 92 68 10 65 80 
56 56 58 19 45 20 39 16 81 18 39 52 50  6 40 68 32 86 74 84 
63 37  9 18 45 68 69 39 31 46 53 16 31 90 47 50 88 91  4 21 
38 86  7 48 59 12 40 37 33 22 24 83 13 89 26 21 87 78 37 22 
71  5 96 90 35 83 37 31 82  2 31 80 39 43  5 22 77  2 10 14 
97 46 83 74 92 24 34 76 34 83 41  6 98 10 98 68 81 60 88 65 
55 85 36 32 27 10  2 13 92 80 12 26 65 70 81 55  5 92 32 30 
 5 29 64 87 76 32 74 43 35 73 45  7 96 36 83 71 50  2 49 50 
17 75 16 12 39 82 85 43 99 24 93 84  6 54 25 96 41 37 90 70 
59  4 80 66 40 50 36 46 51 87 39 22 80 55  3  7 98 41 90  5 
10 20 83 34 89 97 97 58 17 73 75 79 95 88  2 11 11 33 45 72 
16 52 79 21  7 86 63 62  4  4 29 65 51 27 51 77 81 41 16 18 
81 59 86 99 52 84 88 41 96 91 98 11 82 10 15 24 47 60 69 64 
31 89 55 98 14 33 78 45 44  4 42 76 76 96 39 98 34 67 43 38 
49 39 62 22 77 44 62 60 57 66 64 46 12 19 99 84 56 85 79 30 
30  8 56  4 25  8 68 24 24  3 84 69 54 12 81 34 45 22 45  8 
92 63 30 68 52 89 14 50 90  5 99 11 36 79 40  6 18 85 54 26 
63 43 15 77 97 87 52 29 20  8 96 48 55 70  8 37 45  2 92 14 
75 57 84 71 13 12 29 87 81 72 29  7 24 84  8 88 91 36  8 18 
80 75 71 79 69 42 84 55 58 83 64 100 80 17 99 71 78 44 32 15 
11 54 68 88 58 71 51 65 70 100 20 80 81  5 57 71 41 11 64 57 
 4 53 77 69 20 34  5 17 69 100 45 26  7 63  2 49 24 54 83 18 
40 62 74 91 85 80 84 96 87 67 95 22 40 66 13  9 66 43 83 62 
