20 200
80 62 87 75 87 98 98 83 41 13 60  8 79 30 65 23 85 96 34 54 
46 99  1 15 67 90 56 23 45 58 21 55  8 31 21 62 56 86 27 19 
47 13 91 72 50 85 63 32 25 61 67 63 35 26 44 96 15 18 70 58 
59 78 96  8 66  1  9  3  4 22 38 90 90 57  2 57 22 46 66 39 
20 88 16 49  1 28  1 48 28 63 10 99 72 39 100 59 59 37 35  6 
61 35 22 25 68  4 35 14  2 33 29 60 89  8 43 75 33 21 45 41 
97 72 11 18 96 44 37 80 25 27 12 52 87 41  9 82 49 91 17 47 
 8 61 19 57 82 76 72 59 32 49 61 19 51  7 85 23 91 99  5 44 
74 48 41 79  6 54 77 24 23 19 58 54 64 100 97 67 46 69 78 75 
62 52 86 99 79 12 15 63 41 91 70 11 57 17 93  3 55 58 41 57 
84 62 64 39 27 73 74 42 35 64 91 65  6 70 56 33 51 19 31 65 
95 70 68 15 48 77 64 61 15 54 46 39 21 45  6 60 25 68 10 11 
84 36 13 52 51 64 22 55 45 52 67 81 40 69 28 15 20  4 96 36 
49 93 77 96 79 84 19 24 79 65 21 27 13 92 38 62 15 34 78 28 
43 17 36 29 16 74 82 42  5 11 28 34 87 26 75 18 100 40 96 86 
50 94 70 89  6 28 82 93 78 99 41 88 24 38 11 26 83 19 50  4 
10 40 22 81  9 36 11 62 93 35 15 48 53 49 74 53 57 76 65  5 
28 40  2 80 59 17 89 53 40 74 66 27 26 98 28  7  8 51 28 72 
86 100 63 78 82 62 30 56 60 27 53 66 80 46 21 85 48 52 85 88 
 9 81 81 97 22 15 60 19 55 97 83  3 72 57 44 81 89 81 61 54 
24 60  6 41 53 73 89  1 84 38 70 49 22 15  7 14 21 96 30 44 
91 99 76 71 42 15 98  3 24 84 94 77 11 76 75 65 85 57 51 85 
47 36  7 98 45 66 97 63 96 93 88 85 17 20 100 98 98  4 20 67 
19 11 77 88 11  5 34 54 47 45 49 94 16 88 11 83 68 65 10 41 
39  3 72 29 55 61 58  5  6  6 71 59 44 100 55 94 60 26 48 10 
76 86 22 100 63 84 95 41  3 26 54  4 96 58 12 93 44 15 69 81 
25 58 88 39 74 52 47 47 95 37 40 35 41 27 63 22 80 54 23 90 
53 83 49 92 13 43 64 46 35 77 23 67 91 66 69 37 14 19 61  3 
78 11 36 80 76 87 58 42  7 22 99 89 85  7 72 32 63 72 59 95 
28 41 76 10 88 12 17  8 56 50 13  6 44 19 13 60 18  3 94  5 
 1 51 28 95 68 74 88 82 66 84 72  7 69 78 81 78 87 94 79 68 
60 73 10 96 63 45  8 28 84 82 35 69 80  4 34 89 39 74 21 58 
41 56 57 74 36 73 25 86 17 10 86 50 12 51 89 89  8 24 22 38 
86 23 71 67 92 55  3 42 61 50 31 94  1 97 23 16 41 80 73 19 
 5 19 63 86 71 46 95 25 76 20 17 17 52 69 100 64 100 37 92 58 
61 72 90 57 72 64 90 97 43 87 100 49 29 74 47 33 52 10  4 83 
95 40 29 63 51 80 26 86 94 54 66 63 75 93 54  1 77 98 93 48 
44 68 75 90 39 18 98 89  5 67 84 15 77 15 30 45 55  9 40 36 
62 56 24 96 96 86 53 96 81 66 32 31 28 93 57 36 35 60 67 96 
28 86 80 75 64  6 75 94 70 17  5  9 37 44 66 77 61 31  5 47 
43 96 15 16 15 26 13 20 84 67 22 48 29 49 55 93 24 87 82 70 
76 80 17 81 78 54 67 22 41 84 94 17 47 48 10 79 47  8 99 98 
92 24 81 58 86 19 64 66 35 55 36 27 16 72 89 29 67 37 86 91 
 7 94 60 44 50 43 69 67 14 64 90 10  4 22 78 17 14 16  4 15 
 5 84  5 52 78 98 75  5  9 17 56 65 15 38 61 15 41 25 48 87 
39 86 47 14 94 42 85 32 86 16 69 57  1 17 87 22  6 78 21 63 
42 77 36 58 17 53 84 30 23 35 78 75 34 17 40 94 30 19 46  1 
 4 50 73 81 25 44 22 100  8 68 52 71 62 56 96 47  1 60 38 65 
23 65 99 42 89 73 36  9 29 62 77 38 67 56  2 96 56 67 89 37 
64 66 17 38 47 41 62 31 65 29 24  5  8 16 92  9 38 17 31 46 
89 62 73 42 13 11 33 14 14 70 97 55 95 77 66 79 42 83 58 67 
24 89 84 37 64 22 30 70 63 43 99 68 35 23 43 13 22 46 51 83 
33 85  5 76 44 63 18 97 55 28 20 97 93 93 65 79 40 89 61 40 
86 55 81 75  6 51 62 94 81 63 56  7 46 33  1 78 46 40  7 37 
66 15 12 57 90 44 100 63 39 86 87 28 11 27 33 55 85 45 35 63 
16 14 58  7 64  5 48 56 81 64 83 23 51 49 11 59 51  6 91 97 
62 60 34 12 13  2 61 49 65 85 65 51 58 83 25 74 34 81 19 78 
17 13 58 68 26 29  1 89 76 84 78 71 47 74 68 75 72 89 24 98 
46 21 94 93 62 16 64 26  8  3 13 21 100  2 63 80 68 61 98 64 
16 10 61 12 11 77 41 80 39 95 12 21 81 90 30 95 34 66 32 88 
35 45 52 53 90 83 39 18 69 76 71 47 49 12 63 32 83 39 93 97 
99 74 82 41 64 18 98 67 18 96 78 66 78  4 69 30 17 35 28 55 
72  7 35 86 69 33 10 96  6 24 25 42 45 20  3 60 97 60 56 91 
98 84 45 16 94 77 31 13 43 52 43 76 66 70  6  9 46 26 24 90 
45 99 50  7 17 65 86 92 57 60  5 14 75 57 86 55 92 65 88 84 
 8 19 89 85 29 99 10 26 70 37 43 97 68 82 13 26 53 71 25 69 
18 93 44 78 37 21  1  4  8 44 46 40 97 62 50 96  1  4 79 11 
53 20  4 85 80 21 25 61 75 46 91 48 25 80 96 38 69 49 91 69 
 4 42 33 42 60 92 31 38 41 46 76 15  3 48 44 35 62 20 37 53 
21 14 23 31 32 67  4 84 25 15 82 39 75 98 33 70 53 34  7 64 
98 39 25 16 67 95 28 74 35 49 75 90 66 64 16 47 25 33 29 10 
30 42 39 57 42 75  1 33 72 35 44 31  1 43 50 52 39 91 91 36 
55 34 19  8 59 90 88 79 78 67 80 90 45 65 17 69 26 15  7 76 
32  8 53 60 77 10 43 75 39 34 58 97 20  4 75 50 28 33 95 99 
82 19 30 50 23 73 60 79 23 95 17 12 58 53 19 53 47 53  8 72 
 1 95 90 84 53 88 59 23 36 60 50 15 39 16 42 79 80 93 75 44 
30 44 48 12 60 98 77  3 67 21 30 68 40 23 97 78 69 95 53 14 
82 61 50 65 21 77 25 34  7 96 37 59 93 95 39 73 51  2 75 36 
96 87  8 37 36 34 13 38 34 32 26 54 19 71 80 39 33 60  5  1 
76 95 82 91 33 84 40 79 94 90 63 27  8 23 31 30 50 64 57 65 
37  2 34 67 36 57 71 41 35 28 21  9 16 10 79 17 45 90 65 37 
47 21 100 55 68  8 64 75 26 23 73 50 23 67 87 90 74 96 79 47 
80 94 73 52 78 89 43 82 17 55 61 55 69 83 93 81 48  1 73 19 
96 65 16 78 49 16  7 66 20 28 38  4 20 17  8 71 67 81 42 54 
81 66 84 55 23 44 83 93 18 46 29 56 46  8 72 60 11 67  5  9 
68 85 91 70 39 21 59 33 91 87 99 61 97 98 75 32 76 97 94 20 
29 33 83 19 71 87 89 49 93 95 66 83 85 83 28 19 88 25 68  1 
38 30 77 49 66 27 23 46 24 66 90 78 34 84 55 87 51 52 21 68 
 2 67 87 51 57 82 71 84 15 23 87 62 38 64  5 57 78 95 23 16 
100 22  6 61 51 84 80 52 89 74 96 97 17 56 35 66 62 18 58 81 
97 28 31 46 81 91 25 44 24 30 14 14 97 99 96 66 39  1 20 56 
73 85 54 64 15 34 29 51 85 66 91 41 98 50 41 66 71 67 16 68 
38  5 66  7 40 14 35 74 14 19 31 32 71 29 45 19 63 75 44 12 
73 49 83 60 77 67 98 34 93 58 84 57 71 48 31 21 93 66 27 36 
37  7 53 65 16 91 37 56 25 15 43 35 65 76 35  7 86 12 20 75 
36 44 77 34 20 10 55 49 41  8 94 97 22 86 56 44 58 90 51  4 
59 49 99 56 94 70 76 46 23 29 88 30 21 25 69 31 56 100 59 31 
88 81 69 12 43 16 86 17 95 26 30 57 21 78 20 66 62 83 46 90 
77 30 98 77  1 18 13 94 30 56 13  8 84 66 67 57 48 38 84 22 
48 78 62 42 71 86 30 90 14 54 69 96 57 30 11 10 72 95 32 88 
19  3 84 62 42 89 46 40 45 31 78 69 83 83 75 37 65 57 30 23 
29 42 48 76 59 95 42 32 28 68 44  9 69 65 81 29 93 77 22 55 
21 15 94 67 89 81 10 34 54 80 31 81 57 99 32 63 42  6 55 75 
86 22 78 95  8 16 50 54 78 36  3 42 96 64 47 92  6 16 54  8 
56 50 98 55  3  8  4 16 50 19 40 57 85 39 95 30 37 27 23 72 
55 11 99 46 92 82 54 16 18 81 48 45 91 91 54 88 91 32 63 36 
59 47 61 56 17 25 41 49 62 67 37 84 18 87 100 60 86 98 95 32 
32 21 92  8  8 64 29 83 81 65 66  3 43 63 46  6 89 48 97 67 
62 99 80 35 35 47 85 12 45  3 13  6 11 46 56  3 99 83 58 33 
 9 75 45 70  6 15 97 85 100 69 78 46 72 18 26 27 99 52 79 94 
 2  9 68 62 95 49 72 30 44 15 75 49 34  3  8 63 62 84 93 91 
12 57 30  2  4 89 98 28  1 66 97 67 11 70 87 98 70  4 11 42 
74 33  5 44  1 30 66 70 20 83  7 63 37 89 80 17 99 42 56  7 
68 57 23 62 77 92 78 61 13 30 82 26 98 88 45 10 89 33  9 90 
13 41 72 58 95 50 13 39 24 51 60 61 68 40 51 75  6 96 57 22 
97 70 28 100 52 92 99 41 85 56 25 24 73 43 28 70 87 38 73 32 
89 26 68 18 96 29 78 67 21 27 47 33  7 65 85 33 83 92 60 53 
83 57 54 58  3  6 70 48 18 12 29 44 18 66 38 37 33  3 14 88 
33  4 62 52 15 32 56 44 25 38 73  4 22 72 20  4 89 44 28 98 
95 40 26 35 46  8 47  8  4 90 20 25 41 29 64 32 70 56 45 74 
 9 49 34 92 29 86 23 28 52 67 79 96 50 59 18 77 89 81  9 23 
34 17 41 30 27 55 12 72 99 49 99 24 99 85 54 85 30 55 15 48 
46 94 26 66  8 46 86 11 34 31 64 51 63 65 19 55 94 46 75 37 
78 51 78 97 52 20  6 92 21 70 75 85 58 27 98 16 93 34 11 14 
52 33 80  9 17 36 82 66 20 24  7 18 37 16 47 97 71 82 10 26 
12 21 72 54 15 10 88 38  4  4 16 71  5 71 92 53 75 52 78 69 
17 30 86  4 12 89 39  8 57  3 30 74 39 32 11 73 63 94 49 12 
 6 63 44 21 72 85 23 98 58 50 59  2 80 42 37 14 79 22 21 78 
37 17 11  9 47  5 70  1 75 84 28 24 49 94  5 82 19 91 32  4 
69 21 29  3 47 41 55 90 49 94 44 68 47 54 18 15 70 31 83 87 
 4  9 81 45  1 83 71 27 70 13 25  5 95 64  9 67 22 82 57 98 
 9 19 83 19 73 84  2 76 74 88 60 72 85 11 75 15 35 58 79 15 
15 65 45 68 92 50 100 43 29 34 33 33 97 51 51 87 32 69 18 89 
14 73 75 86 22 12 88  6 59 61 29 96 82 28 40 62 94 42 19  2 
 8 84 50  6 51 55 75 36 37 47  8 73 53 35 90 79  1 97 27 25 
60 33 37 91 83 66 55 45 22 79  5 66 33 91 51 24 89 66 41 73 
45 73 41 81 75 39 23 53  9 55 10 38 56 25 33 39 67 92 94 88 
57 12 21 62 67 23 71 65 39 76  7 37 91 91 30 90 86 21 84 66 
81 47 37 73 45 18  3 46 66 68 98 58 36  1 10 81 42  4 29 72 
76 61 28 79 72 82 56  6 43 21 32 44 37 36 30 40 85 93 19 51 
100 48  9 100 59 29 51 45 69 22 89 51  2 38 79 89 27 60 89 66 
27 13 91 98 85 70 10 55 15 17 22 57 46 33 75 60 57 52 60 56 
35 47 15 59 83 82 77 59 100 94 68 38 38 56 58 71 10 51 64 90 
94 70 79 42 15 67 20 43 84 61 47 34 89  7 93 77  7 82 57 30 
36 63 41 61 74 36 29  6  5 60 41 40 79 97 85 62 41 77 93 36 
 9 84 30  5 65 30 37 94 11 62 20 22 32 48 65 73  3 89 36 44 
45  8 85 85 14 74 88 66 75 46 82 36 93 77 100 98 45 96 39 93 
37 83 74 39 74 55  9 93 34 72 61 93 43 38 76 87 81 97 97 87 
69 28 14 30 36 21 71 37 76 82 51 74  6 26  4 31 69 10 62 73 
13 85 47 35 45 41 53  5 72 54 72  7 63 71  9 50 57 33 47 22 
96 57 100 32 46 10 14  6 75 10 32 86 70 94 55 86 98 41  5 15 
64  8 91 57 29 90 42 94 87 21 73 90 97 34 41 38  6 75 82 31 
42 92 50 32 85  4 25 84 42 20 29 30 21 100 26 89 62  6 71 61 
36 51  6  8 97 98 89 14 87 27 88 58  6 27 85 56 71 50 22 88 
85 95 64 51 54 70 31 13  9 30 35 72  1 37 13 40 24 58 99 85 
30 65 24 36 13 46 71 15 78 91  8 19 99 31 56 60 23 54 79 72 
28 40 18 69 80 95 43 98 34 76 32  1 36 94 95 81 67 87 45 51 
75 61 17  2 44 85 85  5 54 12 12 36 68 29 50 80 96 32 67 14 
35 75 11 30 92 39 73 89 15  3 72 54 10 97 10 69 10 92 98  2 
50 35 71 87 58 82 99 57 26 58 48 56 41 38 13 94 90 25 99 37 
86  1 89 60 29 37 37  5 14 17 94 45 73 70 67 50 38 68 39 29 
96 100 53 22 12  8 84 91 73  3 58 39 70 23 82 92 72 47 21 10 
94 31 21 10 87 60 88 12 96 11  6 13 74 32 52 20 53 22 81 66 
98 23 99 68 50 15 13 94 76 30 57 25  6  7 40 19 93  6 29 66 
 2 14  3 77 78 71 66 54 68 48 66 13 71 89  2  9 74 22 94 85 
28 98 15 56 83 52 70 44 41 58 64 46 28 97 28 73 20 70 44 92 
90 53 34 72  5 80 92 20 29 16 100 80 43 79 65 76 88 79 32  1 
79 55 26 64 81 59 20 13 57 16 64  4 71 30 55 86 87 54 49 39 
37 44 58 81 49  6  8 42 97 36 99 93 29  4 82 22 72 90 100 83 
 8 25 63 51 43 25 21 90 61  6 38 14 80 58 55 90  9 25 18 80 
72 20 95 76 89 47 66 53 62 59 14 43 67 50 56 36 61 27 98 19 
52 95 94 68 78 47 62  6 91  4 83 95 18 39 96 40 21  5 15 16 
74 82 100 22  8 86 83 82 86  5  4 79 15 64 90 57 65 87 10 63 
65 60 25 15 98 17 79 39 95 56 35 18 50 18 65 42 21  1 17 60 
66  1 81 16 30 23 64 74 11 60 10 88  4  7  3 97 27  5 20 34 
49 17 51 86 20 21 66 87 46 68 84 71 81 79  2 20 21 80 22 12 
22 94 51 79 54 48 45 36 23 42 87 35 40 37 36 63 53 46 22 48 
81 83 98 77 100 84 55 22 93 18 100 63 92 14 45 90 11 27  2  9 
18  9 49 13 86 93 83 81 96 55 33 13 83 41 57 73 72 54 85 95 
 3 51 28 99 14 74 46 62 71 31 67 34 69 21 72 76 32 19 66 43 
74 17 27 17 89 74 95 13 27 35 77 63 78 95 86  8 79 77 72 50 
83 41 100 90  5 70  9 80 61 95 90 87 59 36 56 13 68 78 93 22 
85  3 67 48 49 24 92 79 41 84  7 24 50  6 49 53 55 29 49 97 
64 31 20 19 11 14 88 89 82 29 81 36 73 55 24 96 32 22 51 16 
27 28 93 75 18 10 34 96 92 84 29 17 69 27 90 22 65 83 35 74 
23 42 39 81 27  4  4 99  7 32 75 58 80 80  3  8 84 100 43 64 
96 16 23 81 63 85 51 34 20 45 54 19 34  9 63 84 69 100 51 64 
96 22 44 85 33 19  7 67 59 70 68 52 27 10 57 23 80 35 61 33 
81 42 52  4 29  1 20 90 63 67 15 13 49  3 29  1  3 89 92 73 
85 82 56 38 82 81 42  9 71 100  4 58 72 58 42 37 16 59 36 38 
93 69 78  7 44 77  8 65 97  3 81 18 82 52 52 16 92 50 48  6 
41 81 20 60  4 83 60 98  7 66 78 12 44 83 96 83 78 53 80 28 
37 73 78 22 22 83 30 11 26 34 26 47 45 73 38 42 41 27 59 99 
97 43 44 74 63 29 28 96 61  5 76 14 44 60 40 54 40 16 20  9 
24  8 65 39 77 100 23 42 92  6 13 41 73 13 50 18 96 42 41 59 
93 80 55 79 16  1 23 87  4 85 90 49 58 52 34 20 53 24 29 85 
88 51 16 55 22 27 97 93 52 12 54 11 51 77 50 69 61 96 78 12 
76 15 60 21 10 80  2 95 19 22 81 63 63 84 52 17 40 73 86  1 
12 91 97  2 84 94 31 43 51 64 54 26 37 79 19 64 57 24 53 64 
 7 20 15 45 12 80 65 18 53 70  7 35 53 74 61 82 81 81 66 87 
