20 200
96  3 56 47 20 81 18 55 92 91 73 64 94 28 24 15 85 54 82 90 
31 21 28 47  9 12 28  2 78 18 97 66 76 22 12 81 22 78 80 74 
 4 89 37 29 18 100 81 49 57 62 35 33 74 81 22 28 61 22 27 78 
44 90 49 23 20 96 76 73 97 96 82 60 81 59 24 56 23 22 92 60 
97 43 87 42 22 49 50 22 100 53 78 69 53 50 64  6  4  3 55 76 
 9 21  8 16 95 62 54 65 58 95 67  5 69 52 54 87 56 54 100 60 
 8  3 10 31  6 100 80 41 63 38 99  5 37  2  5 87 42  5 63 72 
89 17 60 35  5 46 94 86 94 88 81 90  1 95 62 26 66 31 34 22 
89 78 80 74 63 96 43 27 56 77 87 53 22 71 31 87 13 100 38 43 
 4 75 66 63  2 56 10  9 18 82 21 49 27 32 48 99 99 42  1  7 
79 35 29  3 65 62 35 74 96 34 37 17  8 15 11 16 39 58 25 29 
 9 79 13 27 73 76 90 99 30  5 83 93 14 48 38 29  3 39 77 42 
57 33 100 95 32 74 12 90 23 63 20 30 37 19 52 99 10  6 79 81 
46 57 94 59 74 37 66 80 92 99 83 87 31  7 51  4 51 76 49 66 
91 98 24 51 83 96 68 76 57 66 53 30 98 41 16 49 76  5  7 80 
15 30 68 13  9 96 18  9 15 24 98 11 47 84 41 87 41 64 39 81 
66 75 20 34  7  6 26 13 27 80  4 63 12 100 22 13 18 66 89 65 
32 61 32 33 39 74 45 97 84 54 67  5 16 39 87 92 18  7  8 63 
43 73 93 71 96 18 78 29 83 45 100 31  9 41 87 74 12 90 13 86 
 7 52 86 52 81 65 33 90 52 24 54 55 12 95 67 26 34 25 60 78 
38 85 95 31 29 38 27 43 21 11 29 38 92 95 71 14 57 14 81 63 
24 68 31 24 98 66 89 26  4 67 72 77 78 11 56 53 41 51 76 29 
72 60 35 28  5 52 25 90 30  6 36 100 29  1 99 85 97  5 37 23 
 2  3 49 38 95 47 93 65 94 92 43 65 20 18 47 64 96 56 26 18 
67 56 21 26 24 69 74 13 98 72 93 91 85 85 11 59 19 93 93 10 
49 49 13 31 38 27 78  7 20 86 88 97 99  2 96 53 15 34 30 25 
93 60 88  2 65 29 33 58 86 70 69  1 85  9 48 33 11 21 54 36 
 9 56 59 96 39 37 52  4  3  3 35 92 89 49 93 75 34 99 28 34 
62 26 66 69 72 26 23 80 55 42 76 95 26 67 57 69 78 85 67 26 
97 100 12 44 50 72 59 22 63 29 75  4 33 60 38 20  6 78 60 57 
67  1 33 57 37 40 68  3 43 64 92 57 61 30 55 12 21 74 71 26 
60 75 37 47 93 55 20 69 58 82  5 14 48 83 60 59 98 69  3 41 
93 77 12 12  2 72  1 56  7 94  8 84 84 61 33 48 90 30 35  2 
90 71 14 51 56 95 77 35 58 83 75 66 55 56 68 98 56 93 100 55 
13 67 69 56 93 12 80 95 65 72 66  3 39 59 26 46 54 77 19 72 
44 21 44  1 73 22 93 54 44 41 24 39 29 11 22 56 93 54 85 85 
74 10 40 89 98 59 10 100 90 91 25 73 53 93 61 42 17 49 22 83 
42 63 89 83 68 95 36 74 90 41 28 77 77  2 83 57 87 11 41 11 
74 100 82 72 73 33 65 66 86 10 33 78 54 39 26 87 18 27 34 40 
19 68 64 42 32 63 13 77 92 18 44 19 30 13 31 72 53 62 39 75 
30  5 33 76 76 22 25 13 68 74 44 74 75 78 73 84 11 59 88 78 
95 39  1 19 19  2 95 18 95 29 72  5 61 65 28 88 44 11  3 36 
49 97 51 71 21 16  6 98  5 66 16 61 96 93 94 24  7  1 48 77 
84 25 42 57 84 28 65 42 47 20 66 21 86 62 45 80 79 54 66  2 
63  6 96 29 33  7 47 57 98 47 51 28  4 40 10 13 50 55 97 42 
14  3 67 89 35 18 10 80  4 18 52 27 32 27 47  7 37 28 27 85 
69 29 16 73 96 32 17 29  8 74 42 94 65 36 22 52 67 18 12 92 
79 49 54 52 61 24  8 55 20 71 74 20 89 58 18 11 44 40 91 52 
53 99 82 98 74 100 87 14 32 57 61 32 86 39 74 67 82 59 80 71 
21 84 85 86  4 61 56 76 96 50 57 46 88 19 28 17 45 19 46 56 
83 36 50 90 54 88 42  9 55 42 10 37 72 46 95 88 35 86 58 56 
28 97 32 93 61 22 69 58 50 47 49 61 61 95 44  3 13 87 13 68 
42 13 10 85 23 44 82 51 61 23 56 58  3  2 22 42 82 72  9 95 
12 16 47 72 99 51 25 29 26 39 92 81 69 63 32 21 19 31 79 29 
86 95 25 76 46 31 52 41 58 73 79 25 16 67 87 87  4 23 16 56 
71 93 54 56 99 31 77 65 63 64 53 19 13 10 70  7 20 42 40 42 
48 90 83 79 15 88  7 44 84 41 81  8 74 95 94 12 80 64 40 39 
75 100 33 96 42 76 83 89  8 50 46  6  4 76 55 71 27 42  6 78 
11 31 98 75 33 69 65 34 43 33 78 91 75 42 36  1 59 10 21  3 
61 73 47 67 75 95 18 97 71 13 14 24 10 24  5  8 66 75 51 80 
35 21 95 11  6 50 36 41 21 50  6 52 21 60 18 96 41 54 87 63 
 2 80 66 76 11 62 83 17 73 40 92 69 64 16 28 26 19 30 71  5 
46 13 47 10  3 82 10 30 48 88 87 94 26 82 68 88  4 55 77 90 
25 88 70 95 16 97 13 89 75 29 81 60 41 61 37 29 100 45 94 80 
30 88 99 16 79 91 81 45  8 12 92 22 28 79 86 42  6 42 77 93 
44 28 67  8 42 88 32 77 79 21 77 100 35 68  4  4 91 24 30 45 
90 49 44 66 72 18 96 35 59 39 18  7 41 40 67 94 20 50 37 85 
25  1 31 64 63 34 99 43 17 38 87  3 35 58 92 75 44 32 65 39 
 3 14 61 18 55 22 33 79  9 96 86 80 53 11 10 32  5 72 73 20 
77 30 17 56 45  4 67 69 83 39 79 35 16 57 39 50 62 15  2 68 
73 85 87 93 100 58 63 58 82 70 98 13 26 66 89 29 80 50 79 40 
19 76 17 46 84 56  9 62 54 89 100 53 35 95 38 19 55 45 17 90 
43 76 54 11 75 44 68 17  9 35 89 25 27 72 94 98 42 70  2 12 
90 96 70 80 79 57 74 58 22 96 31 15 53 20 38 70  5  6 32 68 
67 83  5 33 41 26  5 28 49 17 46 98 51 69 35 15 90 21 90 85 
25 22 70 71 80 59 76 34 35 83 43 86 94 10 84 16 88  4 38 37 
16 87 16 20 30 95 57 26 47 64 51 17 25 39 91 64 100 93 10 31 
41 86 82 22 43 23 78 23 100 80 96 74 55 92 73 34 67 33 88 52 
44 80 77  3 56 74 54 71 100  6 42 18 16  2 58 33 32 12 23 87 
92 81 64 38 63  8 68  4  1 89 27 21 55  4 38 20 79 90 40 86 
69 66 15 74 11 97 100 15 94 69 34 24  3  1 35 53 43 80 12 54 
20 95 43 98 53 42 76 98 15 34 43 63 47 84 35 97 40 76 57 31 
47 17 16 81 14 91 97 15 83 11 51 71 22 28 83 11 12 72 77  4 
69 30 14 42 65 97 26 10 73 76 52 31 44 34  3 26 39 74 57 16 
18 89 41 19 65 26 70 32 70 69 15 31 50 59 33 94 93 95  8  9 
66 26 59 23 38 93 55 50 26 12 18 58 30 88 87 22 52 69 21 39 
32 71 64 33 92 41 98 48 99 21 71 51 80 36 96 49 54 10 46 26 
71 40 35 76 18 82 49 35 23 74 84 70 90 49 80 100 11 36 100 59 
87 62  4 66 96 19 29 66 47 100 97 73 51 10 93 73 44 87 50 63 
 4 11 99 42 10 48 24 69 68 68 89 56 74 68 44 44 88 59 22 89 
23  2 84 20 55  1 72 70 73 40 33 32 89 16 10 16  8 92 94 89 
33 25 71 67 99 33 100 18 51 91  7 83 71 12 73 37  9 26 38  8 
16 31 84 72 18  4 24 29 52 100 74 24 12 43 51 57 57 29 91 98 
23  8 77 69 57 62 66 62 39 80 14 51 76  8 85 42 62 17 42 90 
66 60 85  5 92  4 34  6 25  9 64 65 87 45 73 91 21 74 61 55 
47 37 81 22 34 78 49 80 47 39 45 92 29 18 56 69 42 33 32 86 
61 98 21 70 55 34 30 10 47 20 12 45 38 55 48 47 92 29 27 75 
 2 97 35 87 43 38 19 42 17 100 100 27  1 51 21 30 66 90 70  2 
25 99  6 10 16 19 14 99 75 31 61 17 12 73 72 90 48 88 48 33 
97 32 69 73 84 57 80 30 70 57 22 62 22  7 64 49 14 72 14 37 
62 18  7 22 87 39 43 34 88 30  4  7 68 33 89 96 30  1 83 84 
 5 13 41 80 37 20  4  4 15 60 30 68 17 78 20 96 58 67 92 18 
23 31 54 48 15 15 72 65 45 31 76 31 93 33  9 56 80  2  6 58 
66 57 45 63  1 81 27 90 62 24 69 24 97 35 58 12 94 56 48 36 
96 36 42 74 16 61 99 50 19  3 28 50 76 63 61 39  5 88 28 85 
61 32 18 77 89 96 21 30 91 74 88 57 97 84 65 59 10 55 45 64 
70 86 98 80 70 21 94 77 58 74 41 26 57 28  1 94 45 81 58 63 
40 76 12 68 36 60 37 10 34 27 21 77 47 53 91 28 20 48 42 72 
32 42 38 25 40 37 37 28 57 14 86 25 98 84 45 92  7 23 35 67 
90 52 41 18 33 57 97 90 50 10 59 66 90 28 51 14 11 45 67 92 
77 97 63 54 40 61 95 13 44 12 49 88 66 99 77 85 45 76 94 17 
44 100 26 36 43 36 46 93 46 86 64 25 62 92 44 73  6 76 62 19 
90 56 53 92 22 42 54  6  7 62 36 30 12 25 80  3 42 33 32 69 
66  3 12 31 33 97 43 89 14 17 41 84 80 75 11 60 16 66 87 90 
56 23 71 92 65 66 27 48 75  1 29 13 67 12  9 97 15 58 33 15 
54 73 74 84 83 61 98 74 83 49 80 28 40  7 30 90 44 14 91 22 
76 74 31 70 60 26 64 37 47 77 22 86 44 91 89 16 68 47 73 79 
80 68 94 93  9 36 68 91 34 14 31 86  4 90 91 61 74 42 62 87 
 3 58 45 82  5 13 75 14  4 90 99 85 28 32 64 35 24 67 100 31 
 2 32 84 24 92 67 23 72 46 87 28  5  4 60 53 84 65 93 57 24 
81 27 33 92 64 24 91 35 26 67 34 77 17 62 41 89 91 46 30 52 
81 95 62 64 33 87 68 11 14 77 61 64 41 28 72 50 14 22 70 65 
92 54 49 95 47 32 10 73  8 27 44 83 90 91 20 37 38 28 16 64 
37 70 26 79 92 42 11 95 13 45 71 97 18 36 66 41 81 63 70  2 
39 87  6 62  8 55 51 36 56 76 12 28 56 43 60 17 38 12 17 99 
29 29 55 92 10 87 18 84 12 45 72 12 67 27 61  9 70 37 21 16 
48 71 59 73 96  8 85 74 47 37 52 32 97 64 68 71 34  7 83 19 
86 37 11 37 67 58 63 41 99 43 45 78 79 27 88 96 41 39 37 41 
68 34 39  8 60 90 22 35 52 53 61 47 30  2 95 69 56 57  8 78 
71 77 87 11 24 86 12 46 31 48 13 90 44 64  2 30 43 51 66 83 
99 76 78 100 49 32 99 50 20 26 10 78 64 96 56 15 70 17 21 30 
68 68 23 86 89 94 31 61 84 81  2 39 89 64 20 66 57 62 25 93 
100 98 90 79 88 38  4 45 80 37 42  6 64 44 26 28 13 73 70 53 
80 57  1 17 49 46 97  8 58 58 11 25 100 93 35 20 26 86 56 55 
34 50 61 46 43 85  2 30 61 68  3 24 99 58 20 58 70 70 57 91 
61 49 27 74 100 76 82 59 25 78 39 90 15  3 80 39 13 50 19 41 
 9 22 70 31 94 19 64 13 85 52 72 43 33 98 43 41 79 77 83 70 
47 36 74 14 81 92 51  6 40 52 36 77 34 30 86 76  7 26 33 32 
43 79 90 56 25 74 18 10 53 47  8 51 40 90 61 26 84 55 44 97 
55 37 15 32 51 82 63  4 65 46  3 95 67 72 12 22 59 35 93 32 
59 36 51 17  6 58 34 60 40 51 84 96 52 49 78 82 14 66 29 35 
60 58 46 88 38 87 78 65 30  1 95 59 38 75 83 66 26 13 21  7 
78 38  8 11 79 42 54 36 48 72 29 41 54 64 68 78 49 79 39  9 
50 54 40 37 52 59 39 82  9 23 49 82 50  7 99 56 81 76 12 94 
26 96 66 63 22 42 99 29 56  7 21 21 51 13 13 51 93 30 73 55 
28 14 38 18 64 63 74 59 37 73 11 19 70 16 50 80 100 49 23 13 
24 48 64 26 72 14 19 41 48 83 19 49 84 34 96  3 91 44  2 56 
46 33 68 14 42 82 87 15 28 51 37 15 72 61 80 74 80 45  8 54 
47 18 99  3 24 85 57 38  7 89 12 86 95 43 10 78 33 69 22 58 
69 96 59 35 95 77 27 56 58 85 42 76 86 62  2 17 96 49 75 91 
 1 23 93 60 96 26  7 60 91 50 56 98 81 58 10 53 50  6 39 12 
31 99 91 87 34  4  6 29 42 84 92 12 93 64 79 56 26 97  9 39 
62 80 18 55 43 13  3 46 85 63 58 50 68 94 96 53 99 12 18 42 
29 43 54 77 14 46 56  4 63 21 56 90 61 32 77 92  5 60  3 88 
39  6 68 50 99 30  3 89 56 38 87 44 66 41  5 97 21 79 17 17 
76 14 41 39 52 44 24 28 22 83 17 80 80 10 90 21  8 42 18 41 
92 12 71 58 72 19 71 69 65 49 80 70 45 40 31 78 52 10 40 57 
64 11 14 70 34 33  4 60 35 77 16 71 99 12 28 85  9 76 43 91 
41 37 76 80 37 54 24 73 85 52 71 58  5 49 45 44 90 34 11 44 
53 18 21 36 94 39 19  4 95  6 98 23 53 53 16  8 63 40  7 18 
10 21 99 83 90 30 82  5 86 68 87 51 87 82 39 88 66 67 89 37 
11 26 23 64 20 27 57 52 90 62 67 46 42 34  2  4 16 99 50 12 
65 96 65  9 16  2 17 83 87 41 85 79 79 19 26 52 23 16 68 18 
63 19 100 90 10 64 33 31 45 23 42 83 71 42 82 88 36 24 54 51 
67 22 35 71 28 99 63 72 12 87 52 47 37 49 14 24 12 95  6 85 
 8 52 93 10 41 39 69 62 52 86 100 90 69 35 46 45  2 46 28 24 
19 70 26 59 51 99 82 13 67 61 99 13 32 31 62 21 23 60 59 83 
40 15 59 50  5 90 82 18 44 70  9 66 32 75 72 52 51 79 14 16 
92 20 88 45 82 60 21 29 71 10 26 100 51 13 48 45 55 14 92 33 
90 34 93  7 70 43  6 60 47 12 28 53 14 44 87 80  6 32 64 10 
61 76 79  9 15 22 75 43 72  7 45 71 58 80 15 97 15  7 42 21 
 4 22 62 51 62 18 80 70 27 46 18 53 50 88  3 30 90  1 17 59 
66 60 61 12 33 53 19 96 30 94 54 63 49 11 96 30 55  9 37 88 
31 59 53 83 44 59 50  6 49 76 48  8 34 30 49 95  8 17 38 74 
54  9 23 88 21 90 87 20 13 60 91 37 58 85 84 66 75  2 14 90 
96 13 41 49 45 91 54 81 95 37 98 85 100 49 10 72 46 99 93 38 
63 100 44 94 94  7 26 97 77 30 21 16 30 80 20 12 68 13 80 91 
91  8 36 98 61 55 77 21  1 71 45 86 79 97 41 25 60 94 98 53 
49 74  3 33 96 56 33 30 79 79 93 77 63 41 60 71 30 41  6 29 
67 44 11 100 60 93 84 20 47 30 85 44  1  4  2 88 71  6 22 56 
98  8 89 97  5 29 47 64 65 77 20 56  8 80  1 54 74 30 46 94 
28 61 58 44 97 55 68 29 53  7 56 96  3 25 98 58  1  3 61 25 
24  8 88 34 70 84 81 21 24 96 47 32 58 98 26 91 28 22 19 94 
30 57 48 24 34 25 18 24 54 90 46 77 37  7 29 58 96 68 43 20 
93 90 66 53 65 18 12 12 70 45 27 90 59 68 13 69 81 99  4 53 
23 47 39 66 60 95 77 94 98 11 86 70 14 64 20  2 33 12  7  2 
77 18 20 22 91 17 81 48 87 31 92 50 93  1 68 67 35 71 52 100 
99  5 25 45 35 70 87  6 12 85 66 60 67 74 92 16 83 29 49  2 
63 64  8 74 97 28 88 40 75 85 64 42 94 94  4 72 27  9 56 77 
56 89 67 56 27 18 22  2 90 65 88 52  9 95 54 45 79  6 52 75 
72 88 87 76 29 64 48  7 79 40 19  3 87 20 94 98 91 33 81 32 
76 97 94 26  6 51 93 12 35 39  7  3 81 40 42 13 74 35 82 50 
53 91  1 66  8 81 74 20 53 21 95 39 96 68 69 89 32  3 15 79 
18 76 69 60 14 31 97 34 71 73 72 91 89 90 71 13 80 86 31  6 
16  6 16 99 84 15 90 13  4  1  4  1  1 87 46 91 73 55 92 30 
50 56 48 46 40 27 22 32 76  7 97 27 60 72 16 42 91 99 76 86 
35 41 46  3  5 55 26 72 63 90 20 91 38 32 13 38  5 21  1 53 
21 96 20 86 28 60 22 79 47 70 74 96 55 73  2 30 75 12 52 57 
82 73 55  5 48 42 61 72 50 62 27 29 48 62 79 41 93 87 35 18 
47 88 83 56 82 69 51 26 30 26 95 92 27 65 50 27 27 30  5 11 
