2 100
96 40 
37  6 
44  8 
91 45 
49 39 
67 52 
56 39 
28 34 
65 63 
22  5 
70  5 
49 51 
15 26 
70 43 
41 72 
27 96 
87 19 
26 42 
34 53 
30 42 
81 79 
38 22 
 6 55 
39 43 
69 45 
79 69 
73 74 
41 44 
86 96 
88 34 
81 93 
80 48 
59 47 
90 74 
77  4 
21 88 
33 87 
61 80 
 6 86 
54 67 
98 41 
17 12 
 4 35 
29 33 
 4 98 
57 51 
98 32 
 7 15 
72  6 
 9 67 
13 81 
44  5 
98 67 
38 59 
11 52 
57 96 
29  9 
62 28 
62  9 
37 76 
28 90 
 7 60 
32 75 
18 75 
67 32 
75 58 
69 67 
67 27 
12 38 
59 51 
45 90 
65 23 
69 10 
56 88 
97 15 
58  2 
15 64 
32 44 
82 75 
35 66 
54  7 
83 14 
25 38 
79 32 
75  2 
81 76 
14 53 
62 41 
50 40 
70 73 
40 100 
87 59 
85 34 
57 21 
72 48 
24 84 
11 38 
68  2 
76 42 
14 33 
