5 200
16 40 17 17 66 
81 69 61 80 94 
84 56  5 51 58 
52 36 21 16 91 
63 97 57 47 32 
41 64 60 57 94 
62 41 42 76  7 
98 60 47 26 60 
78 72 93 15 32 
40 37 37 15 66 
 7 77 50 99 95 
26 77 44 16 56 
64 53 34 85 47 
16 25 100 49 19 
63 61 51  1 87 
81 58 87 99 37 
97 11 87 39 14 
24 41 98  2 55 
44 28 100  9 23 
68 12 35 78 84 
77 24  3 77 84 
98 60 30  1 98 
12 51 90 90 46 
 2 51 91 70 94 
95 69 60 93 29 
93 57 93 43 92 
30 99 60 24 92 
52 82 14 62 29 
61 87 21 10 64 
28 96 58 55 95 
53 59 53 66 81 
86 17 11 34 64 
63 78  7  1 61 
63 71 41 15 26 
34 52 28 56 18 
25 32 21 27 59 
93 95 62 90 10 
87 34 96 57 38 
22 13 18 63 26 
40 91 83 61 83 
20 40 26 56 54 
12 14 38 63 69 
35 44 79 70 67 
96 79 23 83 28 
82 97 30 18 15 
12 11 64 86 75 
61 67 14 45 84 
76 16 38 90 53 
 6 35 17 96 90 
41 90 46 42 90 
91 65 97 57 82 
69 14 41 59 14 
75 89 69 70 86 
52  1 68 48 69 
46 24 83 42 80 
92 92 70  6  8 
75 59 100 40 38 
42  5 45 95 90 
65 79 91 91 88 
10 50 75 64 46 
 3 95 58 18 100 
70 59 28 98 86 
31 20 85 71 95 
20 14 18 84 25 
12 46 67 77 93 
56 56 22 90 89 
26 32 11 97 60 
 7 78 63 22  5 
97 73 61 18 94 
22 49 31 75 77 
100 49 74  4 13 
57 57 79 32 83 
28 53 68 63 63 
64 31 48 11 82 
44 67 81 80 65 
92  6  9  5 41 
50 92 87 71 93 
85 11 87 49 36 
36 84 69 47 39 
37 63 90 34 14 
88 39  1  1  1 
58 47 61 71 34 
92 38 22 84 39 
46 95 44  5  6 
97 41  2 50  1 
70 87 26  7 16 
54 67 51 56 80 
26 46 99 45 38 
 1 61 95 26  9 
43 18  1 22 51 
38 22  1 61 93 
82 33 36 32 54 
65 43 19 48 92 
39 100 71 44 64 
 6 88 46 16 58 
96 73 22  6 98 
 7 39 58  8  2 
 9  4 54 65 85 
65 69 60 40 65 
76 49 66 34 99 
25 39 56 100 76 
79 13  7  5 90 
22 17  2 22 72 
96 25 14 19 77 
92  7  7 80  9 
31 89 73 86 29 
63 89 32 12 26 
24  3 13 75 25 
85 73 74 41 61 
18 35 30 94 72 
90 84 72 99 85 
41 10 21 40 59 
36 33 37 34 56 
71 72 41 53 34 
64 70 13 45 86 
46 43 35 32 78 
 3 14 18 95  6 
70 65 15  7 49 
40 52 78 26 20 
89 25 45 50 66 
75 83 50 48 82 
57 18 33 94 37 
27 91  6 42 93 
30 88 77 45 57 
53 21 90 40 48 
76 29 75 39 73 
80 45 21 33 93 
90 52 64 66 39 
24 56 97 94 65 
47 84 26 15 56 
57 28 45 21 47 
74 57 22 43 58 
15 97  6 80 73 
48 65 64 86 74 
80  9 50 70 26 
28 34 100 30 73 
35 85 78 50 59 
 7 91 22  1 87 
17 72 75 10 56 
31 23 98 25 32 
 9 30 40 87 98 
82 24  3 81 64 
85 17 71 77 10 
97 48 11 54 84 
63 97 21 99 74 
13 42 24 89 69 
20 37 47 17 81 
46 26 53 93 80 
31 65 52 58  6 
84 31 79 62 24 
38  5 89 11 36 
30 37 53 57 41 
18 85 55 23 80 
22 64 14 52  1 
74 39 78 56 73 
27 71 30 45 15 
11 96 93 94 51 
14 69 33 19 70 
24 98 62 41 57 
81 99 34 73 68 
35 31 66  7 86 
 8 47 58 70 25 
32 48 52 13 50 
67 32 42 63 82 
40 75 18 23 70 
88 50 58 16 88 
14  2 92 45 32 
24 34 36  8 52 
16 62 38 58 20 
15 87 98 40 35 
87 25 37 66 77 
 3 77 36  7 83 
91 92 39 77 84 
10 84  9 99 56 
26 82  9 10 100 
99 35 45 84 82 
12 76 25 78 12 
99 31 67 75 98 
99 11 33 56 21 
93 14 85 87 50 
24 84 72 93 100 
 7 17  5 33 45 
 7 40 64 91 88 
24 94 43  2 57 
89 96 24 57 55 
34 86 23 94 76 
16 79 20 68 45 
50 44 36 41 59 
51 44 55 12 39 
92 14 97 43 97 
 9 48 40 58 86 
46  5 80 20 17 
31 92 12 100 80 
39 29 49 69 84 
53 65 99 86 100 
45 23 29 87 57 
82 40 81 22 17 
31 27 64 76 86 
81 58  3 85 34 
37 36  1 99 59 
