10 200
46 78 86 39 34 92  1 76 88  8 
98 66 98 51 25 89 87 45  4 75 
51 93 40 22 20 88 40 18 34  8 
97 26 39  5 58  7 24 82 26 69 
42 43 56 80 54 21 10 80 25 53 
18  1 86 31 53 56 39 57 85 70 
56 57 59  1 52 38 77 94 30 44 
10 84  9  4 77 95 94 50 17 59 
59 31 94 21 88  5 82 16 19 59 
100 87 66 27 90  2 13 11  7 85 
51 100 99 48 68 41 79 75 100 86 
23  9  3 43 84 88 99  3 95 81 
66 32 99 95 89 80 13 46 27 72 
48 14 75 74  3 79 61 77 88 82 
13 65 60 43 42 72 62 10  9 91 
72 26 39 20  9 15 36 67 60 48 
10  7  6 49 12 83 61 25 87 68 
80 17 100 65 33 28 75 41 72 76 
36 21 94 43 93 67  7 25 21  5 
82 86 37 52 75 10 37 90 34 82 
38 31  3 81  2 20 18  4 37 16 
10 15 73 66 46 58 99 100 60 25 
 4 34 57 97 95 72 56 60 100 33 
56 51 87 74 19 51 82  9 33 74 
18 47 52 10 49 41 12 61 36 20 
47 93  4  1 79 68  6 34 71 68 
 7 81 70  2 34 57 68 39 41 36 
81 60  9 47 17 15 78 76 82 10 
38 36 61 22 69 58 16 44 93 97 
39 44 87 49 40 12 24 61 83 59 
 6  6 95 65 61 53 83 47 75 24 
91 61 77 46 44  7 89 18 16 54 
75 33 84 96 40 70 22 83 71 52 
32 82 75 88 87 40 50  5 96 68 
16 85 98 66 69 94 71 54 94 63 
 8 55 54 52 100 29 24 56 34 63 
51 83 84 78 92  4 99 88 52 94 
45 30 63 98 46 43 99 54 71 72 
62 18 58 72 95 38  4 24 65 21 
79 85 77 83 57 45 24 27 54 12 
86 28 64 88 21 68  6 99 35 49 
 1 75  7 48 57 46 81 20 64 41 
95 81 83 82 62 91 68 45  2 45 
70 95 18 59 67 43 92 48 89 59 
68 38  5 91 65 44 26 21 33 54 
27 56 99 72 69 57 60 49 37 10 
52 58 33 56 47 24 28 99  7 45 
16  8 12 47 32 61 34 12 80 34 
64 28 49 16 17 47 48 98 15 95 
20 38 15 39 25 79 88 47 38 81 
11 81 89 14 95 29 79 18 78 87 
72 91 13 97 84 14 35  2  7 95 
29 53  1  9 60  2 30  3  3 60 
46 59 84 18 62 28 63 14 86 74 
63  4 83 44 79 88 31 54 34 89 
33 57 90 23 86 35 62 55 23 12 
14 71 75 70 89 66 81  3 94 10 
31 72 25 40 70 67 65 18 98 51 
19 87 81 13 69 23 85 36 63  6 
39 66 11 11 41 61 74 51 52 27 
19 22 86 43 85 48 61 89 51 10 
78 14 85 44 73  3 25 75 47 44 
32 21 45 25 49 73 52 60 49 44 
38 64 15 37 35 93 89 87  4 90 
38 98  5 42 44 39 96 64 49  2 
29 52 20 37 15 15 68 52 99 74 
47 43 66 45 15 80 72 66  5 78 
43 32 25 77 79 80 81 54 31 15 
18 23 97 32 45 97 85 87 72 57 
95  6 20 63 25 31 52 68 80 67 
51 56 70 94  5 35 80 92 31 79 
98 22 84 51 75 52 20 59  7  5 
75 94 56 67 96 28 17 96 81 49 
37 45 29 20 64 84 76  8 26 31 
 2 78 56 43 73 31 61 48 53 44 
88 80 86 45 45 60 20 61 10  7 
36 88 33 21 64 69 78 98 35 58 
58 75 82 35  6 68  9  4 38 84 
11 77  4 16 100  5 66 84 19 64 
 2 95 88 50 47 95 23 18 17 14 
52 65 67 91 16 29 17  8 61 30 
84 38 20  5 80 33 82 53 51 96 
86 56 56 30 21 51 17 25 12 76 
 5  1  7 91 71 23 55 65 68 23 
41 19 37 72  9 17 73 41 78 71 
43 22 93 82 60 34  7 100 63 85 
30 93 18 95 91 56 50 35 39 90 
47 57 23 57 51 37 35  9 63 23 
78 59 27  6 12 25 69 74 11 39 
93 75 47 88 59 49 39 72  4 66 
86 95 13 30 89 34 25  6  3 87 
 1 72  7 12  2 63 90 32 18 99 
71 74  2 25 59 33 73 52 86 98 
88 53 92 29 48 78 78 21 41 19 
96 93 18 82 27 65 86 41 77 20 
26 50  9 60 44 26 84 74 29 25 
48 94 32 55 79 34 20 40 96 27 
17 34 43 91 56 28 79  6 94 20 
71 27  7 95 35 27 30 57 54 39 
60 11 88 92 93 24 65 14 41 34 
84 85 16 29 57 18 57 85 89 44 
80 34  3  6 42  7 31 61 62  6 
 1 62 92 41 15 27 68 99 72 47 
29 86 90 34 19 89 98 37  8 63 
18 26 61 48 40 50 91 19 99  1 
30 59 96 39 58 16 43 39 58 60 
100 86 86 33 41 91 89 87 70 30 
32 75 14 13 22 75  3 54 70 42 
70 84 29 84 63 29 24 10  6 14 
 6 12 97 50 15 22 99 70 32 63 
10 63 54 87 38 79 17  1 14 34 
20 26 14 68  3  2 80 20 88 55 
55 15 36 28 64 18 61 17 77 79 
57 37 17 37 40 48  2 20 14 79 
 9 85 13 50 44 98  4 98 83 50 
61 87 99 87 89  2 44 50  7 51 
95 58 44  3 65 85 85 47 67  5 
 2 31  9 22 80 13 84 38 97 53 
19 65 10 88 45 99 38  2 42 31 
35 25 29 24 84  2 25 69  1 77 
45 52 12 41 38 87 30 26 47 77 
41 43 67 14 93 51 20 63 100 42 
30 95 19 43 51 34 28 62 15 92 
84 97 72 53 16 76 21 72 22 80 
69 84  3 51 94 33 63 63 47 41 
72 31 88 11 47 55  1 21  2 27 
 5 69 64 67 32 54 24  3 37 25 
65 39 11 35 63 92 12 88 10 73 
31 53 91 57  1 55 45 34 47 85 
42 72 48 97 11 63 48 88 75 37 
26 77 79 52 77 40 46 56 64 25 
75 19 31 59  8  7 10 68 66 13 
24  1 20 37 56 98 11 99 98 65 
11 49 56 18 74 76 58 32 71  5 
41 85 36 36 43 90  9 97 43 17 
 6 19 72 72  7 82  7 20 83  9 
48 63  4 34 71  5 28 94 77 68 
79 20 82 30 89 37 53 28 84  5 
17 37 53 24 63 68 53 72 17 12 
52 33 82 69 70 56 86  7 94 10 
 5 99 96 31 99 33 32 23 25 95 
75 24 79 13  3 76 31 15 59 97 
22 24 40 31 44 62 60 59 74 25 
13 74 21 45 13 79 25 61 95 90 
87 29  2 28 26 52 22 78 76 91 
60 30 99  1 13 74 64  8 54 63 
60 93 43 54 44 37 22 43 90 18 
40 39 22 85 57 64 58  3 10 15 
95 34  2 47 99 87 71 12  9 38 
51 27 24 70 87  5  9 11 24 50 
58 11 25 25 26 32 24 45  3 58 
72 60 61 16  2 36 70 26 35 26 
 4 68 16 42 71 10 31  7 28 19 
89 100 55 15 76 73 97 10 84 35 
22 83 44 27 63 97 62 68 73 28 
37 20 99 22 33 70 71 66 10 17 
 5 55  2 55 82 55 88 33 67 48 
90 86 54 44 87 79 38 60 41 70 
76 35 49 72 36 30 64 14 77 68 
78  7 86 26 17 26  3 48 60 44 
36 34 46 93 80  8 83 79 13 61 
39  2 89 37 72 57 36 30 14 85 
 6 21 31 36 64 75 91 70 52 24 
30 48 78 95 21 13 73 40 32 76 
22  2 49 77 23 79 55 86  1 75 
13 27 71 72 98 55 64 27 14 64 
83  7 58 67  5 19 38 92 78 43 
52 91 79 12 55 91 44 10 79 88 
50 64 14 83 73 43 22 17 39 23 
47 54  9 18 47 86 57 54 56 44 
46 18 49 99 77  4 96 56 28 79 
61 64  7 31 30 76 78 51 70 14 
38  4 95 82 59 84 26 88 70 96 
57  3 26 26 74 83 33  4  7  4 
98 85 24 90 96 57 86 21 96 70 
 8 88 98  6  5 71 50 51 57 49 
37 79 24 18 80 27 68 96 33 60 
46 85  6 41  3 53 38  8 87  3 
38 27 20 93 49 74 59 54 11 33 
21 70 20 49 58 28 20  2  2 53 
35 77 57 82 72  2 44 28 40 100 
41 12  8 21 41 99 85 13 10 62 
 9 56 80 12 99 74 56 99 60  8 
61 46 94 46 30 34 94 38 78 55 
87 87 25 34 27 79 32 20 58 63 
100  8 95 59 27 56 75  8 29 87 
98 55 56 53 23 48 30 51 49 91 
69  5  3 92 18  2 20 15 51 27 
48 59 96 33 31  3 14 39 51 16 
 9 32 73 54 55 33 21 51 66 56 
43 51 42 31 68 89 31 75 67 42 
98 68 96 24 33  7 11  4 100  1 
49  9 96 26 95 86 53 72 31 36 
74  2  2 99 52 62 42 98 13 68 
13 78  4 25 10 80 43 88 29 84 
46  5 81 17 24 42 80 30 34 30 
74 55  8 14 41 32 68 57 70 78 
70 43 92 88 16 88 91 27 33 42 
74 94 47 38 28 70 72 79 87 88 
62 94 41 29 20 27 18 96 32 61 
