20 50
71 42 64 77 43 71  8 99 13 17 98 92 96 38 55 55  2 42 98 64 
 8 18 67 92 50 78  6 50 42  3 35 34 47 10 93 26 66 100 68 85 
 5 19 37 59 93 85 50 68 72 45 94 18 14 61 39 56 91 67 99 49 
67 20 84 81 80 79 84 54 62 92 66 59  7 97 27 21 56 22 51 92 
12 18 34 88 55 27 64 75 53 70 24 51 100 73 80 11 54  6 23 70 
93 14 52 83 96 78 37 69  1 40  2 95 19 45 30 78 68 42 18 97 
35 49 71 23 13 23 70 28  5 41 58 56 82 95 71 13 90 41 15 82 
 9 82 62  8 26 22 84 30 78  8 51 36 62 90 91 16 18 72 50 94 
14 26 55 35 40 21 34 58 62 13 90  5 46 85 41 24 23 29 90 48 
53 67 15 91 16  7  5 82 11 54 48 84 32 63 64  4 24 11 34 16 
56 10 97 98 40  9 99 95 94 36 37 39 73 63 77 93 42 15 87 49 
16 25 70 17  5 96 18 61 54  5 92 59 56  9 42 93 81 85 77 73 
68 17 73 12 99 85  7 80 65 89  1 37 41 52 16 97 88 95 76 38 
17 13 21 47 50 18 94  8  2 11 52 14 29 40 27 37 87 28 72 45 
69 38  9 41 51 75 58 63 31 85 21 62 38 81 74 47 49 64 55 47 
63 28 45 42 62 88 56 82 79 75 73 78  6 41 85 64 22 80 75 76 
95 14 85 67 89 44 17 93 52 40  6 49 46 61 56 46 84 35 35 71 
14 27 67 41 98 66 52 84  1 10 14 81  7 18 45 45 89 45 64 92 
16 16  8 88 70 76 52  3 94 88 12 40 25 25 48 22 89 72 28 93 
46 11 29 48 70 18 24 81 67 54 83 24 92 91  5 43 97 82 78 93 
21 32 93 57 43 82 57 99 33 30 24 37 60 27 29 59 100 70 63 99 
79 44 71 65 36 23 94 100 78 35 80 40 99  3 43 32 33 19 42 92 
78 16 57 28 50 71 98 30 56 96 85 32 62 53 25  4 39 31 90 99 
 2 34 61 78  1 10 69 45  5 18 78 68 42 52 100 82 48 55 96 79 
25 59 90 47 90 60  6 75  1 87  4 91 93 10 59 68 70 12 84  4 
53 87 28 89 76 55 57  3 36 63 18 25 10 82 73 12 71 91 12 78 
85 18 71 92 27 63  6 88 100 50  9 49 83  5 90 53 59 12 39 51 
96 61 90 60 24 43 46 32  4 72 56 70 53 32 16 44  8 99 59 51 
25 57 23 87 17 72 36 68 43 85 91 16 65 87 79 63 82 58 61 38 
85 63 49 72 40 25 74 67 39  7 42 14 45 34 95 49 67 28 79 91 
21 75 47 59 97  1 20 88 73  3 87 67  3 11 45 18 38  5 26 68 
37 14 48 13 11 24 78 77 100 55 66 89 84 56 89 53 43 63  2 63 
48 84  5 54  3 14 22 70 81 30 17 50 90 26 16 27 96 80 89 79 
 7 11 18 43 61 57 32 32 19 83 21 33 69 12 71 81 89 38 66 82 
61 25 70 33 27 50 88 46 18 30 16 47 23 60 81 49 98 39 41 43 
57 27  9 18 74 65 78 94 62  5 31 17 49 93 20 74 56 51 25 25 
43 78 24 53 39 85 25 13 15 100 40  8 18 15 51 65 28  8 29 57 
39 98 95 71 28  3 11 85 18 98 55  7 75 61 68 88 96 62 70 36 
69 68  4  3 53 76 18 44 63 56 51 13 12 17 94  1 88 54 40 75 
65  2 21 34 11 23  6 83 87 69 86 80  7 34  6 10 68  8 60 39 
93  9 23 44 69 86 23 91 63 20 89  9 60 48 25  7 69 49 70  9 
68 42 49 43 39 96 74 75 40 91 30 99 77 88 61 55 89 58 44 96 
57 64 60 36 38 97 62 52  8 26 27 55 35 39  9 74 14 35 82 67 
95 65 97 15  2 89 73 73 45 56 33 12 77 29 17 36 58 96 67 48 
69 20 64 33 21 26 17 95 96 69 38 37 64 77 62 19 10 70 94  5 
50 84 32 27 77 42 12 28 59 18 68 45  1 20 100 33 58 78 87 36 
73 53 99 25 76 66 67 12 100 61 99 16 40 20 31 15 86 84  8 45 
29 71 35 13 14 89 92 58 49 95 18 15 76 63 24 85 40 40 29 28 
 6 13 88 41  9  1 88 72 59 20 41 88 37 73 73  3  7 14 75  3 
13 51 92 79 19 89 59 86 35 90 46 24 32 57  1 88  6 83  1  8 
