2 200
95 51 
51 90 
80 54 
39 47 
24 37 
12 100 
13 96 
14 89 
82 14 
59 67 
 5 78 
23 45 
16 14 
29 16 
89 14 
20 88 
94 32 
30 55 
69  4 
30 63 
 9 53 
15 82 
64 90 
59 46 
10 31 
35 60 
75 33 
 9 78 
10 55 
72  4 
35 43 
57  4 
90 74 
38  8 
97 20 
50 48 
19 64 
14 11 
81 58 
 9 46 
17 61 
29 14 
77  1 
86 81 
79 64 
21 97 
76 47 
 2  6 
28 42 
57  9 
58 30 
66 36 
13 33 
79 36 
21 79 
92 90 
100 38 
50 62 
24  8 
70  7 
22 73 
72 75 
60  8 
 3 56 
62 40 
51 44 
98  1 
13 19 
68 37 
 3 95 
59 91 
70 18 
65 43 
87 13 
47 21 
83 43 
58 42 
54 26 
19 51 
76 88 
78 68 
70 96 
28  4 
67  8 
51 83 
30 92 
 4 55 
26  5 
70 55 
10 83 
15  9 
83 80 
68 88 
30 15 
81 61 
79 18 
 9 75 
95 94 
54  7 
57 86 
93 90 
92 15 
75  1 
51  2 
17 85 
22 81 
70 60 
98 42 
 9 34 
61 10 
41 40 
72 46 
85 60 
82 48 
73 58 
36  3 
14  5 
95 92 
85 100 
27  2 
53 57 
71 34 
19  1 
76 31 
44 65 
34 50 
58  2 
15  7 
76 63 
16  4 
82 45 
84 41 
53 64 
70 27 
67 59 
28 35 
15 24 
26 33 
57 42 
21 80 
95 30 
89 72 
14 19 
34 40 
36 48 
89 91 
49 82 
89 67 
15 53 
57  1 
28 31 
45 91 
 3 21 
10 30 
56 20 
14 62 
50 12 
30 62 
91 11 
 7 85 
30 17 
 6 89 
89  6 
87 68 
85 94 
85 82 
61 80 
17 81 
85 43 
100 26 
92 53 
76 48 
 6 59 
 6 33 
15 16 
69  8 
48 54 
45  8 
66 37 
 8 23 
55 27 
53 39 
70 95 
87 75 
39 89 
34 17 
53 37 
16 63 
33 15 
 7 69 
69 67 
70 86 
89 70 
37 59 
45 100 
95 65 
28 80 
52 87 
54  7 
15 61 
