20 20
48 46 35 99 28 12 18 12  7 24 57 53 43 28 62 78 96 80 36 81 
33 47 48 65 56 45 31 10 16 16 96 65 66 84 22 32  3 38 87 98 
30 16 38  8 25 36 31 13 49 96 11 65 57 55 93 83  2 100 30 96 
64 51 21 29 44 56  4 41 47 32  9  2 54 71  1 22 25 87 91 60 
64 58 60 13 44 59 77 31  1 65 89 90 44 34 72 22 63 32  8 14 
40 23 66 73 16 37 64 84 30 40 41 86 52 23 61 72 49 100 100 68 
87 96 54 21 82 63  6 87 96 30 89 67  6 89 78  1 89 89 59  6 
77 74 78 76  8 12 52 24 72 45 75 85 93 58 77 88 77 33 92 45 
16 74 74  8 48 20 21 89 72 47 24 98 42  6 73 91  7 37 85 16 
11 99  8  5 52 72 74 52 12 71 56 48 14 31 51 53 56 80 74 33 
70  9 82 83 83 93 89 64 63 66 51 60 14 85 53 10 11 35 22 11 
46 70 55 29 34 55  3 54 61 84 92 66 24 31 52 35 81 74 71 58 
 3 29  7 100 95 18 59 31 24 63 62 16 100 77 48 70 71 73 75 35 
58 78 62 81 11 19 97 85 32 76 40 77 99 67 42 29 46 42 75 57 
46 82 25 44 44 56 69 51  1 78  4 53 94 21 46 40 56 95 68 50 
73 38 38 17 11 24 91 61 80 25 51 28 21 65 83 54 90 19  3 67 
76 75 77 26 78 22 41 95 46 96 89  3 54 58 90 49 66 97 47  1 
 9 33 43 31 91 83 77 61 96 58 32 85  2 99 94 10 80 84 36 67 
30 50 59 71 52 83  5 77 69 55 83 19 25 51 100 38 52 40 86 57 
17  6 30 51 50 16 20 67 71 80 68 71 78 94 59 77 65 66 93 86 
