5 100
30 66 86 34 99 
85  4 39 36  1 
77 89 14 59 25 
71 99 75 30 56 
96 46 24  5 89 
11 81 77 67 20 
54 96 55 36  2 
25 49 12 25  6 
89 57 36 54 78 
37 77 22  6 42 
52 87 35 76 58 
45 40  1 35  4 
40 66 39  9  2 
85 60 34  3 52 
85 36 89 38 51 
68 35  5 16  2 
 9 37 42 83 94 
22 52 75 27 67 
28 48 37 26 93 
71 11 99 90  7 
47 74 73 79 29 
89 71  3 33 78 
83 82 41 87 61 
 5 28 83  8 73 
26 37 22 95 49 
68 85 20  5 44 
39  5  7 66 20 
 2 50 54 40 39 
51 41 30 10 80 
57 56 55 31 64 
24 58 39  5 87 
42 36 98 12  5 
36 11 81 82 36 
81 65 54 37 73 
27 100 95 35 93 
93 45 70 20 57 
65 31 76 49  8 
 9 93 74 67 78 
 3 93 89 19 35 
99 51 65 92 78 
 9 37 72 45 94 
 9 15 25 69 67 
15 89 86 26 65 
13  9 92 21 81 
 4 68 42 50 43 
16 60 100 55 52 
29 80 46 23 56 
54 30 93 71 40 
89 48 76 53 27 
 7 99 95 47 69 
78 28 67  1 11 
96 78  9 29 74 
84 28 100 12 80 
24 41 10 96 57 
57 51 42 91 49 
70 32 11 30 36 
28 45 48 54 60 
87  8  7 68 82 
90  9 86 26 31 
82 87 69 61 13 
36 24 45 33 44 
56  3 14 13 20 
45 31 90 58 42 
22 98 80  5 12 
23 58 19 65 14 
87 13 39 35 59 
86 13 20 25 48 
89 19 74 65 66 
79 56 16 42 43 
39 33 78 99 97 
89 47 55 86 80 
26 48 56 10 88 
36 50  7 92 66 
19 43 17 49 26 
 5 78 98  7 24 
14 97 89  5 23 
92 25 23 55 72 
60 38 84 34 49 
81 34 88 41  3 
98 65 74  3 15 
 6 61 73 40 78 
43 11 23 59 42 
41 89 13 44 98 
31  1 16 34 78 
15 18 31 93 46 
34 91 82 59 68 
78 68  9 31 74 
 5 13  3 96 17 
93  4 17 18 44 
37 10 16 77 62 
55 62 80 80 75 
 1 16 56 48 77 
 9  9 76 10 18 
66 84 12 72 71 
37 39 16 46  6 
54 86 82 62 72 
22 84 100 67 14 
 9 30  6 95 21 
93 38 75 76 51 
14 67 97 58 74 
