5 200
72 56  4  2 37 
 6 85 50  4 46 
73 35 21 29 38 
72 30  1 92 15 
89 87 39 51 17 
11 22  9 50 30 
13  8 11 69 71 
91 37 88 91 70 
 6 16 75 40 51 
27  5  2 14 49 
95 55 89 52 93 
89 25 46 57 70 
79 98 73 23 67 
11 62 71 38 67 
61 66 34 21 16 
72 94 16 43 69 
 6 80 67 75 46 
38 88 70 48 77 
37 42 62 81 55 
 5 60 63 54 69 
73 72 81 18 17 
34 39 66 89 77 
88 26 41 94 78 
57 92 83  7  7 
 8 33 32  4 95 
20 10 10 87  8 
97 17 87 60 64 
18 25  9 90 28 
26 16 91 50 48 
21 97  6 52 64 
28 60 17 53 50 
73 75 30 78 76 
36 31 24 77 36 
92  7 47 18 37 
46 40  1 74 90 
52 39 92 52 81 
70 69 40 27 94 
40 43 63 39  7 
16 72 14  9 36 
42 27 59 85 15 
47 91  1 25 93 
96 65 11 54 91 
41  9 56 92 50 
100 20 47 32 88 
70 43 10 42 32 
61 22 48 30 93 
24 14 55 66 64 
20 90 83 12 26 
70 21 33 71 69 
22 87 78 83 35 
27 31  1 17 11 
82 94 53 68 44 
61 29 37 15 98 
95 96 86 51 96 
54 64 46 25 49 
98 83 20 56 85 
18 55 30 60  5 
71 18 59 13 59 
68 98 20 99 47 
27 25 75  2 36 
81 87 60 28 37 
38 22 18 90 33 
59 24 81 12 57 
36 83 91 97 91 
90 58 52  3 15 
 6 27 85 38 91 
55 76 45  3 33 
72 23 87 64 42 
28 57  4 58 25 
62 76  1 66 39 
44 40 70 80 83 
53 80 35 62 53 
31 91 38 61 79 
13 45 38 55 69 
26 39 23 71 85 
57 48 98 13 83 
 4 10 34 45 73 
 9  3 11  8 79 
 9 48 38 91 16 
94  9 44 68 13 
86 50 58 98 11 
25 82 65 96 17 
94 36 67 87 12 
10 28 11 16 94 
58 100 79 67 30 
54 13 98 12 29 
49 13 47 41 87 
74 45 87 62 82 
14  4 27 17 12 
55 73 73 20 41 
54 80 28 81 81 
51 31 96  6 70 
65 57  5 52 37 
59 85 42 12 76 
24 68 81 83 97 
31 14 53 75 69 
96 70  1 69 47 
 8 19 41 87 35 
63 76 32 39 56 
36 66 72  6  2 
100 81 46 64 95 
72 73  2 35 84 
19  5 96 44 98 
78 60 37 66 86 
97 57 46 80  1 
72 41  7 85 84 
67 55 30 55 82 
67 42 38 54 85 
25 100 31  9 34 
27 74  2 46 57 
17 51 77 51  2 
83 21 88 96 36 
74 46 74 96 75 
92 90 44 62 73 
73  1 60 33  2 
73 45 18 33 85 
61 24 74 48 61 
18 48 77 10 96 
81  5  7 44 27 
15 82 72 18 38 
27 28 57 35 71 
81 76 82 42 25 
71 84 58 32 60 
46 97 69 44 30 
87 66 99 63 100 
77 34 15 19 24 
32  4 97 91 16 
50 23 40 32  2 
88 33 81 95 14 
42 94 85 89 23 
56 40  6  9 11 
98 16 86 56 29 
42 35 91 19 93 
88  9  6 53 74 
57 92 71 67  2 
41 87 98 70 73 
23 34  8 22 32 
28 40 52  3 37 
10 31 13 94  4 
90  7 93 60 86 
 2 47 14 18 86 
84 86 47 30  4 
64 49 10 98 56 
76 73 15  8 35 
64 27 25 58 90 
19 33 52 38 80 
70 63 17 90 10 
 4 26 35 59 64 
38  9 31  5 43 
39 78 60 23 45 
48 68 67 88 31 
87 42 96 16 98 
60 25 23 47 57 
67 89 20 99 77 
53  2 87 66 79 
 1 92 75 48  9 
95 18 79 17 65 
49 49 83 50 83 
65 33 72 58 84 
93 76 23  8 40 
51 46 16 81 77 
75 55 21 63 24 
42 28 100 40 71 
64 19 43 57 74 
 2  6 69 80 60 
68 76 48 67 74 
 9 78 84 71  9 
 5 29 27 77 89 
62 45 56 75 36 
64 29 51 10 63 
64 44 20 52 36 
39 73 84 30 68 
70 83 50 22 90 
48 86 62 52  9 
46 29  6  5 58 
44 80 91 32 64 
98 84 94 31 18 
30 90 90 54 22 
98 93 88 28 74 
18 16 50 54 100 
40 37  4 51 31 
18 41 55 22 63 
100 42 21 26 84 
91 91 80 21  6 
90 58 35 95 71 
83  4 19 81 64 
89 14 63 88 87 
23 19 86 81 81 
56 75 48 32 13 
60 42 93 74 37 
22  6 31  5 69 
 2  6 47 18 59 
94 29 80 21 34 
88 37 51 62 68 
36 52 54 32 31 
26 48 34 20  4 
56  6 85 83 62 
66 91 62 55 88 
10 19 98 76 84 
26 43 44 53 48 
