5 200
30 87 25 97 22 
46  3 24 77 49 
47 14 28 91 61 
80 98 82 43 92 
48 32 64 95 98 
53 97 62 34 28 
 9 16 99 67 25 
46 47 50 75 88 
94 49 64 56 68 
28 15 63 38 80 
96  9 81 34  6 
23  9 90  5 18 
49 17 11 16 98 
42 78 51 98 70 
25 34  2 29  7 
52 43 95 83 46 
73 34 33 37  7 
79 23  9 37 89 
81  9 52 50 92 
58 95  9  8 25 
11 72 58 56 48 
35 75 50  7 55 
67 84 43 31 36 
94 99 92 38 74 
39 41 57 92 38 
23  7 49 54 51 
24 32 76 98 96 
64 31  8 22 81 
19 31 10 74 21 
26  8 16 72 89 
25 75 13 32 18 
80  8 54 30 85 
10 36  2 42 25 
39 14 38 81 43 
69 21 62 57 58 
63 63 29 80  4 
52 25 81 80 97 
29 73 38  1 53 
33 84 54 53 38 
79 25 68 60 71 
24 67 100 65  3 
 9 41 77 32 50 
58 19 69 73 61 
84 83  6  7 48 
72 41 57 57 95 
30 48 96 70 86 
82 56 96 25  1 
29 70 16 79 51 
17 45 69  3 67 
40 32 92 59 50 
27 94 90 59 71 
95 79 63  7 96 
90 51 32 52 78 
85 71 38 40 78 
44 17 32 63 87 
64 16 50 16 91 
36 94 22 41 89 
19 21 56 29 77 
96 81 53 57 85 
36 65  9 16 93 
94 61  2 65 13 
21 71 67 85 32 
87 91 16 54 54 
24 57 70 22 39 
89 35  7 93 62 
 1 57 66 81 33 
57 70 94 62 72 
98 67 89 34 14 
28 42 27 18 56 
52  4 22 86 81 
70  1 10 40 60 
29 88 92  3 31 
26 91 80 98 92 
74 34 20 85 47 
90 52 89 80 38 
66 93 21 53 41 
77 63 10 24 59 
70 69 26  7 89 
38 62 21 68 60 
30 88 76 48 75 
72 76 81 82 51 
96 15 94 33 68 
48 77 23 63 94 
44 23 49  6 23 
14 35 89  7 23 
31 28 98 45 72 
80 71 52 43 16 
18 23 64 90 23 
28 35 22 16 31 
 7  1 23 30  8 
36 15 85 39  8 
32 42 18 50 40 
31 77 80 60 39 
88 91 52 16  3 
98 34 42 83 67 
85 86 23 97 75 
94 76 86 68 90 
92 87 95 81 43 
96 30 77 84 60 
42 12 41  9  4 
 8 57 61 70 30 
82 43 51  6 59 
55 66 49 47 37 
99 15 43  3  3 
77 35 15 69 87 
73 100 56 66 45 
90 14 50 32  5 
46 20  4 15 13 
74 25 80 58 77 
17 32 66 26 36 
84 51 95 63 39 
91 37 17 81 79 
85 45 47 96 64 
91 43 50 70 80 
 2 88 75 17 89 
86 26 95 75 32 
 2 72 74 61 25 
67 51 93 46  8 
27 77 83  5 43 
86 16 28 48 27 
71 67  7 44 21 
54  3 21 20 17 
92 72 36 55 46 
32 60 27 47 23 
32 14 96 80 30 
89 87 56 29 24 
13 44 58 37 71 
89  3  9 81 57 
70 84 30  5 43 
43 72 91 23 47 
73 97 70 37  8 
77 71 38 67 85 
18 89 30  2 21 
36 93 45 75 96 
42 48 87 45 57 
65  7 33 52 77 
88 57 42 81 27 
51 66 27  2 49 
33 34 15 77 97 
31 76  2 66 42 
12  7 27 29 43 
100 94 94 78 59 
31 75 92 53 56 
48 18 82 28 80 
76 78 85 65 63 
23 40  9 78 21 
60  2 50 69 84 
41 98  8 58 21 
100  4 58 96 32 
36 21 86 23 60 
87 81 88 90 39 
37 32 92 60 85 
64 81 35 15 80 
 7 58  4 56 71 
44  2 27 91 69 
 5 17 91 95 91 
21 71 58 23 18 
61 85 17 42 73 
75 55 98 54 48 
40  1 69 17 10 
36 19  3 69 94 
82 49 95 85 18 
37 89 71 29  4 
16 60 93 19 16 
93 62 29 56 10 
82 41  5 89 26 
90 27 15 17 16 
53 39 21 61 19 
44 58 85 97 32 
47 38 63 100 67 
18 69 68  9 47 
19 56 94 34 34 
73  1 31 71 88 
23 11 100 41 73 
60 30 23 65 63 
66 83 24 46  4 
 3 76 90 99  7 
40 57 41 10  3 
70 78 53 33 98 
 8 28 48 94 73 
 1  3 91 98 89 
35 11 80 26 92 
16 37 98 26 88 
66 52 47 23 66 
73 50 26 82 19 
 8 19 26 65 94 
49 53 11 62 28 
46 52 64 75 76 
64 65 83 47 67 
21 77 81 90 59 
49 37 32 17 64 
96 47 87 85 32 
22 71 76 60 35 
37 85 71 28 12 
35 91 71 57  6 
 6 76 44 23 68 
44 36 14 46 20 
78 38 44 73 10 
73  6 59 79 93 
98 55 93 58 99 
