20 100
51 46 30 97 34 28 46 11 16 40 30  1 39 42 53 44 95  4 69 73 
86 78 75 87 74 45 52 13 26 16 57 92  3 16 93 81  4 14 79 63 
13 71 83 20 53 37 43 97 60 34 86 51  8 20  8 16 63 67 71  4 
45 11 55 79 71 85 22  9 96 39 62 89 44 41 67 66 13 42 71  5 
50 65 76 48 64 34 72 97 72 88 85 41 61 19  7 75 62 75 13 96 
45  4 60 99 71 31 60 48 12 94 13 21 66 91 28 73 47  9 51 25 
43 57 78 92 48 83 83 14 99 32 89 46 26 98 49 41 25 98 13 41 
37 62 71 44 56 69 58 89 27 86 24 100 100 64 90 16 10 89 63 48 
75 33 63 31 99 29 66 83 10 92 92 66 69 54 82 12 61 23 67 80 
28 46 55 65 19 40 10  7 53 25 87 27 20 99 20 46 43 52 100  9 
17  3 52 10 67  8 67 35 25  6 22 89 49 85 87 44 80 81 49 87 
15 46 61 73 98 57 69 37 66 88  3 80 56 15  8 52 90 13 13  6 
63 85  8 74 29 40 57 48 22 51 91 18 88 97 82 67 62 52 70 44 
97 28 23 88 65 90 25 100 42 57 96 80 86 10 82  6 33 31 17 62 
24 11 73 73 10  7 30 63 33 80 38 14 47 47 80  2 70 88  3 15 
50 85 74 43 64  7 45 59 99 48  7  7 69 12  5 65 69 27 40 29 
37 88 21 20 42 96 97 47 47 25 82 48 77 29 33 28 16 75  6 72 
68 87 37 10 32 81 76 20 66 100 86 28 26 49 37 62 86  5 99 13 
61 98 21 39 27 96 13 96 72 42 44 22 85 52 69 11 64 52 23 73 
81 44 74 81 63 97  4 55 91  5 90 44 86 55 34 16 25  1 49 32 
89 41  9 34 40 77 46 38 78 24 21 29 46 17 93 90 56 86 41 59 
64 31 23 33 93 53 25 34 93 73 59 15 11 58 85 55 90  3 44 57 
28 58 75 60 51 95 79 99 49  6 68 69 38 92 22 34 27 40 42 46 
84 57 81 51  5 48 51 99 63 34 45 33 92 22 50 68 85 44 96 76 
76 51 100 41 48 36 36 12 10 43  9 58 40  1 55 33  9 43 75 22 
96 50 84 63 77 98 85 39  7 27 66 33 47 42 17 96  3  9 97 71 
93 18 60 12 97 46 44 30 43 60 84 92 16 98 75 22 47 77  4 15 
39 60 81 99 40 100 13 10 54 43  2 46 10 98 70 78 68 76 59 47 
28 40 71 53 40 96 44 67 95 26 31 64 19 39 69 36 56 34 79 74 
85 85 11 71 81 51 26 21 47 96 88  9 85 41 17  8  3  9 99 40 
24 59 16 56 56 42 19 80 23 94 88 28 97 63 24 93 39 12 19  2 
75 12 54 22 47 92  4 41 27 99 88 48 18 67 31 54 37 30  1 54 
22  1 62 88 59 100 61 11  5 13 86 45 35 65 64 54 43 59 59 40 
 7 98 88 82 32 85 19 28 42 36  9 24 63 49 25 96 25 46 16  8 
51 62 61 90 60 100 60 60 15 65 52 72 57 34 19 41 40 43 66 63 
41  6 56 94 38 15 75 95 58 66 61 40 77 42 59 27 19 30 60 82 
 3 99  9 20 67 87 41 76 11 77 77 37 41 48 13  7 40 63 38 72 
78 100 47 98 49 71 18 90 78 66 54 30 66 74  1 66 62 66 29 94 
63  1 81 93 77 88 80 21 19 50  5  8 98 90 57 96 56 79 10 90 
27 77  6 86 97  9 70 20 52 68 99 35 55 85 53 95 17 98  7  3 
83 69 32 65  6 21 49  3 64 61 12 18 44 33 41 93 73  9 18  1 
87 72  3 74 66 55 66 23 92 53 75 40 33 79  3 15  5 99 55 46 
28 80 10 34 19 91 21 72 45 23 21 28 11 43  9 30 52 21 67 57 
88 72 62 40 14 17 74 53 54 21 95 41 17 49 52 89 96 75 60 53 
59 54  7 61 56  6 35 90 82 37  4 74 75 27 79 72 86 63 82 88 
 8 36 62 86  7 81 77 78 61 47 92 88  6 62 46 92 40 29 67  2 
54 13 52 53 14  9 63 39  4 31 50 100 28 96 90  3 45 18 42 63 
78 40 89  1 42 14  2 66 11 42 83 84 46 69 54 44 56 63 13 61 
48 79 34 44 60 62 31 11  2 20 14 49 18 63 22 65  6 35 17 40 
99 96 97 79 62  1 19 35 26 79 62 51 98 81 36 34  7 66 98 25 
18 62 13 33 18 100 99 40 62 24 32 32 38 46 96  6 74 12 41 100 
11 66 46 13 15 42 46 91 83 67 17 81 90 10 92  1 14 65 73 100 
11 25  9 77 18 61 20 30 57 64 80 97 23 67 15 89 13 33 81 92 
53 82 34 74 62 11 91 76 61  6 11 82 79 65 37 36 99 88 80 94 
95 29 47 98 23 91 58 52 19 83 59 84 96 77  5 22 63 34 60 51 
11 36 95 69 97 53 46 100 33 89 49 100 74 36 43 30 67 96 48 89 
74 40 80 72 54 12 73 43 55 31 48 48  3 61 71 80 70 13 70 63 
52  6 87 43 62 43 15 37 18 96 24 77 24 24 26 30 65 30 82 31 
66 100 90 61 45 55 20 97 29 72 83  4 75 53 88 72 53 89 31 76 
25 71 23 75 79 97 79 16  8 74 29 99 30 25 30 15 38 37 24 33 
86  8 27 36 58  6  2  1  7 19 52 67 83 49 83 63 59 58 27 82 
49 73 18 43 28 90 87 57 88 96 57 19 80 56 20 95 10 54 34 58 
58 58 41 78 76  7 40 77 93 54 10 74 88 55 11 55 33 66 93 17 
55 13 39 42 14 18 63 31 44 95 94 29  8 70 100 96 27 100  7  4 
12 75  8 65 80 80 96 12 43 47 27 80 11 80  9 74 36  9 67 80 
52 67 53 75 95 86 41 64 72 21 50 54 65 29 26 22 74 92 26 24 
19 87 25 47 22  4 99 36 57 65 58 49  8 69 46 15 53  7 13 77 
57 72  1 22 41 45 70 85 76 64 29 74 20 60 85 99 53 63  4 35 
16 55 60 48 37 47 29  4 13 87 35 48  2 50 34 15 60 58 100 51 
31 44 18 16 77 67 57 22 56 50 79 41 78 72 91 43 37 35 78 36 
 8  2 43 36 15 19 17 53 20 21 95 95 94  7 14 38 34 64 44  3 
69 28  2 20 46 49 95 91 68 82 10  4 48  5 14 85  1 68 87 81 
18 43 71 94 43  2 69 44 21  8 10 14  3 70 10 32 10 80 30 75 
80 63 100 35 11 23 41 75 95 32 87 12 21 11 98 45 30 19 84 83 
74 14 82 43 19 30 66 31 72 30  9 90 52 40 71 68 79 84 54  4 
60 51 68  7 71 20 40 95 62 34 13  2 82 10 31 25 41 64 56 89 
66 64 59  9 54 30  4 97 96 55 62 64 43 41 75 26  5 100 96  7 
93 54 32 87 10  2 55 74 41 80 52 38 25 80 42 20 59 87 38 22 
71 68 24 100 66 35 16 84 55 34 82  8 48 32 80 81 22 43 64 81 
40 44 64 31 18 37 75  4 10 43 94 75 66  8 51 15 16 39 97 59 
31 26 39  7 27 37 73 90 78 31 69 68  6 30 98 86 57 92 91 72 
13 90 42 80  6  3  3 60 69 32 29 56 57 98 75 77 24 35 40 60 
75 28 59 43  4 49  7 21 48 83 19 96 25  7 24 12 20 28 36 41 
91 58 94  2 85 18 64 45 96 24 71 23 35 99 52 34 16 58 50 74 
96 42 46 29 50 45 67 75 44 55 52 13 65 35 80 59  6 81 75 99 
37 68 85 75 36 90 31 82 13 72 29 49 75 12 98 99 16 72  6 17 
48  2 52 80 42 87 34 56 39 13 80 83 69 11  6 97 90 100 81 77 
100 39 14 52 26 45 90 29  5 46 71 98  5 32 80 75  6  8  6 68 
58 49 35 88 64 56 24 75 10 93 15 37 90 64 18 20  1 28 31  3 
74 33 42 84  4 50 16 27  2 39 78 18 91 72 80 48 83 72 17 51 
31 23 84  8 60 45 76 32 20 86  9 81 20 16 77 42 100 31 39 68 
70 97  6 92 27 96 12 96  6 72 22 88 29 45 42 62 67  9 75 89 
93 45 39  9  8 42 23  3 87 99 79 77  9 25 90 11 55 30 13 10 
31 11 24 15 100 64 45 36 29 82 68 69 12 49 20  5 67  3 31 98 
 2 19 70 36 18  7  8  9 17 16 77 26 88 18 79 95  5 87 61 45 
11 25 66  5 18 81 92 10 34 52 32 98  9 70 91 22 50 15 17 99 
78 23 68 60 97 28 80 71  7 37 89 33 65 17 75 72 27 80 39 42 
43 19 26 38 24 64 70 99 31 30 20 100 59  9 46 13 51 23 22 62 
86 56 32 71 30 12 25 17 15 93 87 95 91 35 36 19 58 50 14 40 
18 80 59 69 58 88 46 44 24 76  1 95 32 16 38 24  7 39 21  1 
