20 200
89 97 20 49 15 55 38 88 32 11 82 95  8 10 37 100 78 57 98 54 
24 42 58 85 84 17 97  3 88 98 13 66 10  5 48 48  6 91 59 12 
68 96 98 56 64 25 64 51 34 38 49 36 27 17 57 31 84 83  5 63 
54 49 28 88 70 26  4 77 87 91 56  9 41 88 24 57 49 59 11 80 
90 86 33 95 65 93  2  7 62 45 44 70 72 28 61 39 39 18 72 37 
48 23 16 21 13 25  7  6  1 97 20 59 53 12 86 72 63 81 100 73 
38 23 24 70 45 91 32 25 13 45 88 99 98 75 77 68 51 15 26 25 
15 15 77 56 38 41 97 66 34 38 91 71 62  7 95 95 37 21 14  3 
36 16 85 88 62 90 13 65 26 72 48 27 25 74 42 12 11 62 41 17 
90 45 27  5 78 94 48 45 98 98 46 17 19  4 51 49 89 21 39 19 
61 97 93 31 48 31 90 16 72 43 73 77 32 80 97 46 98 90 10 82 
58 34 24 65 90 83 82 27 57 33 53 31 30 100 81 17 67 74 41  1 
34 50 13 52 22 53 42 65  7 46 37 65 77 54 72 12 90 46  1 62 
24 80 99 94  8 45  8 91  7 23 70 11  4  3 68 48  9 58  9 99 
56 71 85 90 54 34 28 25 26 92 51 11 67 48 17 19 23 16 29 43 
54  6 33 32 15 19 92 96 54 63 73  7 10 82 24 77 17 80 35 97 
24 89 87 93 74 13 12 92 94 23 10 51 76 85 60 87 13 38 95 71 
16 15 66 32 15 43 39 99 14 24 36 54 92 45 74  6 97 47 98 83 
45 75  4 32 36 89  4 58 75 65 21 34  8 54 92 47 45 10 97 45 
80 26 95  3 58 28 31 90 62 27 75 39 45 82 95 98 42 64 18 57 
10 77 74 23 86 74 90 75 41 43 70 70 43 21 43 12 87 34 15 18 
41 25 26 29 20 45 64 89  7 27 70 57 46 11 15 67 96 79 31 94 
35 85 71 96 57  6 14 62 38 77 50 51 40 90 40 22 80 96 96 37 
18 56 84 96 76 74 19 90  6  9 33 55 42 98 11 71 77 11 83 22 
38 67 91 27 96 76 21 96  6 52 69  7 63 25 95 10 39 85 88 36 
52 59 62 36  2 19 47 45 38 65 91 74 53 64  8 24 98 74 58 10 
80 14 56 57 100 46 70 78 12 79 54 99 15 12 90 66 68 43 58 32 
33 85  6 77 46 24 40 21 51 35  4 80 47 38 81 96 36 42 64 97 
98 56 15 64 16 43 27 18 89 68 40 35 34 87 21 28 98 32 60 29 
81 27 11 73 26 64 66  6 54 31 98 82 94 30 24 25  8 15 11 70 
50 35 68 61 53 53 27 90 92 80 50 72 100 77 90 64  4 70 13 44 
77 57 87 38 55 27 27 35 36 61 97 64 34 10  7 48 58 78 88 86 
100 99 60 34 51 80 23 54 70 72 64 68 79 56 61 65 69 58 71 36 
18  5 40 51 82 84 41 73  1 42 40 39 83 81 73 78 77  1 22 28 
21 49  3 10 20 66 100 57 16 23 55 77 59 46 51 18 58 62  4 28 
25 88 100 78 16 12 65 66 70 74 16 30 77 41 10 64 90 100 100 72 
78 40 57 59 71 84 75 30 70 99 97 87 22 21  9 92 39  4 93 13 
36  8 14 54 85 35 25 73 42 68 46  6 70 33 75 26 48  6 38 23 
14 88 71 77 29 18 46 93 67 67 59 57 98 22 72 50 23 54  6 74 
32 38 100 48 89  9 66 47 37 89 98 96 96 11 22 82  7 82 74  5 
93 100 41 43 57 76 35 97 32 31 51 20 69 87 81 43  4 10 23 85 
93 49 84 43 15 11 30 18 83 34 33 36 62  8 97 55 89 97 14 95 
19 97 84 92 60 61 22 21 22  6 91 88 31  9 52 96  5 91 36 15 
49 98 90 20 41  8 26 47 21 90 74 85 65 79 47 17 46  4  9 22 
 8 95 58 84 10 25 80 15 95 42 45 40 34  5 93 89 85 33 66 49 
 3 38  1 97 73  7 73 99 49  8 46 47 73 67 83  1 13 50 35 16 
58 44  7 71 49 99 63 90 83  5  8 56 34 76 74 89 48 17 65 48 
84 19 22 38 59 81 11 55 44 80 100 44 15 37 64 31 29 38 37 44 
72 35 31 72 82 20 74 76 62 33 82 100 81 24 22 71 86 35 43 89 
25 18 20 29 34 75 79 73 78 16 62 49 58  3 64 60  3 12 40 17 
35  2 16 47 70 52 59 55  8 34 34 20 59 99 35 48 36 66  7 71 
79 42 25 47 76 91 57 92 45 54 56 90 38 99 70 65 72 63 31 100 
40 57 58 76 59 33 16 85 89 68 78 38 34 49 58 10 28  5 26 16 
97 87 10 79 17 25 77 46 79 64  3 69 12 86  8 90 33 25 97 98 
93 14 89 33 60 52 35 84 21 41 63 22 37 94 84 56  5 83 61 45 
 3 52 12 51 24 37 53 100 28 99 58 76 32 22 44 93 39 38 14 56 
25 46 83 10 75 58 64 21 78 24 95 43 62 73 44 69 75 37 58 39 
68 57 48 56 47 36 12 99 35 26 100 83 26 91 97 20 52 69 53 47 
57 91 99 28 52 87 50 58 82 79 29 40  2 68 74 70 69 25 15 96 
77 33 85 37 65 94 95 69 95 34 23 68 14 90 21  9 93 80 32 50 
44 76  5 56 73 32 66 11 66 29 85 53 87 61 64 46 89 61 20 14 
48 50 31 42 49 100 44 79 85 38  8 88 19 44 35 28  2 86 32 23 
91  6 29 88 86 39  7 34 43 93 81 64 54 43 15 86 82 18  6 42 
78 81 69 85 95 48 26 65 64 98 77 97 12 75 36  3 65 34 70 61 
40 82 12 84 62 33 36  9 81 13 14 100 35 38 35  1 77 11 60 20 
14 32 20 48 22 43 87 92 39 27 89 31 15 14 25 18 20 41 38 37 
64 23 36  1 98 14 53 80 33 78 79 28 28 55  1 26 31 100 20 70 
19 44 70 99 83 88 53 46 86 30 52 40 21 20 38 66 26  9 14 15 
35 56 13 73 48  6 76 23 46 97 54 43 78  6 54 26 42 96 55 87 
12 65 91 22 60 34 63 44 57 74 94  3  1 27 35 54 94  7 90 61 
29 15  9  5  6 80 18 26 89 42 59 86 55 94 46 90 67 72  7 13 
30 66 13 33 67  9 45 42 27 74 62  1 41 72 88 47 40 16 25 49 
34 10 69 97 57 76 95 74 78 75 42 35 75 90 76 18  8 94  5 39 
83 57 51 31 100 36 50 56  5 68 39 36 25 52 58 66 98 24 12 100 
60 85 11 68 88 28 27 59 73 13 85 63 22 57  1 98 49 77 93 99 
22 39 54 49 78 24 94 77  2 12 75 17 97  4 58 63 84 69 95 80 
63 91 14 57 51 26 68 77 28 57 77 60 21 58 76 87 81 73 36 56 
25 92 92 45 70 97 63 43 62 93 76 20 43 88 26  8 92 25 84 55 
18 19 78 77 35 76 37 46 15 77 44 99 71 25 48 87 47 69 50 96 
88 76 29 27  2 49 94 37 34 72 36  9  3 52 66 77 54 42 99 13 
47  5 21 80 37 75 51 12 76 64 14 100 84  7 76  7 16 99 10 33 
12 18 18  3 81 28 45 41  7 49 47 76 23  7 19 35 82 66 22  5 
91 48 59 71 73 82 59 67 32 79 66 96 35 40 74 74 24 49 27 11 
72 37 62 80 71 61 91 97 58 97 99 51 69 43 31 48 15 41 15 94 
27 45 67 58  8 36 15 95 51 70 78 85 78 59  9 47 56 44 51  9 
42 62 44 10 39 59 57 91 51 22 77 82 92 31 44 85 76 67 95 32 
58 70 27 98 76 46 50 19 43 39  3 39 79 96 34  9 81 10 50 22 
45 11 66 86 36 28 86 43 66 62 73 69 50 43 62 12 20 34 38 26 
28 86  1 84 45  1 55 29 28 18 28 54  4 24 52 77  4 24 73 21 
63 44 34 50 17 46 13 44 94  1 85 53 36  8 13 51 38 29 38 65 
36 52 11 70 34 70  6 51 43 34 72 42 60 34 34  6 61 70 21 74 
14 29 39 65 43 91 96 12 77 19  2 87 96 98 13 86 65 52 36 19 
100 91 83 50 25 45 84 16 35 87 33 96 66 100 75 37 89 76 10 36 
 8 20 31 49 28 69 10 80  6 74 12 29 33 15 60 41  3 38 77 70 
83 37 54 21  2  4 80 13 86 42 69 57 87 100 18 28 26 21 100 62 
20 53  1 48 51 72 38 36 56 92 30 26 80 50 65 40 52 59 46 87 
14 35 19 26 25 79 86 21 35 31 64  2 90 49 60 18 26  3  6 78 
28 73 82 15 75 94 52 21 67 75 16 49  4 26  2 51 94 46 15 93 
 6 97 46 90 37 82 43 43 28 60 44 32 77 55  1 35 58 84 60 76 
 7 27 98 30 58 21 62 79 100 82 94  8 19 53 87 46 20 33 96 40 
28 17  7  6 99 99 10 11 14 93 21 92 44 81 24 52 97 60 70  6 
28  4 20 100 87 36 64 13 89 92 65 51 58 85 54 86 26 36 83 47 
 3 16 83 20 58 65 67 44  9 45 72 15 67 75 70 56 92 51 33 46 
 7 97  9 27 78  5 11 46 58 93  9  9 30 35  5 27 76 16 76 60 
56 99 31 68  3 68 85 67 92 50 68 34  1 37 21 26 68 90 11 78 
81 23 53 100  5 68 50 83 92 52 67 16 64 21 85 65 51 22  7  1 
60 34 55 59 30 75 67 18 36 78 34 42 38 89 19 74 30 82 59 20 
95 24 14 61 62 39 17 80 72 45 25 47 70 37 96  2 17 50 14  8 
100 76 11 26 62 33 34 88 59 39 14 66  2 22 78 95 69 22 64 17 
17  8  7 90 65  5 82 10 19 69 44 44 69 17 17 61 46 86 48 11 
90 95 28  2 75 34 53 33 80 66 49 27 29 52 29 58  5 88 84 75 
41 19 76 35 37 23 79 38 62  8 33 34 100 49 13 61 73 37 27 76 
70 96 49 31 25 100 22 67 84 66 33 30 16 39 54 82 87 52 89 32 
72 36 100 61 64 56 68 66 100 27  8 88 59 14 59 86 49 69  9 83 
73 56 79 93 96  1 43 83 57 82 83 58 50 38 99 27  1 79 14 85 
57 92 95 19 56 58 27 22 17 16 40 18 77 58  6 97 93 46 30 89 
75 82 65 59 23 66 60 69 86  8  4 70 96 78 30 81 68 60 26 50 
51 44 95 68 79 57 37 48 73 28 19  2 38 93 75 52 36 12  2 11 
 5  2 97 44 27 73 62 93 55  1 25 74 18 18 68 80  7 29 65 92 
 4 40 34 66 21 93 39 59 12 77 83 93 39 47 56 87 71 23 59 90 
20 58 58 28  8 52 84 47  3 85 32 18 33 37  4 21 47 78 53 30 
 8 51 12 70 70 31 88 61 36 53 18 48 98 20 12 29 62 15 54 12 
25 80 99 65 45 51 87 50 66 84 20 60  9 59 64 80 53 58 37 84 
75 25 23 79 12 27 88 48 66 79  1 11 10 31 68 99 95 79 74 84 
93 11 31 98 85 36 23 39 23 93 32 53 23 73 28  3  8 92 100 81 
64 56  4 33  8  2 90 47 60 60 14 66 46  1 96 23 11 75 57 61 
26 88 65 12 60 19 83 22 95 48 62 13  4 58 49 46 10 85 65 94 
31 93  7 60 52 24  2 48 18 68 91 84 71 65 72 20 36 24 84 26 
 4  7 66 20  3  7 76 94 86 85 79 59 64 47 14 31 35 13 82 48 
 1 10 33 60 69 51  1 97 99 73 33 89 52  2 88 33 26  9 58 64 
 7 84 89 10 24 76 84  4 55 67 90 31 37 91 35  6 49 19 14 16 
85 69 74 22 17 90 60 70 69 62 56 71 79 65 96  8  1 16 29 91 
 6 43 79 25 89  3 91 40 70 32 49 100  4 56 22 17 90 72 23 67 
35 96 11 90 65 55 94 56 50 100 35 72 28 41 87 95  5 18 37 20 
20 55 85 74 62 33 52 90 45 20 71 47 91 57 67 31 87 33  9 87 
47 17 36 34 10 40 48 39 32 21 59 13 60  4 47 38 33  7 24 55 
99  8 100 84 67 46 60 75 16 27 28 96 78 36 77 100 24 27 59 15 
92 60 14 26 59 93 36 78 87 68 77 51 70 72 71 33  8 81 92 94 
39 13  1 92 52 84  7 79 17 88 21  8 97 54 88  3 39 65 76 27 
86 29  7 53 44 89 98 87 89 55 94 81 88 62 58 25 38 62 99 90 
73 79 78 55 27 29 60 11 29  2 34 72 66 60 82 29 96  5 72 32 
83 70 29  8 37 76 27 59 76 83 38 79 97 43 85 51  5 21 15 18 
47  6 67 54 53 83 65 95 29 10 10 80  9  1 11 33 28 85 61 56 
12 87 16 95 15 32 50 44 43 74 79 44 51 97 38 27 17 94 57 59 
56 86 38 80 59 36 32 19 18  3 34 12 61 89  7 89 19 83 53 68 
22 66 77 19 43  6 31 22 93 28 83 68 71 50 94 73 67 72 51 38 
25 88 22  1 58 67 13 43 64  4 29 42 18 32 56 50 72 20 10 37 
100 60 86 59 90 75 51  5 50 91 47 98 100 93 78 26 28 19 90 100 
51 62 25  4  8 90 43 15 96 51 72 32 12 85 65 32 49 69 16 52 
57 62  1 52 23 84 80 59 42 67 64 31 95 67 39 78 73  4 30 80 
33 35 68 58 44 100 52 44 55 93 32  8 83 62 63 73 18 96 84 18 
54 42  2 87 13 15 12 93 97 26 18 44 73 75 49 59 41 95 36 90 
83 59 12 71 84 45 59 49 28 59 38 79 63 81 79 10 81 65 43 71 
81 53 85 27 60  5 36 76 75 83 16 19 53 25 45 97  9 81 63 33 
66 14 73 51 95 56 73 77 19 42 91 63 85 47 55 85 28 85 25 23 
 4 47 14 100 77 39 72 19 57 58  4  1 39 12 88  4  3 15 51  4 
47 99 93  8 54 37 88 67 37 36  6 54 64 71 50 24 42 15 56 65 
23 37  9 59 29 17 31 98 10 49 98 52 61 73 10  2  4 50 53 78 
 5  4 83 99 85 17 22 91 27 54 92 23 80  5 69 30 43 29 31 59 
90 31 91 52 69 86 77 83  6 26 21  9 45 93 79 57 85 18 52 20 
80 76 66 38  8 55 90 30 94 19  1 82 61 83 14 84 45 62  5 36 
 8 16 91 82 83 20 11 27 44 60 13 97 37 49 55 23 74 52 14 30 
52 65 46 17 61 31 23 35 57 86 10 34 37 49 33 44 78 37 94 40 
18 39 84 65 80 73 27 65 65  5 71 67 87 96 74 28 70 81 36 20 
57 67 22 63 31 35 95 14 70 40 24 10 58 71 14 51 59 17 25 29 
89 61 66 97  4 99 47 25 46 70 50 37 56 33 11  5 18 27 54 99 
68 55 79 19 75 25 100 51 58 34 62 66 49 24 62 38 45 48  5  3 
63 37 56 63 86 67 73 99 57 44 85 63 29 33 60 65  7  3 13 63 
13 39 10 100 19 99 88 96 73 53 51 96 32 56 14 34 94  5 89 37 
11 57 83 13 61 10 48 44 35 61 34 96  5 32 24 31 56 37 57 21 
88  8 48 89 62 87 43 86 87 48 35  6 99  2 91 28 28 28 74 42 
32 40 67 97 34 40 37 58 43 76 29 65 43 24 59 31 84 26 93 75 
 6 96 91 19 42 38 78 18 93 10 27 45 74 26 16  9 22 99 84  1 
55 17 93 78 17  9 55 34 55 34 10 97 88 50 51 96  5 92 41 24 
62 46 37 15 33 45 41 28  2 17 50 59 17 29 38  3 42 63 42  4 
83 54 56 60  3 26 73 62 23 70  1 19  2  9 85 74 31 23 60 64 
27 92 21 24 70 99  3 46 27 100 65  5  2 50 15 47 69  2 91 15 
92 44 14 16 11 89 24 84 38 31 70 84 49 85 64 84 11 45 96 76 
35 73 45 85 66 43 95 77 20 59 56 51 81 65 17 41  2 50  6 27 
57 70 86 17 79 50 50 97 79 89  4 37 36 87 20 91 20 65 87 69 
91 19 96 41  9  3 15 56 67 49 45 75 46 73 25 91 69 27 70 53 
 5 14  2 89  4 42 25 17 35 65 93 14 29 100 27  9 71 99 58 84 
67 42 94 33 100 36 65 33 37 52 98 94 14  2 72 13 50 82 16 66 
60 14 27 46 51 74 17 77 86 53 15 87 92 71 29 88 32 59 79 25 
16  6 34 19 18 26 31 97  2 44 70 82 79 54 56 56 37 45 74 57 
67 54 43 81 37 74 66 50 63 84 50 53 62 39 34  7 11 39  4 40 
33 20 78 94 57 24 88 24 52 29 64 12 54 44 50 58 75 49 96 49 
98 69 20 35 75 83 49 88 44 91  6 94 81 29 29 52  6  4 82 10 
95 28 87  9 45 15 33 15 97 91 18 32 98 48 92 26  1 24 17 19 
 7 93 67 56 87 61 76 59 15  3 35 56 33 55 34 56 13 28 41 90 
11  5 82 13 64 52 98 38 28 66 49 91 55 29 15 14 75 48 57 81 
21 21 32 20 72 50  8 17 42 71 52 24 15 44 28 33 23 13 64 11 
59 17 20 22 60 34 93 30 22  9 31 20 84 82 92 84 66 94 64 38 
85 57 39 88 94 77 60 22 84 32 31 83 51 81 68 40 30 35 67 19 
60 94  4 39  3 57 37 18 90 14 15 42 96 14  5 23 63 51 67 24 
67 20 18 28 46 86 81 87 50 80 92 41 69 13 67 98 34 58 76 68 
12  2 61 78 15 15 10 40 80 19 44 85  2 67 42 58  3 91 53 79 
85 64 13 36 89 76 19 29 77 32 52 59 61 98 42 57  8 23  2 52 
67 33 32  6 20 41 11 48 64 78 13 82 51 66 62 33 88  9 57 38 
65 65 11 94 30 80 53 10 51 20 66 64 65 97 32 42 99  9 68  5 
