10 100
40 88 86 45 88 82 98 15 47 42 
97 13 82 44 42 63 29 24  1 93 
 9 40 45 63 47 28 84 17 22 65 
27 77 46 91 57 42 88 77 94 11 
47 31 79 96 33 17 82 97 51 96 
65 50 23 82 21 18 23 72 67 99 
42 11 86 87 52 31 44 61 13 100 
 9 77 65 97 46  4 22 10 17 11 
59 58 85 58 93 92 76 33 65 11 
29 75  9 97 90 71 64 19 82 56 
17 88 25 16 65  1  4 49 54  1 
 8 14 59 56 60 32 74  9 100 12 
36 20 23 17 62 49  7  8 34 45 
72 17 75 18 27 39 13 32 79 48 
91 54 73 66 85 13 15 60 63 11 
68 97 71 52 85 21 70 29 84 53 
28 58 71 98 56 14  2 19 14  5 
27 79 90 52 20 77  3 18 90 24 
47 71  8 13 73 44  9 65 61 14 
74 38 58 82 61 42 59 25 67 60 
57 11 48 74 65 19 29 87 35 98 
65 51 66 52 50 85 55 10 24 56 
80 100 50 97  5 71 45 85 37 43 
 8 20 80 69  3 50 51 82 95 63 
94 76 40 14  6 69 20 81 62 36 
23  5 20 92  2 87 41 45 55 71 
87 93 58 34 36 41 37  7 47 66 
83 83 56 61 81 70 83 83 48 24 
48 12 92 42 78 52 55 15 51 60 
94 24 18 20 89 11 74 25  5 39 
33 60 87  3 44 38 23 29 16 31 
 3 80 63 23 16 44 23 93 77 90 
20 96 69 66 67 63 44 55 24  9 
98 99 96 65 69  9 62 56 85 100 
32 33 68 50 90  8 10 81 64 28 
82 57 64 40 49 52 36 59 10 68 
63 35 93 47 16 28  8  5  2 34 
25 50 22 72 75 56 47 41 63 85 
33 36 69 17 25 51 83  2 95 46 
59 70 26 30 24 76 44 74 87 89 
45 30 49 90 87 20 28 88 81  9 
75 89 15 100 69 23 90 43 93 100 
30 44 46  6 35 60 19 68 24 35 
19 46  4 18 44 68 60 53 90 26 
62 68 12 65 11 87 41 86 99 85 
20 22 53 54 68 97 53 16 30 78 
18 21 38 41 74 79 70 10 37 84 
11 36 19 90 74 40 62 95 83 66 
72 38 91 81 86 27 45 60 50 98 
40 93 16 18 46 57 62 75 39 43 
60 84 79 54 91 63 98 59 44 99 
81 100 89 13  3 61 42 79 39 44 
81 41 100 26 74 68  3 86 100 85 
28 41 94 18 98 100 64 99 99 49 
70 89 61 76 26 43 56 26  6 45 
50 60  1 98 97 56 67 85 80 75 
50 13 28 56  3 42 86  5 19 85 
21 23 81  5 12 41 82 71 75 75 
86 84 87 99 76 19  5 81 75  2 
 2 37 37 24 27 28 52 34 92 93 
 5 27 75 78 26 10 86 74 27 19 
69 85 74 54 84  3 75 72 95 85 
68  1  1 72 54 88 82 63 68 67 
94 52 88 24 22 47 94 18 18 46 
65 78 15 10 45 10 15 92  3 53 
75 39 54  8 40 46 43  5 49 47 
 2 100 26  3  3 75 89  2 28 72 
61 53 24 85 34 27 30  8 45 85 
84 76 94 89 25 66 50 16 76 32 
30 71  4 18 24 35 28 94 67 96 
40 91 47 62 42 17  7 29 45 21 
17 34  1 41 61 10 51 94 47 51 
50 62 56 12 36 22 97 12 32 38 
41 94 63 91 59 45 93 91  2 78 
55 88 36 16  8 92  1  6 41 47 
83 26 56 82 69 64 79 22 75 98 
12 99 41 86 88 93 58 46 62 60 
89 50 30 83 68 47 71 43 83 59 
 6 15 19 71 78 33 10 44 80 21 
92 75 27 36 58 35 18 83 26 38 
85 21 84  8 12  4 36 79 26 11 
 5 23 86 51 40 82 33 39 56 69 
77 83 69 84 18  5 35 48  4 76 
10 67 80 100 57  7  2 66 67 69 
62 76 100 42 66 86 99 50 85 50 
87 73 59 20 42 87 21 59  5 70 
90 67 23  6 13 94 35 57 30 89 
52 55 67 58 63 70 57 40 44 46 
12 53  4 36 47 72 52 65 99 12 
75 75 98 17 63 23 61 91 37 94 
95 63 72 26 23 17 96 11 73 18 
24  4  3 71  1 78 74 94 54 94 
85 91 24 19 25 34 76 75 24 81 
66 60 25 50 72 75 73 99 56 23 
96 65 68 11 55 44 47 76 26 13 
80 77 68 53 44 10 100 67 22 14 
95 86 33 74 18 32 32 48 18 19 
37 79 70  1 72 74  3 32 82 19 
99 13 34 59 32 88 46 43 12  5 
70 12 57 52 30 37 65 25 92  9 
