10 20
50 31 56 20 31 71 82 10 14 56 
35 16 77  3 51 16 33 60 72 30 
53 17 57 29 56 53 94 18 70 46 
70 43 20 47 63 90 58 51 54 60 
27 36 31 44 58 28 13 89 18 64 
57  3 71  6 91 49 76 11 57 78 
 8 44 73 33 66 47 69 88 61 77 
71 37 24 82 34  8 100  4  9 12 
32 49  7 63 19  3 56 42 34 88 
27 45  6 30 30 77 63 84 27 93 
29 11 63 92 80 61  3 63 38 88 
14 94 33 23 36 25 78 40 48 76 
14 27  3 64 91 72 18 14  8 63 
41 61 11 51 91 74 94 14 72 13 
42 23 23 19 39 35 91 86 100 77 
20 33 68 77 31 49 46 57 20 41 
88 60 53 29 17 27 36 44 63 71 
76 10 20 74 55 56 54  7  7 74 
83 96  2 29 99 24  1 17 22 23 
80 49 23 33 88 50 49  4 75 69 
