2 200
100 64 
 5 58 
47 77 
 1 68 
83 92 
50 73 
15 57 
55 43 
83 16 
43 98 
76 70 
84  4 
 9 92 
93 15 
95 51 
63 29 
18 22 
39 22 
84 80 
 8 60 
80 34 
61 19 
79 18 
30 76 
43 39 
94 48 
33 96 
16 82 
13  6 
82 98 
42 52 
 4 76 
48 46 
57 44 
49 87 
69 68 
100 43 
24 58 
85 64 
76 33 
41 11 
67 10 
20 16 
48 30 
25 66 
71 100 
68 64 
58 26 
92 80 
46 81 
86 75 
13 12 
 8 84 
65 24 
11 51 
11 80 
39 36 
41 55 
 9 63 
58 64 
 2 20 
80  8 
66  3 
85 34 
67 56 
50 89 
26 66 
 6 13 
51 27 
 1 18 
15 18 
17 42 
62 87 
 9 35 
65 63 
 5 37 
52 21 
82 90 
12 38 
12 13 
57 97 
77  1 
94 58 
74 18 
69 91 
79 72 
68 10 
98 98 
 3 90 
15 38 
45 32 
95 83 
75 27 
24 89 
55 43 
79 20 
42 80 
43 100 
54 33 
28 68 
23 58 
53  1 
13  1 
84  5 
 6 86 
13 10 
31 30 
37 54 
31 19 
21  1 
67 10 
80 93 
56 72 
73 83 
23 70 
20 30 
 6 82 
91 75 
67 87 
56 27 
17 93 
94 84 
70 40 
12 21 
46 100 
88 100 
55 47 
23 78 
36 56 
56  5 
28 56 
38  4 
72 61 
36  3 
 8  7 
36 77 
97 21 
70 74 
21 98 
99 62 
37 85 
23 61 
100 61 
98 43 
46 34 
29 57 
44 87 
22 33 
17 12 
24 39 
11 26 
86 89 
77 57 
69 72 
81 26 
40 91 
32 49 
44 46 
87 10 
66 99 
 5 10 
79  7 
96 42 
 7 40 
89 87 
49 75 
65 62 
94 80 
12 29 
17  7 
66  9 
24  6 
78 45 
49 77 
66 10 
67 10 
66 60 
79 81 
36 14 
 8 90 
69 58 
68  8 
 7 18 
87 53 
26 61 
93 98 
35 46 
93 11 
99  6 
64 93 
44  2 
29 37 
24  5 
99 15 
15 93 
23 37 
82 81 
78 25 
97  8 
15 51 
