5 50
75 16 85 97 73 
11 60 40  9 73 
11 19  8 96 56 
48 33 78 61 59 
85 96 93 57 94 
16  3 62 12 58 
40  1 17 27  1 
83 72 90 59 52 
39 42 88 100 14 
20 99 35 80 37 
62 55 34 52  9 
27 55 52 11  8 
79 12 93  9 49 
81 100 41 29 17 
40 15 56 27 74 
52 51 74 72 73 
27  1 38 24 56 
49 54  2 12  5 
95 92 45 58 54 
74 68 32 70 74 
41 84 82 57 75 
48 82 84 83 80 
34 94 26 100  4 
69 21 53 33  5 
26 96 99 21 40 
21 99 22 54 23 
 8 37 91 86  8 
71 46 79 51 55 
 3 10 32 88 70 
 2 92 90 27 42 
30 12 64 20 16 
 8 34 66 70  3 
13 11  5 94 31 
63 81 18 21 49 
35 90 71 62 47 
69 20 44 55  9 
66 50 80 37 70 
40 84 11 53 77 
62 54 100 31  8 
90 99 83 34 93 
100  2 87 73 30 
 2 18 16 98 96 
93 66 42 65 50 
64 52 87 68 21 
58 22 98 98 21 
17 43 10 98 79 
13 37 93 54 86 
42 17 89 81 95 
60 42 96 84 58 
38 48  6 27 55 
