2 100
 3 53 
75 88 
59 12 
24  8 
100 52 
 8 72 
32 84 
95 82 
76 75 
 9 12 
27 75 
 6 57 
24 46 
 3  6 
50 40 
84 78 
67 62 
49 90 
97 83 
54 35 
36 65 
52 21 
58 11 
66 79 
20 85 
10 90 
58 58 
82 21 
28 21 
65 14 
61 74 
96 59 
10  7 
62 98 
54 15 
95 84 
96 35 
35 16 
11 95 
29  3 
64 38 
42  8 
33 68 
38 69 
100  7 
 6 60 
70 29 
11 87 
91 79 
91  3 
 6 39 
61  9 
28 62 
17 71 
62 54 
82 95 
97 64 
46 86 
58 63 
25 31 
33 35 
39 66 
92 49 
97 93 
60 74 
74 60 
49 72 
17 77 
46 51 
69 53 
29 11 
82 59 
15 23 
26 35 
72 24 
81 62 
47 97 
 5 77 
40 72 
60  1 
59 24 
75 98 
88 91 
44 88 
86 48 
38 81 
82 33 
100 99 
 9 19 
43 81 
96 27 
14 81 
59 50 
47 82 
13 56 
16 87 
76 68 
97 58 
13 70 
75 51 
