5 50
15 26 72 46 46 
52 35 97 52 91 
47 72 85  6 46 
56 97 90 36 51 
61 98 27 46 26 
78 28 51 66 62 
68 62 62 30 74 
65 57 91  5 61 
17 83 87 99 29 
33 83 80 42  7 
42 66 40 17 19 
34 67 93 23 39 
39 77 13 45 75 
66 20 27 20  9 
 4 98 12 25 27 
96 94 23 15  9 
68  2 39 67 51 
86 86 98 24 81 
28 99 65 33 87 
21 62 47 50 76 
 3 59 53 49 68 
10 74 36 59 40 
 4 32 55 21 66 
69 92 67 50 14 
49  4 73 46 33 
11 40 49 49 50 
42 98 100 54 96 
43 84  8 38 59 
 6 63 32 16 54 
67 93 34 99 46 
64 30 96  7 100 
92 46 84 37 83 
92 66 90 31 55 
86 30 58 38 37 
59 50 44 46 38 
97  1 13 52 17 
72 10 88 72 32 
40  1 60 54 36 
64 63 85 26 74 
52 98 14 87 37 
21 53 24 76 41 
40 59 97 90 90 
40 82 51 75 86 
61 100 35 89 79 
 4 77 14 39 74 
67 17 82 33 25 
 9 74 53 31 28 
46 98 84 17 26 
 7 59 19 42 67 
64 38 83 92 59 
