10 20
38 52 28 13 62 42 22 44 47 59 
73 18 43 92 27 38 17 89 75 13 
17 88 32 93 64 54 100 30 81 72 
55 49 20 92 80 51 53 69 24 28 
 8 99 30  4 29 40 13 86 28 46 
83 100 96 78 100 31 67 93  7 40 
63 45 26 28 63 72 76 67 71 86 
62 24 24 37 89 56 27 28 44 85 
77 26 62 18 95 44 79 76 12 34 
92 49 43 77 78 31 34 13  6 63 
13 50 95  4 20 73 90  5 57 13 
92 49 48 83 27 92 50 87 29 29 
92 26 31 15 96 32 91 49 15 95 
56 15 72  2 30 44 65 18 67 53 
36 75 93 54 34  2 20 75 95 88 
70 29 41 86 61 17  1 65 53 14 
10 62 67 43 44  9 54 24 34 97 
55 93 62 29 97 11 41 27  8 49 
26 46 61 62 23 27 91 62 22 43 
17 50 55 84 45 53 29 17 90  6 
