2 200
24  4 
 1 85 
48 75 
94 69 
91 68 
13 98 
37 56 
 6  6 
13 26 
57 64 
72  5 
98  9 
10 15 
79 19 
52 68 
55  1 
43 55 
10 82 
41 67 
46  8 
 5 23 
15  3 
54  7 
89  5 
67  9 
 5 57 
 3 27 
64 59 
32 71 
96 30 
 3 69 
40  5 
22 56 
 6 96 
77 22 
77 87 
99 85 
97 22 
94 39 
83 38 
39 93 
68 48 
62 19 
51 65 
34 60 
25 16 
84 81 
49 15 
21 84 
58  9 
95 34 
13 99 
34 91 
53 87 
77 59 
13 79 
68 72 
14 24 
44 27 
 8 48 
84 17 
76 81 
27 10 
16 71 
27 92 
29 75 
97 47 
61 99 
74 44 
61 51 
39 91 
50  5 
22 34 
71  6 
14 70 
23 25 
27 54 
 2 27 
82 34 
36 30 
31 38 
91 72 
97 31 
33  3 
54 42 
 8 53 
45 35 
65 85 
36 15 
24 68 
66  8 
79 24 
89 57 
 6 72 
90 67 
81 100 
 8 11 
86 63 
41 97 
100 29 
33 28 
83 80 
32 77 
11 19 
50 97 
 4 94 
29 100 
37 13 
32 56 
13 26 
73 32 
 4 13 
14 43 
74 88 
53 45 
82 48 
54 20 
92 73 
10 41 
80 29 
 5  3 
13 85 
47 67 
59 85 
76 12 
86 45 
94  3 
59 63 
67 88 
43 62 
 3  6 
59 15 
59 89 
63 79 
 4 13 
43 38 
29 61 
82 80 
34 75 
26 87 
72 27 
26 47 
83  1 
43 66 
82  3 
27  1 
87 87 
84 46 
19 77 
24  3 
73 41 
83 62 
91 15 
79 21 
89  7 
17 25 
32 31 
49 56 
 2 41 
72 86 
10 82 
 6 64 
83  3 
 4 96 
52 71 
17 47 
70 46 
85 79 
33 48 
 5 38 
83 20 
31 33 
95 14 
17  2 
40 25 
81 17 
87 72 
 1 17 
39 31 
95 37 
 4 36 
29 52 
79 46 
51 87 
17 14 
44 99 
 5 18 
75 10 
14 25 
93 79 
86 17 
11 55 
28 59 
87 79 
68 71 
50 69 
10 50 
60 71 
71 19 
31  7 
