5 50
25  4  8 74 99 
24 32 45 51  3 
61 34 29 27 37 
66 24 50 67 62 
40 46 33 25 37 
62 36  9 19 85 
31 68 27 82 53 
25 10 21 42 75 
84 31 24 55 74 
50 14 21 29 37 
56 76 70 11 16 
 5 17 93  4 48 
56 56 69 61 84 
 2  8 38 24 76 
36 61 89 17 30 
15 85 44 78 44 
29 92 30 52 91 
33 60 69 24 98 
22 94 68 55 71 
20 81  9 16 62 
72 24 76 90 64 
98 38 49 47 49 
15 68  8 16 79 
10 41 16 90 79 
34 17 60 25 73 
67 37 36 35 97 
61 11 45 40 74 
48 24 52 100 34 
62  2 80 68 70 
46 29 86 41 85 
71 92 21 45 70 
32 39 40 75 26 
 2 40 62 55 24 
38 80 61 56 39 
76 70 31 45 49 
18 87  2 33 94 
64 67 39 46 55 
36 95 21 86 33 
45 54 75 72 84 
91 23 94 92 53 
54  8 12 27 26 
88 73 15 50 19 
85 75 59 51 64 
33  4 48 51 47 
14 68 34 80 92 
52 76  9 35  6 
36  9 29 50 85 
18 87 66 45 52 
30 18 15 24  4 
50 13 71 15 37 
