2 100
70 75 
39 95 
44 88 
14 60 
40 21 
62 40 
82  9 
77 66 
53 33 
37 83 
66 75 
63 97 
53 65 
84 88 
22 48 
73  9 
77 58 
 3 69 
 3 26 
30 23 
80 42 
14 22 
 3 26 
 2 57 
80  3 
 9  5 
45  7 
75 94 
97 79 
65 49 
96 36 
91 51 
89 48 
50 51 
45 23 
88 40 
91 88 
 6 99 
27 42 
77 33 
43 64 
66 44 
94 87 
65 15 
59 23 
20 61 
14 25 
32 75 
10 82 
56  9 
88 24 
12 98 
60 36 
53 24 
34 62 
81 92 
23 22 
 5 85 
100 39 
21 96 
91 52 
88 91 
34  7 
 9 63 
81 100 
15  9 
12  3 
14 31 
 1 67 
20 36 
56 23 
 8 93 
81 27 
 4 15 
91  4 
91 46 
15 43 
14 35 
77 45 
71 24 
13 68 
22 50 
 1 94 
94 94 
53 31 
51 89 
97 51 
61 81 
57 12 
41 43 
77 84 
37 51 
74 86 
63 13 
 5 83 
10  5 
91 19 
34 96 
70  2 
67 16 
