10 50
53 67 69 14 19 56 41 57 64 44 
16 74 51 46  1 25 42  8 18 18 
 8 74 81 74 55 36 55 66 48 24 
69 90 24 79 89 48 16 35 52 86 
51 12  5 74 24 24 24 39 12 22 
10 11 11 33 35 58 84 52 85 42 
 2 51 24 68 70 59 70 48 98 70 
82 26 50 77 84 47 29 15 32 71 
37 80 78 56 53 39 83 55 36 75 
58 73 71  4  6 94 81 98 70 43 
73 76 31 41  8 96 47 52 89 30 
35 97 98 59 38 29  4 98 66 56 
78 84 48 77 72 36 54 57 54 92 
78 64 92 13 100  6 70 48 38  3 
88 60 89 60 86  9 90 17 73 91 
88 22 33 11 98 73 75 92 11 22 
15 81 73 70 44 85 66 91 54 69 
42 10  9 93 87 45 88 21 47  8 
12 96 81 10 45 82 58 40 38 94 
84 44 39 12 40 19 87  8 86  3 
71  2 74 50  7 61 92 36 37 20 
88 31 80  1 79 96 18 53 93 76 
74 68 64 33 94 50 39 24 33 77 
72 87 85 19 61 53 77 21 25 21 
34 40  8 30 18 63 48 98 64 79 
100  2 17 65 92 68 39 11 43 18 
74 17 97 17 42 11 68 32  2 27 
26 97 17 36 43 13 15 59 94 55 
25 47 17 94 67 49 46 41 40 15 
49 77 99 93 73 72 33 71 30 43 
24  1 27 37 82 42 47 35 20 43 
100 11 35  5  2 67 84 20 74 40 
13 89 86 77 63 83 55 58 92 40 
85 35 38 66 67 10 46 26 28 58 
62 91 31 12 93 99 20 35  9 65 
75 97 89 49 65 12 10 19 34  6 
16  3 69 48 96  9 60 79 99 51 
48 48 24 36 72 35 19 34 82 87 
84 13 46  2 91 46 71 62 58 43 
75  4 82 16 94  2 100 77  5 12 
48 24 23  1 98 47 13 35 61  2 
74 60 37 74 82 76 14 59 91 60 
58 72 49 15 48 75 61 98 83 86 
90 21 72 22 33 18 58 12 41 88 
71 63 98 25 86 49 83 53 63 61 
14 29 84  5 37 53 53  8  3 19 
 2 62 82  9 58 48 17 23 38  8 
98 28 86 50 54 31  6 88 31 94 
64  9 25  3 27 30 29 91 62 45 
95 74 50 31 37 95 43 99 50  2 
