5 50
46 13 74 92 75 
67 37 66 90 57 
33 13 30 27 85 
86 40  6 11 76 
29 21 23 13 57 
14 29 40 35 84 
87 86 83 82 71 
73 96 56 34 51 
 7 17 72 22 81 
90 19 77 40 25 
 4 70 47 15 82 
33 84 26  9  9 
58 35  4 87 26 
90 89 95 85  1 
41 36 39 39 49 
20 18 74 99 94 
95 85 32 49 48 
35 90 78 52  7 
38  8 10 22 70 
91 28 80 28 62 
74 87 28 58 76 
56 26 43 56 31 
23 26 44 71 33 
56 81 34 35 28 
69 84 44 81 85 
63 25 81 17 57 
71 46 20 76 39 
100 58 94 33 31 
42 58 45 80 64 
49 87 15 91  6 
44 94 89 71 10 
76 51 76 70 41 
80 44 64 29  3 
47 49 88 54 63 
20 56 74 77 23 
98 49 28 24 73 
64 48 71 26 99 
24 83  6 71 72 
61 50 64 53 27 
28  1 67 51  9 
12 26 51 20 53 
57 40 70 91 51 
46 23 47 54 82 
 6 67 30  8 40 
24 84 62  1 23 
13 12 12 26 21 
86 98 45 33 74 
47 74 12 93  8 
 3 25 52 93 26 
28 22  2  5 40 
