10 20
71 53 82 30 15 62 44 57 26 18 
97 27 55 52 62 45 22 34 15 69 
54 92 96 39 51  3 72 56 25 45 
71 60 28 55 72 70 70 83 98 38 
75 90 71 57  5 63 22 49 42  7 
87 36 29 41 24 85 38 17 36 91 
 9 63 44 19 99 94 41  6 67 24 
45 71 67 11 98 58 51 40 18 30 
39 30  2 21 36 61 75 88 18 45 
35 83 99 74  2 34 43 71 66 42 
100 95  3 50 89 94 25 34 89 76 
54  8 80  7 60 59 88 64 38 43 
89 93 53 44 46 77 24 99 66 37 
70 98 56  4 32  4 55 47 87 24 
32 14 35 60 77 61 18 51 51 21 
94 66 17 50 31 15 16 11  9 54 
37 14 49 66 24 88  5 11  6 27 
77 72 62 50 70 27  7 54 83 26 
82 64 67 78  2 35 17 75 47 38 
50 87 31 94 100 80 85 70  6 28 
