5 200
92 37 46 77 58 
44 58 79 83  4 
78 22 98 61 35 
75 68 59 27 81 
34 66 67 37  1 
52 14 89 39 15 
39 13 92  2 48 
67 77 53 23 75 
26 20 57  6 94 
 8 18 39 76 86 
16 24  9 88 10 
 4 70 23 92 58 
30  4 62 39 30 
 6 11 92 94 89 
52 44 57 15 83 
83 29 93 34 83 
94 25 31 69 35 
10 59 47 40 55 
19 10  5 89 90 
57 54 76 12 66 
44 60  1 64 20 
33 11 98  2  9 
27 85 91 45 37 
78  3 43 16 64 
47 80 90 40 40 
59 94 98 59 89 
53 18 84  7 15 
79 94 12  8 56 
26 70 38 94 57 
43 69 55 56 97 
47 91 99 98 88 
37 21 46 93 84 
98 23 79 32 90 
19 61 34 32 80 
30 27 28 97  4 
18 97 30 80 68 
47 56 53  7 54 
25 97 60 100 51 
94 88 29 83 86 
46 42 56 22 75 
42 65 53 80 41 
16 56 31 78 31 
98 69 15 98 30 
 8  1 76 70 19 
10  9 87 77 36 
80 34 78 84 20 
18 14 68 96 23 
44 15 55  1  1 
27 55 68 41 84 
 7 39 79  6 63 
76 90 100 58 95 
100 12 39 65 16 
86 79 83 34 66 
89 99  7 87 15 
40  3 49  4 11 
12 48 34 39 65 
88 68 21 52 19 
54  7  7 38 10 
 5 52 52 71 80 
41 60 95 74 61 
62 13 76 86  4 
52 46 58 49 25 
72  8 97 72 89 
19 94 23 66 45 
75 52 59 17 57 
10  4 59 71 32 
61 73 23 95 43 
 4 86 83 43 77 
16 40 24 10 50 
 9 80 12 23 14 
75  2 46 53 61 
52 73 65 32 37 
89 24 76 88 32 
86 33 89 41 44 
55 62 71 37 48 
73 44 38  4 61 
48 13 99 99 39 
31 94 71 90 34 
87 68 47 23 37 
49  2 61 63 73 
69 91 90 66 99 
97 86 21 12 51 
 7 82 27 78 88 
67 82 100 93 57 
61 12 20 28 59 
25 33 19 87 57 
42 83 64 17 52 
41 79 95 34 43 
88 19 22 33 83 
41 49 30 91 20 
49  9 87  9 21 
100 45 54  6 98 
15 64 66 12 92 
24 18 47 71 46 
53 90  7 12 88 
66 88 98 70 67 
15 30 23 67 95 
30 52 83 68  8 
65 94  5 100 98 
79 15 60  3 15 
 5 53 14  5 46 
82 26 11 51  2 
44  2 32 75 88 
62 36 61 98  4 
80 17 73 46 99 
95  4 70 82 27 
38 41 73 24 92 
81 72 15 12 90 
14 55 36 51 50 
17 96 23  1  6 
98 18 28 98 27 
63 22 15 20 13 
15 44 79 88 61 
86 47 55 65 17 
62 62  6 73 49 
82 81 80 62 34 
98 99 26 68 24 
72 52 40 12 52 
100 82 12 93 24 
18 98 80 36 59 
58 50 51 70 73 
89 16 74 18 38 
28 24 60 21 84 
94 19 86 19  4 
93 79 16 36 56 
20 89  2 78 17 
95 17 28 79 14 
10 50 22 37 49 
84 31 65 74 46 
49 45 51 48 21 
95 60 18  9 11 
16 84 45  8 12 
 8 55 91 49 25 
58 31 44 38 61 
84 48 76  9 51 
70 12 80 81 28 
17  3 45 19 41 
69 68 92 74 42 
83 65 36 62 13 
81  5 54 31 25 
59 48 42 56 37 
69  7 41 45 31 
26 87 24 25 76 
31 98 85 48 23 
73 86 53 74 46 
88  9  2 12 46 
84 58 47 67  4 
19 13 74 59 38 
25 34 25  5 91 
 4 74 39 30 63 
73  3 63 59 52 
60 94 99 54 96 
89 48 32 41 59 
81  9 87  5 20 
52 13 37 13 55 
 2 15 65 86 82 
98 19 83 79  5 
88 73 67 49  2 
96 99 11 57 20 
60 39 60 95 49 
48 77  2 61 99 
80 62 95 71 14 
46 73 35 97  8 
42  7 39  8 62 
27 81 99 97 16 
 1 47  5 54 57 
50 42 58 81 27 
31 60 59 53  8 
88 69 78 67 89 
18 18  8 14 97 
37 71 53 88 36 
75 10 62 24 85 
 1 52 18  3 82 
93 54 90 62 89 
 7 57 51 30 99 
94 50 73 12  1 
39 61 47 32 40 
66 20 16 88 72 
90 90  7 16 94 
 3 29 65  9 27 
56 70 28 62 58 
91 62 43 34 33 
58  6 57  6 32 
87  2 12 27 61 
88  7 41 79 79 
54 76 53 94 41 
26 58 97 43 80 
57 17 82 50 95 
61 81  8 74 13 
29  3 55  3 78 
70 65  8 46  1 
68 27 12 79 83 
43  5 93 15 10 
39 93 96 37 20 
47 82 15  7 18 
65 18 21 79 75 
59 82 96 53 10 
39 53 19 47 57 
15 83 50 53 72 
 2 75 41 45  5 
