5 100
49 61 92 39 62 
70 100 13 37 80 
50 98 59 85 62 
81 17 24 61 30 
55 17 84 69 76 
52 90 98 85 40 
 2 86 85  8 71 
 7 82 58  7 68 
32 76 35 96 46 
26 89  7 48 73 
88 29 27 56 96 
87  5 15 76 59 
33  1 97 90 25 
 8 14 54 70 81 
25 26 100 47 80 
33 59 56 20 33 
72 67 25 54 31 
96 32 47 100 11 
20 32 47 79 74 
16 36 12 33 25 
17 86  2 72 58 
 1 66 17 89 43 
 2 88 57 75  8 
12  6 13 83 63 
86 20 78  1 27 
32 16 50 64 21 
70 15 86 15 72 
 6 100 43 58 80 
82 75 30 74 16 
39  4 85 58 48 
70 50 69 20 84 
37 96 12 87 63 
57 60 99 69 20 
26 96 48 44 17 
94 64 90 21 24 
40 96 71  3 81 
86 31  5 26 71 
 4 58 22 83 80 
91 80 74 36 55 
96 86 48 61 66 
23 82 25 93 98 
59 14 17 80 23 
15 94  9 86 60 
98 84 71 50 75 
78 30 52 25 28 
77 30 90 29 80 
56 35 23 30 76 
22 12 18 30  3 
60  1 35 69 61 
78 49 92 29 69 
31 21 81 72 80 
57 33 70 35 10 
77 81 60 53 78 
56 79 13 54 18 
48 96 53 46 79 
36 13 93 41 90 
17 36 21 76 42 
72 58 81 50 13 
88 74 94 19  8 
14 94 22 44 73 
59 98 14 72 37 
63  1 11 49 69 
38 99 54 44 52 
51 67 100 74 87 
97 77 91 20 16 
25 25 75  6 49 
75 68 91 23 26 
18 74 45 100 97 
69 51 62 49 13 
79 52 64 42 47 
97 32 18 38 99 
22 77 94 14 14 
96 45  8 41 39 
 3 20 21 61 96 
78 62 75 85  4 
 8 67 84 42 68 
85 73 61 65  6 
11 16 100 75 63 
16 65 86  5 54 
31 35 93 40 49 
58 14 47 11 55 
37 26 83 87 52 
 1  1 99 68 27 
64 99  9 51 53 
80 44 14 94 95 
22 91 100 63 67 
33 32  4 95 75 
23  7 38 84 12 
73  9 44 12  5 
30 57 71 34 71 
57 94 99 50  6 
83 79 55 38 62 
52 37 36 22 34 
50  5 23 93 42 
66 69  9 52 37 
14 49 63 66 46 
45 68 59  6 64 
73 43 67 19 55 
28 36  3 60 26 
39 97 30  8 75 
