10 50
10 29 98 43 95  5 93 76 78 52 
77 80 14 43 31 90 87 30 18 19 
58 19 15 94  6  5 61 41  6 17 
95 13 55 53 94 81  7 32 21 73 
46 88 53  3 79 34 34 29 89  1 
13 58 94 71 10 42 82 61 24  6 
14 90 19 67 81 61 85 21 39 66 
36 76 86 17 92  2 92 73  1 87 
53 43 29 53 87 55 62  8 74 94 
81 41 22 93 15 54 81 50 77 30 
100 81 86  1 15 50 51 57 92 52 
14 59 87 78 78 58 80 74  2 62 
92 30 55 23 14 94  2 81 64 50 
71 61 18 33 40 27  7 13 56 96 
92 60 42 11 39 55 46 39 93 28 
 1 41 71 46 33 21 48 72  8 44 
 3 32 30 77 11 53 29 64 73 97 
81 66 58 97 76 25 79 18 24 87 
14 93  7 64 25  6 29 58 76 25 
 2 93 27 74 54 13  4 96 27 95 
89 42 58 86 56 10 27 20 94 42 
 4 72 81 44 12 52 65 14 17 52 
19 16 43 44 23 35 52 10 64 20 
46 42 91 39 75 27 78 73  1 61 
10 68 92  1 59 93 11 25 97 63 
99 89 33 22 41 36 23 41 45 67 
82 15 45  8 17 83 22 20  3 36 
40 94 16 98 91  8 25 92 28 90 
17 12 16  6 80 65 64 44 53 99 
28  7 12 62 88 88 98 12 91 14 
25 62 91 84 67 71 37 79 41 21 
73 18 27 17 53 25  5 35 48 74 
100 44 51 99 41  7 93 94 42 95 
51  9 80 21 30 66 49 70 89 79 
48  8 22 17 18 15 97 32 99 69 
39  8 61 33 19  7 65 59 25 87 
40 17 35 96 59 91 74 46 57 26 
25 71 27 57  3 47 67 41 70 58 
88 18 92 95 56 61  4 76 99  5 
21 26 20 88 71 36 52 71 95 96 
13 75 97 45 15 99 58 76 84 30 
45 56 91 73  8 66 63 30 28 24 
99  8 13 59 34 91 88 56  7  2 
28 59 56  4 97 45 29 58 66  5 
38 42 17 24 32 88 52 39 26 15 
78 80 13 62 71 47 42 30 85 31 
44 63 50 14 11 71 35  2 85 69 
24  5 72 37 77 69 84 76 15 97 
51 15 10 88  4 52 12 79 11 40 
29 47  4 43  9 30 57 22 97 85 
