20 20
61 27 84 57 79 97 82 96 34 14  1 59 52 43 69 89 67 10 48 24 
81 60  3 67 66 92 66  7 12 62  2 60 44 65 86 18 81 10 67 33 
42 84 88 95 69 77 95 58 68 56 35 67 34 100 56 36  3 52 84 43 
34 66 58 86 34 45 27  6 42 26 10 39 76 37 68 91 77 92 10 13 
66 79 83 42 46 18 51  3 65 15  7 10 100 13 33  8 20 68 58 21 
94 96 79 91 96 61 20 79  3 74 30 77 38 12  5 93 58 45 34 39 
20 63 45 40  8 75 37 21 80 45 44 65 74 79 36 70 39 14 39 80 
33 29 31 77 13 33 46  7 56 46 34 89 18 18 34 58 29 30 55 91 
54 96 21  7 89 78 32 84 48 83 45 33 63 35 45 14 66  9 44 85 
76 98 71 76 100 91 49 70 74  2 79 69 73 51 68 64 59 43 92  1 
98 25 79 18  8 67 91 69 22 58 70 99 61 33  5 97 15 50 90 95 
40 20 90 86 48 48 83  1 31 91 84 34 48 90 91 83 16 97  8 20 
91 34 65 41  2 32 91 14 50 65 78 70 84 34 70 76 69 84 82 39 
29 21 41 18 97 25 73  6 44 61 61 79 78 52 48 62 89 75  3  6 
51 23 10 60 28  5 92 76 85 92 89 22 71 91 25 43  1 39 44 87 
39 42 87 75 35 61 79 62 25 61 39 81 15 30 11 23 88 79 86 49 
93 84 23 25 66 58 24 61 61 59 38 63 31 80 96 100 60 23 17 69 
14 46 63 90  8 34 11 93 58 44 29 96 82 71 93  1 56 69  5 76 
60 90 33 51 94 74 89 58 98 82 71 21 88 47 55 64 92 99 90 49 
23 97 87 54 37 66 45 63 53 84 89 17 47  4 96 66 47 48 41 69 
