5 50
12  9 93 24 88 
77 38 61  9 74 
75 32 54 39 46 
16 94 17 90 70 
63 44 31 24 71 
97 78 42 33 78 
94 93  3 16 13 
56  7 14 60 55 
 4  3  6 91 25 
91 99 76 30 48 
75  8 99 10 75 
58 79 94 28 70 
37 47 53 99 34 
57  8 73  5 19 
39 93 17 19 16 
 1 27 34 80 93 
89  9 86 50 70 
16 73 34  5 28 
28 39 87 83 23 
31 19 85 37 35 
43 42 34 11 56 
19 37 44 58 53 
27 68 45 59 23 
31 92 83 30 100 
61 34 42 90 60 
26 77 36 82 32 
90 89 68 66 42 
35 98 96 46 92 
68 18 74 86 37 
48 92 68 82 77 
54  6 67 72 54 
47 31 28 86 28 
41 97 13 96 74 
62 52  3 52 60 
70 64 21 52 51 
12 68 89 25  8 
18 96 50 58 21 
79 42 79  6 80 
38 38 95 71 84 
82 91 61 42 99 
31 22 43 52  7 
35 50  8 77 30 
64 95 86 69 16 
46 51 82 26  9 
88 24 45 25 50 
31 28 14 78 41 
96 84 30 10 67 
13 100 59 39 73 
15  6 25 93  4 
32 81 72 36 59 
