10 50
 8 70 95 58 24 95  5 72  7 76 
71 43 93 78 34 84 86 15  5 23 
99 44 41 72 79 72  9 99 56 17 
85  2 20  6 77 90 78 82 66 48 
35 46 87 35 42 12 30 59 84 76 
14 39 43  3 73 50 71 30 88 17 
85  4 69 26 75  3 54 39 95 43 
49 30 90 23 83 46 40 86 55 72 
22 40  1 18 84 47 65 39 35 14 
39 89 59 75 65  8  9 34 59 55 
58 78 16 13  1 18 67 75 59 16 
12 53 85 50 98 14  4 74 89 45 
 1 22 25 60 82 87  9  6 82 99 
15  2 32 33 66 39 62 47 79 86 
15 54 79 85 78 65 22 96 90 48 
79 83 89 80 82 62 87 92 41 12 
92 40 14 46 30 52 48 68 86 77 
91 56 98 99 96 30 76 94 15 56 
54 80 20 71 13 21 96 17 33  3 
62 37 58 88 19 67 92 12 11 20 
81 88 37 18 32 39 41 25 38 58 
82 45 64 62 40 24 64 46 52  2 
15 14 57 87 28 45 50 84 52 60 
53 30 11 86 42 40 80 16 16 30 
 7 89 60 89 33 59 48 29 27 53 
90 34 28 33  2 22 90 71 51 67 
98 39 25 56 62 53 81 65 98 99 
24 43 100 61 79 14  3  2 60 36 
100  1 56 34 46 45 27 89 95 92 
61 53 60 23 79 59 63 76 18 36 
46 19 62 93 68  9 90 53 20  2 
47  7 25 30 42 79 96  1  5 67 
15 52 66 96 24 100 100 17 50 75 
 2 42 19 98 23 88 15 92 11 60 
40 59 23 26 39 37 66 27 43 46 
56 25 95 73 61  1 38 21 98 100 
11 25 12 16 91  8 19 87 49 85 
95 47 44 80 31 82 21 85 69 98 
71 53 74 94 46 80 36 46 16 22 
87 83 26 73 41 42 75 32 38 69 
72 59 27 44 26 31 94 30 19 25 
27 63 94 18 11 69 88 28 22  6 
51 95 40 24 92 96 11 42 39 80 
27 17 69  9 37 43  1 39 62 41 
37 34 29 97 13 35 10 53 26 11 
40 87 26 42 86 61 32 62 56 21 
49 64 13 76 39 49 90 79 17 33 
26 50 62 47 24 45 91 38 26 72 
74 75 78 74 58 30 81 57 88 35 
70 26 19 95 81 52 91 87 97 95 
