10 200
24 52 53 46 85 67  8 98 60 35 
64 72 73 88 10 39 17 72 10 57 
43 30 69 85 90 86 36 73  7 51 
98 67 48 46 10 29 45 78 29 69 
86 80 72  2 14 85 80 29 75 18 
57 71 17 74 34 84 100 81 78 79 
80 68 39 15 14 19 97 26  1 45 
 7  4 80 23 27 71 51 89 88 61 
73 81 12 91 68 23 66 20 94 76 
 4 92 93 67 44 74 17 54  2 22 
 5 38 11 28 96 49 84 73 78 35 
27 24 36 72  2 46 11 96 11 82 
30 62 83 36 93 53 21 93 47 75 
46 34  7 38 30 72 86 74  3 87 
94 23 40 55 35 100 69 33 31 91 
41 42 15 14 98 38  5  9 17 12 
62 75 85 89 17  2 75 51 15 53 
33 73 14 98 65 100  6 37 11 98 
91 69 37 32 42 22 11 88 87 84 
32 96 10 15 81 96 17 88 30 46 
98 18 100 73 96 74 40 47 56 11 
53 23 46 98 27 75 32 42 39 37 
37 68  6 34 83 78 81 56 36 53 
22 93 67 58 34 100 84 100 34 34 
 7 24 98 53 16 63  3  9 59 63 
52 84  9 41 25  9 42  6 70 100 
 6 39 82 67  1 75 61  5 14 77 
49 33 17  8 50 95 81 33 82 73 
26 72 57 20 20  6 63 20 30 52 
35 85 13 72 13 65 10 30 28 87 
80  1 74 37 70 59 65  9 27 87 
 2 19 13 99 44 60 83 69 89 81 
38 61 38 12 91 26 79 20 70  9 
45 66 20 30 93  3 15 42 62 66 
25 83 20  9 60 83 60 25 54 61 
29 44  1 19 44 100 87 36 17 25 
49  7 55 90 47 88  3 91 41 97 
89 12 49 53 59 50 24 47 99 95 
 8 54 80 96 71 58 36 24 64 85 
84 57 15 47 48 45 11 48 64 21 
77 45  7 42 72 86 32 21 95 41 
56 21 98 34 62 82 80 17  2 95 
10 62 72 14 57 99 84 96 34 36 
50 81 19 25 84 62 82 95 51 20 
38 30 69 46 44 48 18 90 97 37 
34 57 74  4 53 34 31 66 99 15 
74 41 96  5  9 69 56 45 72  9 
95 42  3  6 82  5 36 71 13 90 
15 62 93 17 100 42 97 28 41 56 
 8 16 17 57 97  1 19 53 49 84 
36 36 48 53  1 49  8 33 98 68 
87  8 54 21 53 96  1 58 12 51 
73 37 65 19 56 54 59 72 18 23 
74 61 37 46 55 87 67  4 95 80 
92 46 28 24 10 17  5 29 26  1 
17 91  2 59 43 66 45  1 97 56 
50 85 42 48  9 28 34 21 86 60 
47 30  3 72 68 93 10 29 97 43 
42 94 22 93  6 31 21 97 17 19 
22 15 79 46 22 24 73 57 53 46 
64 32 26 66 73 38 76 65 56 98 
24 61 47 56 73 69 21 45 85 45 
14 99 46 73 75 53 27 23 84 88 
48 10 17 90 26 65 47 77 88 81 
52 60 63 42 53 38 44 16 93 42 
91  4 50 82 82 80 82 36 45 15 
16 71 52 90 72 30 56 26  9 57 
83 19 100 75  6 34 53 94 78 98 
 1 73 41 85 70 78 93 28 68 66 
98 35 89  9 72 85  5 60  2 17 
 3 72 11 90  7  9 81 97 56 50 
19 54 82 65 89 76 15 16 55 77 
73 91 33 22 42 10 34 94  2 51 
92 32 11  5 84  3 95 82 36 51 
88 70 85 30 38 86 36 55 13 63 
17 72 96  2 28 25 20 27 37 50 
72 81 63  9 93 20 52 18  6 83 
76 91 35 49 17 54 76 38 65 97 
 8 20 27 62 33 50 66 60 63 91 
57 25 94 89 51 24 37 69 51 31 
37 13 94 57 75 75 49 58 90 87 
94 26 59 81 21 66 33  3 17 46 
29 29 15 53 74 33 80 94 85 99 
47 57 21 39 35 26 86 80 13 25 
22 86 92 37 16  6 95 61 76  8 
37 100 18 12  5 18 75 58 88 98 
47 88 56 71 91 82 75 13 31 67 
33 55 50  6  9 14 16 10 97 77 
63 75 71 87 70 25 55  2 31 35 
15 76 18 82  5 85 81 91 16 49 
49 79 89 71 40 37 75 99 96 58 
61 56 50 74  9 24 79 22 12 16 
33 52  6 26 92  2 31 12 79 64 
47 43 51 67 54 40 96 26 18 42 
10  5 96 90  6 47 100 50 11 58 
80 43 75 20 36 63  7 89 47  1 
73 61 45  8 12 62 39 32 40 17 
93 24 56 85  3 81 85 37  1 97 
34 98  3 89 88 99 63 53 26 94 
80 48 74 63 77 17 30 80 89 64 
50 30 52 45 19 99 17 29 35 21 
77 11 50 44 31  9  3 81 13 80 
50 87 77 50  4 92 33  7 64 87 
18 69 43 13 90 45 35 44 32 14 
66 63 87 36 89 60 48 22 89 47 
48  1 42 74  6 82 31 54 73 65 
38  8 74 50 20 79  8 44 62 21 
13  6 45 84 16 15 65 37 88 79 
94 35  6 17 35 32 92 18 78 60 
81 35 67 35 40  3 25 41 11 35 
98 15  3 72  2 40 42 41 88 30 
39 78 49 27 25 99 24 84 59 82 
11 63 40  8 45 17 87 31 95  4 
85 68 51 73 90 93 18 58 47 36 
98 92 91 53  5 67 86 39 52 15 
21  8 50 89 79 91 98 10 81 23 
80 49 48 60 32 27  2 62 59 89 
35 32 12 22 67  4 14 17 41 48 
59 18 66 72 31 73 99 25 89 11 
40 11 46 77 70 31 13 44 11 38 
33 31 93 33 53 84 35 29 59 88 
58 39 90 57 55 32 50 46 35 93 
58 16 29 44 78 56 26 90 68 56 
75 82 92 70 24 29 86 74 49 70 
78 57 38 20 53 42 84 10 78 69 
29 21 28 54 70 95 23 57 99 52 
97 27 49  1 41 17 20 45 35 33 
65 47 14  2 85 48 96  2 24 88 
75 47 23 32 15 73  6 11 98 64 
75 88 23 25 30 99 95 54 44 90 
37  7 46 94  8 23 89 94 63 44 
42 68 64  9 57 25 24 43 13  2 
10 98 41 89 74 24 26 71  3 15 
91 53 65 84 64  5 18  6 17 43 
12 32 76 34 90 10 97 14 54 42 
94 82 37 81 63  5  8 20 40 12 
14 83 84 49 61 98 100 24 17 78 
55 86 23 45  4 93 57 96 89 77 
58 77 68 14 84 95 75 83 19 70 
85 51 84  6 32 24 83  7 82 99 
20 23 39 86 50  3 94 25 50 77 
 9 93 28 93 73 77 17 26  8 60 
46 93 99  5 20 82 73 84  5 62 
76 20 76 28 75 36 80 20 64 97 
52 98 68 83  9 43 93 82 69 58 
60 84 44 66 49 65 23 44  1 16 
79 98 18  7 78 39 85 29 83 81 
25 61 27 28 69 77 87 72 38 56 
91 35 62 46 14 69 69 47 47  2 
92 64 58 67 73  3 18 13 58 76 
97 19 94 31 76 55 62 70 82 17 
54 86 78 47 84 67 10 48 67 90 
91 61 22 41 38 47 72 38 96 43 
34 89  1 94 74 11 33 81 88 49 
16 52 60  5 27 79 78  3 27 14 
54 32 38 23 62 78  3 20 38 19 
99 54 54 65 83 16 69 44 69 48 
58 25 65 57 57 44 63 40 18  3 
14 61 90 31 100 43 99 78  6 51 
 3 23 31 57 70 45 13 16 29 60 
55 30  6  4 12 65 65 50 75 69 
36 36 64  1 60 37 13 34 99 11 
37 45 49 25 49 22 43 59  7 48 
 8 84 45 47 96 19 31 88 16  3 
90 11  5 87 13 57 22 23 70 74 
43 87  3  1 25  7 34 75 16 31 
59 51  8 65 91  2 56 24 75  9 
73 26 30 91 85 48 32 71 70 63 
22 17 11 39 41 35  5 67 52 55 
75 15 41 15 25 74 76 99 27 58 
29 39 61 91 87 53  4  9 99 73 
76 56 75 71 82 29 100 17 18 90 
94 24 81 59  7 28 89 45 10 54 
88 35 67 25 48 86 36 43 29 60 
 6  5 97 30 21 50 17 94 37 61 
64 18 72  2 40 71 100 65 59 40 
96  5 22  3 82 96 33 44 31 93 
39 14 87 77 50 42 17 82 84 13 
53 43 75 97 14 57 44 35 95 12 
95 17 97  1 99 72 38  6 64  4 
79 49 30 46 35 45 77 61 80 23 
34 100 100 93 32  7 45 70  3 99 
100 43 59 62 58  9 11 51 40 61 
27 85 92 66 13 35 68 18 71 43 
38 75 34 13 95 19 95 31 45 54 
39 90 26 24 66 65 62 66 49 18 
49 36 75 42 98 20 24 25 66 80 
69 70 12 23 60 31 94 99 40 95 
70 93  9 45 22 23 71 57 57 39 
86 32  4 93 89 28 82 79 73 87 
44 68 75 86 98 21 60 62  4 49 
100 59 25 83 71 36 58 90 55 19 
74 69 13 84 36 12 15 25 23 48 
100 32 21 18 85 83  5 26 54 95 
68  5 56 24 68 75 63 49 64 89 
48  8 56 54 56 64 26 76 65 80 
24 55 13 46 37 49 15 93 78 61 
67 46 27 48  2 22 27 72 13 90 
 9 78 57 13 42 67 74 11 62 36 
31 65 55 97 57 37  3 31 12 10 
