5 200
 2 100 38 58 68 
66 21 31 53 16 
26 45 68 13 48 
61 64 100 32 16 
 4 73 84 14 30 
41 79  4 58  8 
44 48  8 65 75 
50 84 13 87 64 
100 71 58 30 16 
91 42 24 82 54 
53 13 20 15 59 
55 64 36 28 95 
25 54  2 82 89 
42 19  6 63 63 
77 24 24 58 54 
27 66 77 95 16 
50 24 84 34 79 
75 41  6 97 22 
98  2 14 61  1 
76 20 92 12 94 
31 68 36 19 27 
32 32 46 44 37 
50 43 43 75 47 
43 55 76  5 78 
21 95 54  4 56 
77 78 37 17 48 
57 48 15 17 38 
51 94 47 84 36 
38 11 88 26 83 
23 11 28 73 19 
34 81 67 85 81 
54 44 58 98 90 
77 61 42 27 76 
 9 76 35 27 98 
16 10 65 60 32 
25 78 37 53 25 
93 60 34 44 21 
17 40 78 82 39 
62 39 22 57  8 
78 58 77 30 18 
29  2  8 50 79 
50 62 15 97 16 
92 65  2 32 76 
68 19 65 66 28 
48 90 73 66 33 
46 37 45 53 96 
45 73 14 62 54 
 6  7  7 34  7 
53 100  3  9 11 
58 80 15 81  1 
75 52 96 40 73 
78 36 36 57 86 
100 54 97 44 25 
88 11 62 72 57 
 5 11 82 41 49 
12 30 16 67 54 
70 19 31 27 61 
98 38 71 80 11 
91  3 23 42  9 
52 68 21 93 27 
66 60 36 35 96 
35 66 77 61 100 
40 83 23 24 68 
61 79 60 23  6 
75 82 75 84 18 
68 15 74 68 96 
12 73 81 37 97 
83 80 62 15 80 
93 33 76 77 75 
86 36 69 58 77 
29 78  1 21 100 
85 36  5 32 56 
19 89 19 40 95 
65 33 94 25 88 
51 96 84 21 97 
60 95 16 15 30 
54 83 86 11 35 
47 51 66 67 22 
17 37 50 74 30 
80 39 91 35 70 
50 26 69 20 43 
15 46 68 37 61 
90 67 36 88 99 
53 62 42 65  9 
31 84 73 78 24 
55 11  1 34 11 
18 39  5 46 57 
36 86 35 19  3 
63 25 13 43 33 
53 13 66 84 44 
94 45 57 96 17 
86 17 87 26 67 
97 65 87 66 25 
39 29 30 16 31 
54 81 27 90  7 
11 95 33 95 69 
45 95 70 58 17 
91 97 72 25 56 
49 56  8 85 47 
32 80 83 13 26 
17 21 38 18 26 
38 54 13 79 100 
37 49 72 95 88 
 7 85 18 50 55 
64 30  2 25 100 
37 22 23 34 19 
12 58 17 39 86 
 8 10 100 15 88 
10 35 78 31 50 
24 100 72 29 84 
97 18 37 62 90 
55 50 59 25 98 
10 17 83 100 98 
76 54  3 69 97 
82 100 25 14 70 
80 26 45 64 81 
30 94 86 19  6 
65 78 26 77 72 
 9 69 18 49 15 
69 42 52 41 69 
46 20 68 32 50 
27 100 29 45 32 
71  4  1 98 22 
19 56 17 86  5 
40 91 83 92 19 
49 26 56 19 49 
69 60 14 61 83 
65 85 33 66 68 
55 35 98 92 79 
83  6 63  5 15 
46 68 63  5 27 
16 28 32 99 65 
45 92 56 11 89 
21  7 69  6 83 
29 66 61 64 95 
65 53 62 48 45 
16 70 72 52 66 
 1 74  2 24  5 
37 13 53 46 57 
34 66 87 16 52 
40 77 66 34 84 
63 87 76 30 54 
 2 80 67 88 38 
78 40 36 46 89 
52 16 69 43 77 
84 98 34 18 25 
93 23 65 36 11 
29 27 40 58 86 
32 24 41 43 16 
17 87 37 98 81 
23 17 17 94 52 
52 22 92 48 26 
75 87 77 99 48 
53 57 79 63 26 
 1 84 35 75 55 
82 90 63 82 25 
91 21 36 14 61 
83 82 77 41 81 
97  6 84 50 34 
51 44 97 21 25 
86 66 16 28 32 
97  2 73  8 75 
 9 84 53 79 92 
41 97 74 48 83 
99 14 33  1  1 
87 31 23 47 56 
84 48 63  1 38 
 3 46 98 16 43 
45 62 24 70  5 
54 71 66 26 48 
69 63 81 56 21 
18 59 71 80 99 
13 46 27  8 27 
23 18  2 34 18 
32 86  7 60 65 
35 17 82 32 72 
32 22 78 69 25 
46 40 14 59 89 
74 85 92 87 62 
47 100 89 97 10 
56 39 78 90 96 
67 79 83 59 84 
68 83  8 46 78 
44  3 45 67 52 
92 42 10 60 92 
87 39 89  5  9 
76 59 26  6 49 
88 49 80 24  3 
90 99 58 41 92 
94 20 91 92 12 
75 95 12 74  4 
 2  3 51 69 42 
23 38 83 39  7 
18 49 11 11  8 
12 49 99 52 89 
 5 10  3 26 35 
 9 47 19  7 38 
67 10 54 67  1 
65 68 62 35 86 
69 22 88 53 13 
