20 200
55 76 16 86  4 51 78 77 92 81 68 40 87 17 24  8 21 58 61  3 
69 96 14 46 59 42 86 43 97 76  4 60 83 18 13 14 68 37 29 82 
95 34 88 25 30 24 13 18  2 33 15 15  8 83 38 36 71 22 74 52 
89 20 53 29 20 48 75 54  3 94  5 78 31 53 39 23 46 71 94 45 
84 54 17 77 73 66 38 75 33 32 55  4 22 92 77 30 39 25 91 96 
90 46 91 42 36 81 48 51 40 58 74 85 32 91 12 83 46 83 75 13 
87  8 87 35 72 32 98 65 94 63 12 23  1 33 21 70 92 38 73 80 
78 35 30 75 72 44 74 83 76  5 92 96 32 90 69 66 28 12 78 37 
53 54 92 76 53  2 36 68 74 92 51 66 25 24 12 24 47 47 68 95 
46  9 52 62 77 86 13 14  4 48 87 96 39 90 89  8  2 93 54 50 
32 41  3 98 31 62 24 50 11 68 51 63 34 11 49 28 20 74 29 65 
 8 29 96 65 35  4 99 47 76 78 33 74 32 89 32 86 43 53 98 22 
 5 85 70 11 75 65 17 83 25 12 95 21 98 54 82 51 10 21 68 76 
12 86  7 73 72 98 64 60 89 52  2 98 10  8 32 86 50  5 75 47 
14 29 24 10 12 74 62 89 13 48 84 29 29 19 82 26 38 13 92  7 
76 79 27 69 28 18 86 76 58 26 37 31 78 41 49 11 27 27 29 87 
 4 49 77 31  5 28  7 87 49  8  9 31 39 45 61 47 60 85  4 36 
20  2 11 83 34 51 78  4  7 69 89 92 40 14 45 28 71  2 77 82 
68 74 63 80 61 66 33 41 73 41 61 12 25 87 66 93 78 95 39 60 
49 24 36 17 66 29  2 30 95 16 88 77 98 85 11 25 97 34  8  7 
84 66 18 96 19 27 18 12 21 29 85 33 35 51 75 73 54  5 44 22 
81 74  1 56 49 83 17 52 56 12 36 77 92 80 26 27 81  4 92 55 
43 54 100 93 13 41 67 13 68  3 82  2 16  6 76 91 45 39  2 47 
30 96 60 52 43 91 87 89 34 51 97 39 91 86 86 85 66 82 51 88 
69 68 93 16 85 74 71 25 15 94 23 33 63 23 77 95 14 19 61 43 
78 95 93 39  6 44 19 86 61 33  4 66 50 64 46 94 68  4 67 63 
19 64 85 99 46  8 34 47 47 26 64 48 73 75 40 92 82 28 76 39 
20 52 96 80 72 24 95  9 15  5 31 68 86 92 66 45  3 99 58 23 
14 100 87 23 12 36 22 98 72  5 84 63 52 87 17 95 59 93 68 82 
52 34 91 99 42 12 65 18  4 17 50 36 66 83 55 11 46 46 86 44 
37  7 71 31 99 85 84 18  3 35 50 21 31 34 99 95 79 40 84 88 
47 18 32 46 88 26 69 70  1 88 63 52 70 42 23 57 41 93 47 79 
33 26 18 54 84 19 96 82 34 41 81 95 69 80 98 35 98 56 83 35 
51 26 32  6 94 31 30 80 35 15 16 25 28 73 90 54  5 66 19  1 
32 41 68 57 23 54 24 86 20 89 35 28 68 62 24 73 87 81  6 59 
61 14 93 56 74 70 19 71 64 92 70 27 60 29 86 55 34 35 77 77 
 7 27 77 99 24 43  5 41 35 54 69 12 89 15 31 22 44 40 86 55 
71 37 73 89 26 73 99 39 36 45 39 69 62 51 44 14 88 37 11 47 
84 69  2 60  4 56 60 35 78 61 77 96 27 71 74 25 95 52 63 18 
90 16  4 46 55 36 99  7 75 67 90 26 20 71 62 95 74 89 86 78 
22 93 80 23 58 11 96 89 32 78 48 37 55  1 92 93 48 82 55 31 
 6  3 66 25 99 18  1 97 27 43 68 53 73 29  9 60 31  8  4  7 
26  3 75  8 98 92 35  2 44 37 27 90 100  6 70 40 58 89 34 69 
63 13 93 63 78  6 75 53 40 27 92 43 82 58 84 57 95 90 76 10 
80 49 17 19  5 99 34 97 53 68 88 31 19 29 28 37 39 33 76 32 
 4 77 37 49 66 63 71 95 18 39 66 49 51  7 38 20 32 18 37 46 
62  8  8 12 76 63 36 11 35 33  7 38 38 39 36 34 87 77  6  4 
95  2 78 65 76 88 50 55 93 85 24 26  7 100 63 91 89 89 70 63 
59 36 89 67 90 57 34 29 88 19 53 69 14 76 86 48 12 79  2 65 
66 46 23 96 15 40 82 15  2 44 19 82 43 87 63 62 18 100 54  9 
60 47 22  6 75 47 16 22 63 42 65 35 19 20 19 23 35  7 99 52 
77 25 33 97 80 62 15 12 61 28 69 42 100 68 37 96 27  7 28 50 
36 38 65 12 20 100 51 49  8 35 29 91 41 11 85 39 69 99 20 49 
86 66 78  7  1 68 82 45 19 62 55 59 61  2 56 26 54 68 47 27 
41 70 17 37 45  9 71 36 37 32 37 62 38 53 84 42  7 25 50 26 
 8 40 16 30 85 47 43 42 58 20 12 19 89 98 54  5 31 31  2 40 
20 36 17 75 35 88  9 93  2 81 35  8 16 27 41 21 82 43 52 87 
 5 55 63 100 51 98 73 64 100 95 47 81 44 74 94 48 12 23 40  3 
57 41 24 95 31 50 58 31 12 14 81 20 44 30 73 57 99 61 90 86 
90 21 96 83 20 44 94 54 36 90  1 51 13 89 64 73 57 61 80 15 
57 68 37 65 19 48 87 21 16 54 38 63  4 68 37 16 26 20 91 63 
16 15 49  5 83 24 27 99 79 64 20 86 28 52 36 41 80  2 83 32 
 2 92 64 53 14 39 100 22  4 100 41 83 86 36 80 97 95 17 26 91 
53 28 83 71 19 33 38 66 15 14 23 34 42 44 73 44  3 65 68 19 
40 70 56 85 69 53  4 12 34 23 61 50 51 70 12 76 71  4 28 28 
81 58 54  2 15 93 38 15 55 75 10 52 83 88 19 39 35 30 52 67 
40  1 74 28 27 65 20 17 77 19 78 26 13 82 84 50 67 70 99 41 
56 66 97 12 15 25 91 69 55 69 69 16 16 100 28 23 72 72 25 39 
12 69 53 32 44  6 82 11 75 44 55 40 60 39 80 58 14  7 85 69 
41 44  8 29 84 13 39 41 52 77 55 15 67 61 67 71 39 94 82 45 
54 52 28  3 31 95 36 41 43 98 36 16 32 46 62 65 75 41 89 79 
11 62 73 53 47 35  7 40 92 92  5 33 28 75 14 55 30 44 35  3 
86 72 94 90 86 35 79 50 66 85 99 30 82 60 100 97 33 53  3 22 
67 44  8 28 29 52 79 35 61 48 72 37 29 64 63 46  3  1 19 76 
21 92 25 60 19 62 67 28  2  1 35 81  5 56 19 53 52 41 69  7 
34 74 90 53 20 59 66 63 18  1 87 32 31 63 97 14 91 16 85 52 
60 83 30 93 99 24 95  5  8 38 59  7 12 90 51 65 47 100 24 70 
94 13 28 63 95 47 26 63 14 57  2 37 88 12 11 97 39 80 18 77 
 7 36 86 69 57  8 36 50 78 29 72 51 80 40 67 75 58 48 63 49 
59 34 14 99  6 29 81 88 91 64 39 13 98 95  5  2 32 19 75 96 
62 39  7 36 57 58 94 46 32 63 36 19 52 100 11 73 34 66 62 88 
35 64 58 25 80 21 91 90 88 51 98 68 20 97 63 15 62 79 67 47 
100 39 64 24 74 28 86 55 69 40 50  3 49 78 43  6 51 53 13 77 
99 34 66 28 26 26 30 29 98 94 36 36 47 40 77  5 96 13 86  9 
67 69 76 100 44 27 87  7 74 97 79 59 71 55  6 83  3 95 91 100 
40 71 22 53  6 88 47 41 33 69 40 47 53  9 20 93 26 97 60 89 
87 55 82 39 76 29 90 92  1 94 78 62 70 61 17 99 47  9 70 21 
22 55 10 13 40 94 66 77 42 67 33 22 84 82 37 51 21 85 47 45 
68 62 74 23 27 84 98 84 39 37 81 86 98 59 22 43 95 12 49  7 
29 50 28  4 71 100 64 80 60 75 25 55 51 27 79 68 83 86 16 82 
90 16 24 64 87 78 52 88 45 20 11 89 43 87 11 83 89 11 87  8 
74 28 48 20 26 85 10 45 26 35 10 51 86  7 24 30 57 88 64 68 
32 53 56 78 59 14 94 22 71 65  2 59  4 94 12 35 58 91 15 83 
65 35  6 84 83 21  5 52 30 58 84 50 12 21 72  4 86 59 29 74 
71 47 71 82 51 44 51 53 42 80 57 74  2 31 22 69 87 65 76 23 
58 51 25 26 29 82 45 55 27 99 79 87  5 65 90 10 23 55 30  9 
30 22 42 71 13 28  2 25  4 13 96 95 50 17 58 74 63  3 27 79 
18 30  5 60 23 20 13 71  1  9 40 57 79 70 22  5 36 23 48 76 
33 47 81 44 20 40 44 55 83 61 99 28 12 46 53 96 71 86 72 18 
97  7 80 93 75 76 29 60 24 11 54 42 11 32  2 94 51  8 33 41 
 2 94 75 71 82  4 28 53 15 22 52 99 90 67 37 22 54 22 31 100 
73 70 40 34 78 16 99 71 77 28 93 54  8  5  8 78 72 65 69 85 
82 76 89 60 24 41 69 37 13 99 21 67 86 24 88 99 20 85 86 74 
10 87 52 13 75 35 86 35 87 99 70 61 46 27 59 73 98 63 56 85 
41 21 23 28  1  8 11 94 44 65 76 57 74 76  7 24 10 55 86 47 
 5 47 99 99  4  1 56 59  4 84 68 66 19 47 86  2 57 76 91 30 
20 42 23  1 73 19 60  8 90 66 82 58 72 25  1 28  7  1 71 77 
20 22 85 66 31 28 73 64 50 17 20 16 23 19 11 38 59  1 84  6 
58 62 16 87 35 12 79 30 37 67 70  6 18 76 98 16 49 93 21 68 
 6 93 24 37 79 77 69  7 80 66 60 38 24 66 73 34 33 41 68 27 
48 80 99 77 22 76 75 27 29 63 90 90 90 27 74 69 22 92 49 57 
82 97 25 81  5 21 30 68 43 72 26  2 89 53 68 32  7 17 21 74 
81 32 53  5 24  3 28 47 28 21 70 16 76 68 44 13 81 80 50 89 
75 55 81 20 50 34  1  6 69 57 85 86 59 65  7 35 44 85 89 86 
57 34 12 39  6 35 74 36 20 53 27 60 24 66 10 13 16 56 89 15 
31 81 67 62 80 42  8 18 54 30 82 100 42 40 88 100 13 94 82 18 
75 49 94 53 43 59 72 38 63 20 47 59 51 54  4 12 68 37 49 59 
34 82 86 91 24 26 63 65 60 22 25 76 65 44 95 16 33 46 47  8 
20 51 50 58 39 94 41 39 86 91 97 69 43 13 56 18 46 72 11 16 
 8 22 49 67 65 56 63 82 68 19  1 27 40 64 86 16 20 85 97 79 
15 65 44  7 20 66 25 22 64 71  7 46 69 67 32 56 96 51 92 64 
 9  2 90 35  4 100 17 50 16 70 35 66  4  6  5 79 67 89 17 38 
78 76 47  9  6 82 54 30 37 82 20 15 30 45 28 81 58 96 46 57 
32 59 59 24 54 52 31 69 58 22 88 72 13 65 88  9 12 51 20 35 
84 89 19  6 24 75 24 86 86 62 95 21 99 91  1 15 97 93 48 40 
25 84 19 81 34 61 53 85 71 67 43 22 36 40 49 94 21 21 93 20 
 7 59 89 85 13 53 76 18 74 27 85 25  2 53  3 23 94 45 45 10 
34 12 40 87 53 23 49 61 67 41 48 20 25 76  7 78  6 62 62 19 
33 45 15 44 12 28 14 66 84 24 49 78 42 88 89 67 54 66 13 40 
 4  7 60 10 28 75 17  5 13 82 18  5 33 75 16 23 40 17 87 58 
97 21  1 80 53 95  2 58 19 32 42 85 93 39 54 25 35 55 24 20 
86 53 21 62 76 82 67 45 29 53 99 86 68 43 29 19 72 95 83 73 
12 88 53 35 16 17 97 46 23 35 72 60 69 80 18 48 66 86 70 90 
63  7 45 33 78  4 48 48 29  5 36 56 87 48 51 86  7  8 85  9 
 8 44 23 60 41 27 12 61 66 95 14 24 12 56 23 26 95 99 21 80 
77 71 72 36 26 33 56 48  1 55 93 46 22 51 50  3 50  4 30 12 
92 10 81 57 36 56 77 92 51 88  8 42 58 80 60 46 90 45 61 92 
33  5 39 31 96 37 93 95 13 41 95 100 39  1 12 63 15 83 70 26 
37  2 61 34 48  2 15 25 79 17 65 69 29 77 44 26 59 27 48 51 
11 20 88 16 77 30 24 66 47 25 86 28 11 31 77 87 37 39 66 57 
74  2 63 95 58 21 79 99 30 76 94 17 85 67 41 75 88 15 56 13 
31 93 19 92 57 51 28 77 57 43 61 91 62 86 49 58 23 50 34 13 
26 86 11 86 82 33 88 46 14 62 62 73  9 73 20 22 78 24 50 10 
64 94 14 14 47 43 86 81 22 62 87 18 66 99 54 71 79 22 27 75 
67 82 57 72  9 99 77  7 80 83 88 81 72 32 81 43  2 19 13 59 
90 28  3 48 47 32 21 96 97 24 29 97  9 26 19 30 44 85 33 57 
88 33 86 26 69 43 89 28 78 19 16 78 44 28 54 19 61 40 77 45 
72 50 44 44 62 96 36 23 35 87 76 71 47 71 11 87 38 21 10 19 
91 31 38 18 87 84 41 11 51 30 97 85 79 30 11 47 68 36 54 72 
77  3 50 69 15 32 75  3 56 38 77 68 49 45 72  7 61 54  4 59 
73 78 16 77 55 43 94 81 78  6 37 68 97  8 83 77  1 93 38 59 
 8 75 11 48 58 67 25 56 96 30 55 93 37 50  3 60 31 91 65 31 
67 86 73  9 75 93  7 27 65 36 21 40  2 87 72 68  1 44 79 16 
26 89 89 81 57  9 42 26  9 34 64 49 77 82 91 34 74 18 56 92 
40 37 99 13 69 97 42 87 30 45 38 91 59 23 82 93 76 99 31 63 
61 46 39 22 19 27 27 99  5 24 42 69 80 39 33 44 57 38 42 60 
37 71 32 18 61 67 16 21 33 86 71  1 94 94 81 32 90 14 93 15 
88 33 55 98 74 87 38 79 16 93 68 46  4 84  9 67 75 52 72  8 
64 15 91 22 15 10  4 24  2 20  6 83 14 43 64  2 58 31 68 49 
11 75  1 44 13 15 34 58 21 95 63 26 61 38 43 28  9 10 11 78 
 2 22 89 75 47 69 12 39 76 70 45 20 77 29 61  2 77 96 76 37 
80 76 30 88  2 55 84 99 41 93 84 50 38 79 53  1 42  6 49  5 
16 59 87 96 88  3 32 26 97 89 38 65  3 67 68 22  9 67 95 93 
27 72 60 53  5 70 56 86 22 64 67 94  4 63 56 31 67 92 89 70 
21 73 76 32 42 44 22  4 19 33 23 85 83 61 67 74 93 79 59 44 
88 94 48 95 93 32 66 47  9 33 48  2  5 44  1 25 62 40 70 88 
28  7 17 88 69 43 34 20 37 30 57  6 88 63 32 54 65 57 87 30 
83 78 11 80 62 24 22 50 37  8 42 69 94 22 85 68 43 44  7  1 
24 40 11 75 34 75  8 68 27 34 39 75  2 32 11 93 87  6 10  6 
79 43 32 75 99 13 30 43 18 67 91 25 52 24 80 90 47  5 54 39 
35 89 14 18 52 37 40 55 49 14 81 87 22 17 37  1 20 78 18 33 
77 60 94 67 67 79 90 71 81 77 45 69 55  1 73 11 73 42 53 98 
52 50 65 14 48 68 18 50 57 24 88 54 51 33 18 63 25 43 23 72 
25 18  9 85 84 53 71 81 26 100 15 45 10 51 69  6 90 99 54 53 
67 78 43 34 25 40 77 51 43 39 66 91  8 25 40 46 47 15 55 30 
45 58 32 48 86 97 78 55  6 49 99  7 77 27  7 42 43 24 19 35 
60 74  5 19 95 29 93 71 22 69 14 59 96 10 76 69 24 57 26 20 
77 14 28 26  8  9 78 94 98 30  4 78 19 87 21  4 80 55 60 70 
 1 72 45 26 12 82 90 92 46 42  3 58 58 62 19  3 56 96 98 13 
64 97 52 89 85 41  9 93 40 85 69 19 33 39 69 25 86 99 24 62 
27  3 91 62 84 40 89 22 66 98 52 86 81 35 29 84 16 54 20 32 
77 89 20 33 87 37  1 49 97  5 15 49 56 100 71 91 49 99 74 84 
33 98 69 82 55 79 40 21 45 13 40 74 61 24  6 55 86 96 57  5 
 9 82 98 38 66 26 10 62  9 65 65 41 44 47 72 82 53 54 60 48 
18 58 50 49 25 52 40 100 94 58 17 60 41 89 43  9 42 52 75 58 
35 83 43 57 74 12 29 50 33 95 23 22 91 98 92 97 61 75 18 94 
99 89 85  3 23 66 59 41 91 10 34 28 10 66 31 85 84 31 19 46 
93 72 25 89 37  3 68  1  7 45 23 35 74 26 98 69 87 97 32 54 
45 73  9 24 35 72 63 36 84 10 71 71 32 36 92 71  5 24 37 26 
17 60 44 35 31 34 14 46 77 81 54 68 71 73 16  6 38 69  5 86 
50 31 67 51 71 49 54 95 31 47 79 30 21  4 82 80 99 100 65 81 
56 47 69 54 92 79 11  2 72  1 75 99 54 91 13 65 54 90 31 57 
97 11 44 13 41 41 33  6 82 75  5 80 39 81 61 94 24 65 20 40 
66 92 14  3 100 22  4 45 67 86 60 46 33 42 91 79 98 65 60 92 
 4 50 29 12 27 54 99 58 11  5  9 37 42 23 45 71 39 47  1 65 
19 60 20 57 96 78 89 23 80 22 31 78  3 91 82 67 93 13 55 75 
24 85 45 26 61 22 48 12 62 73 89 39 11 11 90 62 66 49 14 97 
20 72 64  9 33 60 41 80 49 57 28 37 46 29 33 28 77  6 97 43 
13  9 37 49 73 93 38 50 72 12 15 20 73 91 91  4 38 36 11 62 
51 14 46 70 30 96 95 99 12 55 87 100 95 34 85 22 93 34 35 71 
