20 100
59 40 55 84 40 35 57 81 65 64 22 59 16 64 36 17 35 85 15 14 
34 62 89 77 93 91 83 50 70 57 73 31 53 35 34 25 69 40 66 70 
94 81 18  8 71 13 55 99 72 76 14 40  4 71 81 27 14 82 96 26 
74 89 98 48 76 78 98 26 30 77 63  9 59 61 15 86 50  4 32 55 
50 44 55  5  8 39 18 52 70 42 34 36 62 23 66 92 92 21 84 23 
91 79 95 67 50 89 53  2 82 98  6 96 40 77 43 61 92 95 40 86 
24  3 23 41 49 21 68 80 61 66 64 23 44 83 98 26 16 20 50 81 
24 19 52 62 53  5 63  8  8 52 63  6 40  8 41 49 36 33 93  4 
25 47  8 29 19 79 55 47 45 99 45 94 67 97 93 91 46 48 92 31 
25 48 63 71 22 26 93  6 59 100  2  1 40 22 27 59 91 96 57 52 
40 53 54 78 74 18  4 10 17 39 21 33 42 20 53 93 42 99 43 100 
59 16 98  7 91 52 59 33 91  8 83 26 63  8 63 60 15 11 63 23 
37 87 94 48 39 74 41 18 56 36 20 38 13 88 72 35 51 52 95 78 
27 17 81 62  8 58 24 14 22 34  5 62 76 47 79 88 42 90 31 37 
72  5 58 75 25 16 59 25 34 15 35 50 74 60 53 49 34 19 35 97 
29 23 35 47 11 31 74 35 65 50 47  3 62 38 14 69 24 77 83 46 
34 59 36 51 71 82 29 13 28 12 84 48 49 50 81 34 86 69 11 61 
35 40 52 61 59 45 19 11 24 23 34 99 44 75 67 37 12 96 12 11 
97 81 41 95 44 38 46 68 56 59 95 98 14 80 42 88 78 31 79 10 
29 80 58 50 77 13 89 64 27 100 58 58 40 46 35 61 76 58  5 85 
 5  2 84 74 45 38 80 92 84 68 60 96  1 38 74 14 69 42 99 51 
94 24 90 50 73 96 95 73 95 82  8 35 22 20  8 58 90 70 14 13 
35 89 49 80 65 37 88 91 11 97 32 39 23 17 76 23 44  8 98 28 
42 75  4 96 18 30 94 38 37 83 67 67 57 65 26 28 71 86 29 54 
34 94 25 14 12 82 55 12 55 96 42 68 95 29 99  4 55 45 25 43 
64 86 22 57 14 75 52 58 30 95 82 15 52 23 63 69 38 54 29 18 
98  3 87 64  2 40 48 86 94 95 14  7 28 18 43 93 94 72 66 89 
61 89 19 35 70 21  7 16 15 51 50 81 84 78 72 79 64 90 87  7 
78 74 53 57 73 17  9 74 85 73 45 26 84  5 25 44 38 74 46 54 
23 49 55  9 75 80 26 25 26  5 61 25 27 20 40 72 84 33 60  2 
71 80  9 53 15 89 38 55 59 23 73 29 79 81 30 50 88 36 75 70 
17 38 77 60 18  7 41 50 69  1 66 26 78 99 31 88 45 47 53 72 
52 72 53 22 15  7 69  5 11 73 78 10 40  8 22 90 26 75 17 28 
75  6 49 56 91 35  9 53 61 50 77 67 36 94 96 48 20 14 10 58 
92 87 42 92 47 69 37 54 54 14 85 98 96 94 57 90 14 48 22 100 
24 42 40 93 79 88 42 41  9 28 17  1 63  1 51 71 25 86 34 86 
48 44 50 84 45 45 85 20 16 71 30 22 13 91 72 45 50 29  5 67 
64 84 48 77  6 93 82 25 42 29 88 21  1 78 73 87 92 69  5 83 
26 85 68 40 60 68 29 65 47 54 10 94 30 32 41 19 50 100 56 30 
61 30 77 90 92  3 71 70 11 98 95 79 55 89 69 55 62 50 57 14 
25 22  1 32 87 12 54 76 22 62 23 100 68 99 42 87  4  6 82 85 
53 72 15 78 43 58 99  1 50 61 98 32 48 70 40 100 84 81 20 39 
68 22 73 31  2 11 91 85 21 56 19 61 39 48 27 60 34 37 78 42 
10  7 20  1 71 26 26 73 93 96 38 73 52 24 20 89 40  1 69 24 
63 80 23 81 66 65 85 85 27 11 37 90  4 24 65 45 89 50 84 85 
23 73 26 38 80 96 26 12 74 57 91 77 92 69 41 10  6 10 51 37 
85 16 67  4 86 82 28 77 14  5 31 17 97 82  2 60 10  7 55 83 
 6 56 49 63 79 73 49 39 70 28 34 59 51 14 39 47 13 94 94 17 
10 82 34 81 59 76 95 88 43 90 85 48 80  3 59  6 63 41 88 83 
27  7 17 59 12 74  7 84 57 68 48 53 67 59 73 74 73 70 69 90 
93 70 84 58 23 66 26 31 79  7 75 12 74 69  8 96 66 47 66 55 
45 12 56 69 89 20 29  1 53  3 28 61 92 70 74 43 53 29 71 21 
80 74 15 93 60 80 53 32 30 51 42 58 36 100 60 20 21 57 72 77 
77 40 76  4 46 88 21 89  1  2 71  9 86 91 50 13  7 21 20 50 
30 96 80 53 57 16 74 21 79 19 82 26 32 48 44  3 54 93 16 73 
51 58 68 58 90 70 12 88  3 59 16 98 27 73 84  7 37 28 32 29 
69  3 84 79 45 93 70 15 18 63 12 68 99 49 55 71 29 100 66 56 
39 28 46 53 83 92 41 17 60 42 32 29 25 39 97 32 46 60 80 29 
57 23 51 93 37 16 56 74 36 41 27 39 93 62 69 30 43 63 99 35 
34 87 78 35 64 92 78 48 53 57 61 96 40 26 98 100 17 23 87 64 
48 63 76 99 82 94 74 17  8 48 22 48 100  3 37 40 52 52 18 36 
 3 75 15 23 44 79 16 76 54 29 19 35 53 57 17 33 72 32 87  2 
23  6 99 81 60  9 26 43 99 20 26 15  3 100 30 41 94 37 60 61 
 5 67  7 54 75 40 66 77 61 82  5 35 44 24 100 50 70 24  4 48 
56 54 41 48 52 41 35 13 41 87 83 94 98 22 61 17 96 29 37 60 
86 48 82 76 57 16 39  2 95 72 87 39 77 46 49 31  5 39 83  2 
86 61 40 59 84 47 75 28 11 51 79 20 88 98 88 41 80 85 61 98 
52 77 66 73 89 69 43 79 67 66 64 32 88 38 49 80 35 13 27 11 
 1 25 81 72 30 35 85 67 85 84 55 52 92 18 96 27 82 40 99 24 
 4 59 31 79 72 41 71 63 27 67 100 79 80 17 71 57 31 41 83  9 
94 10 82 88 99 71  6 86 66 11 99 24 85 63 77 16 93 91 61 22 
100 43 91 86 42 66 19 40 40 35 53 17 73 25 82 100 75 75 89 81 
48 38 30 28 16 13 96 34 11 93  6 88 79 15 25 39 95 15 59 35 
20 98 81 38 41 86 77 43 68 10 82 73 50 11 29 25 95 53 75 65 
26 64 53 59 89 42 30 88 20 50 99 11 89  3 83 36 55 59 46 43 
63 28 97  8 94 90 26 19 33 89 11  5 72 12 40  5 32 51 81 44 
44 70  2 10 90 84 66 100 85 49  9 83  8 40 62 42 53 40 13 52 
57  5 28 81 45  8 27 11 95 94 53 26 58 73 56 100 82 62 79 79 
71 99 62 37  1 41 100  7 100 98 17  7  7 93 52 18 38 33 73 70 
54 62 83  4 39 97 63  7 58 73 79 97 40 12  9 39 77 36 65 79 
58 35 49 73 90 99 74 62 26  4 60 91 89 57 41 99 78 80 10 93 
13 17 62 42 33 83  5 59 15 62 51  1 57 28 46 75 100 76 49 18 
18 60 100 68 58 82 24 25 40 45 92 54 29 53 88 37 19 18 31 72 
15 56 66 91 31 87 53 72 95  7  3  8 39 61 55 29 26 96 77 71 
57 75 95 83 53 84  1 79 95  4 28 62 58 39 48 65 35 39 83 51 
 3 72 40 26 91 39 38 78 23 70 100 61 12 79 15 10 58 77 77 73 
22 11 61 40 64 49 41 45 20 14 82 73 25 51 88 35  6 100 68 55 
49  9 32 57 21 67 89 28  4 98 37 88 22  3 35 28 100 55 86 81 
 4 66 10 83 10 59  3 61 68 25  8 51 39 97 23 36 27 39 55  8 
61 33  5 96 79 35 85 65 53 59 48 43 27 49 15 16 44 83 82 19 
12 67 15 30 21  2 22 17 58 96 97 79 56 43 45 73 30 49 99 99 
69 12 69 12 95 71 61 73 30 57 51 51 51 64 79 36 12 50 56 79 
40 59 98 32 89 64 33 49 52 21 100 36 39 53 50  3 94 90 19 75 
56 25 12 96 87 51 61  2 12 69 78 14 81 23 67 66  9 17 85 19 
39 35 42 21 76 34 71 89 68  5 14 85 74 66 83 84 58 66 58 85 
 8  2 76 22 87 94 76 49 32 84 33 99 31 97 12 54 61 42 55 68 
86 62 66 81 27 31 50 100 80 27 15 14 76 28 43 89  6 24 24 59 
57 33 47 82 49 62 83 55 91 80 83 57 32 73 20 88 10 29 93 77 
82 13 23  3 50 66 86  6 35 31 26 50 44 79 58 80 54 18 69 56 
 3 11 73 24 61 55 40 66 39 65 23 77  7 82 15 99 57 28 97 89 
