20 50
76 73 26 63 18 54 31 21 85 64 25 73 73 61 94 27 57 85 15 88 
48 72 71  5 18 60 80 47 94  1 14 34 25 40 23 14 13 79 67 24 
15 73 90 80 36 37 83 86 28 59 10 81 54 100 77 63 53 35 30 44 
36 69 65  9 99 31 70  2  9 35 19 86 30 71 69 74 76 92 11 58 
87 100  7 41  8 54  3 65 74 98 72 80  2 44 25 53 15 50 85 50 
 5 87 96 67 91 81 72 27 15 90 14  8 46 38 82 77 31  6 45 83 
56 89 98 59 35 71  2 83 20 21 68 77 54 37 56  5 27  2 16 54 
63 46  7 97 97  6 67 90 14 72 89 76 83  9 42 98 71 64 93 100 
59 62 92 87 20 74 84 83 75 33 97 80  7 87 21 55 81 67 50 81 
79 10 29 74 96 21 53 48 17 78  2 75 89 83 96 90 18  2 13 54 
 3 17 99 14 13 98 51 32 66 66 51 66 61 97 72 94 83 30 68 81 
55 40 19 50 95 26 55 88 27  3 58 95 70 99 10 19 57 17  7 27 
56 48 76 84 84 56 61 72 87 56 26 87 45 58 52 84 90 65 79 50 
85 21 71 35 49 34 18 74 100 69 26 56 49 10 40 54 14 55 62 39 
100 13 25 99 49 100 94 66 51 23 46 33 22 97 52 76 55 14 63 10 
89 11 71 92 21 79 97 11 15 15 47 63 59 66 62 61 21 46 84  9 
17 57 44 17 26 32 97 24 28 93 11 44 74 36 83 12 74 72 38 34 
90 74 19 60 46  2 33 55 15 67 31 91 41 38 86 54 35 64 84 34 
54 31 48 98 18 52 35  2 21 19  1 92 56 63 36 27 25 27 70  1 
69 86 72 63 79 95 53 77 46 79 11 76 14 15 85  1 57 74 28 13 
36 48 11 44 79 65 92 41 41 21 87 19 42 67 28 53 39 65  6 60 
22 96 49 98 93 40  8 45 13 55 63  1 37 65  2 48 97 39 73 85 
13 48 79 17 38 40 50  7 74 24  1 58 59 57 90 26 70 81 52 26 
 3 22 64 73 30 55 38 97 15 27 62 62 28 79 67 37 33 88 13 19 
77 39 81 67 87 88 76 51 48 97 27 47  1 61 36 73 94 46 96 64 
80 49 49 58 47 11 37 54 38 28 24 78 76 85 18 69 37  2 30 39 
97  7 89 10 85 50 43 11 100 55 53 93 22 60 88 95 73 50 79 45 
52  3 32 97 54 56 31 12 24 23 69 57 58 98 57 34 57 18 51  4 
 1 80 97  7 68 34 26 58 48 35 68 62 79 99 30 80 32 96 73 71 
 7 98 94 87 15 12 31 89 41 67 51 56 53  8 93  5 83 92 89 17 
91  4 63 32 54 11 72 17  6 13 70 27 71 31 35 67 14 92 95 100 
26 49 71 41 46 49 76 95 96 17  8 35 46 93 13 48  4 99 53 31 
92 54 34 87  1 65 46 78 29  9 75 17 32 85 56 83 76 61 45 91 
14 24 63 73 36 54 48 49 90 73 89 67 62 33 75 30 63 24 81 86 
20  5  3 94 31 64 17 25 54 67 97 83 92 29 85 99 52 21 15 42 
95 31 63 88 16 56 52 39 15 89  6  4 97 46 25 93 55 22 66 84 
34 95 98 71 93 47 19 55 69 55 15 22 14 15 51 50 65 72 44 39 
53 55 75 60  5 18 89 71 13 77 85 53 55  3 63 54 75  7 28  6 
68 64 13 76 90 18 24 33 25 98 30  8 30 85 71  6 60 76 98 28 
80 54 49  5  4 39 73 75 71 34 60 76 41 42 45 28 36 30  7 31 
15 94 52 45 32  2 58 54  4 38 73 91 23 60 52 17 99  8 11 72 
83 53 29 93 22 94 87 95  9  9 39 47 22 88 99 78 89 11  9 27 
18 94 20 43 59 87 97 93 68 20 66 93 78 54 55 97 28 53 54 14 
35 83 87 49 57 78 12 20 92 13 82 18 18 36 23 35 11 32 31 93 
32 96 97 85 12 74  8 54 83 98 35 41 98 16 53  7 24 75  5 91 
22  5 14 52 66 89 20 78 92 64 54 98 35 48 74 76 93 60 17 34 
38 94 90 29 40 34 43 57 98 10 92 60 87 26 93 18 72  9 74 86 
67 90  1  6 63 86  6 23 98 95 78 66 47 28 30 75 94 52 21 91 
26 90 30 27  7 42 39 81 99 33 11 82 73 58 85 17 59 92 62 64 
40  1 91 57 44 85 20 70 40 16 41 41 75 74 69 91 24 38 29 78 
