2 200
99 94 
37  7 
96 51 
21 98 
51 14 
97 96 
46 18 
20 40 
48 70 
11 18 
75 75 
58 20 
16 74 
 2 26 
81 72 
 7 96 
64 20 
98 77 
83 34 
61 96 
 1 46 
37 90 
83 95 
12 55 
27 26 
78 28 
31 34 
 7 70 
53 75 
86 91 
64 45 
15 55 
17 40 
57 79 
72 73 
40 35 
 3 84 
77 31 
25 65 
24 58 
 9 34 
61 67 
28 89 
25 90 
29  1 
99 87 
68 86 
34 16 
70 98 
25  8 
36 98 
53 26 
39 20 
12 27 
11  7 
41 39 
27 78 
52 78 
59 89 
 1 19 
63 55 
93 16 
99 22 
85 25 
11 15 
48 82 
59 64 
 3  3 
57 37 
29 11 
24 79 
84 65 
93 83 
41 60 
23 40 
62 80 
84 38 
74 37 
11 75 
 9 16 
66 55 
92  4 
84 59 
67 27 
11  5 
89 10 
23 21 
29 53 
60 10 
86 58 
94 62 
13 52 
29 10 
99 42 
23 10 
39 27 
60 43 
44 55 
67 55 
21 95 
92  7 
 9  1 
53 38 
15 45 
44 31 
83 24 
79 25 
70 23 
46 83 
82 18 
20 88 
90 79 
12 96 
79 28 
27 81 
59 10 
82 72 
55 89 
 2 16 
 2 39 
21 29 
65 46 
13 13 
18 68 
94 18 
86 25 
83 75 
91 96 
42  7 
40 90 
84 22 
24 51 
23 64 
31 38 
11 26 
76 11 
23 54 
76 20 
68 37 
70 99 
98 82 
32  7 
20 44 
70 16 
26  4 
15 14 
59 84 
37 23 
64 59 
99 32 
17 56 
30 40 
94 67 
44  6 
20 41 
77  9 
55 62 
27 94 
88 70 
72 64 
69 72 
44 94 
69 45 
 4 64 
23 77 
 7 65 
78 82 
54 22 
65  1 
29 74 
73 40 
16 20 
100  4 
 1 18 
96 67 
 5 43 
82 62 
16 86 
56 87 
95 13 
34 86 
 1 22 
34 16 
81 64 
51 40 
75 96 
47 38 
60 46 
69 39 
89 67 
87  3 
 2 23 
56 94 
85 56 
18 36 
80 89 
58 50 
39 67 
78 23 
64 43 
