10 200
29 12 78 82 28 19 95 48 19 39 
42 46 21 43 60 49  4 37 90 18 
57 61 41 17 11 80 73 41 50 38 
83 68 73 47 39 68 25 67 78 18 
70 92 51 91 34 22 54  7 47 30 
77 22 20 18 17 78 35 82 28 21 
26 40 74 16 34 89 60  2  8 33 
24 17 19 64 64  6 91 87 84 17 
71 18 13 70 56  6 63 12 76  6 
84 50 77 83 24 49 37 61 90 12 
81 39  2 46 38 47 80 94 92  4 
20 97 44 74 76 26 23 63 61 59 
47 93 94 39 75 87 10 96 71 50 
70 12 77 68 16 66 18  9 20 46 
88 49  9 85 44 84 52 74 87 75 
38 13 99 52 39 32  4 35 74 48 
48 57 88 97 32 59 77 100 64 20 
20 15 96 33 38 49 77 54 97 92 
34 94 12  1 68 96 35 45  8 60 
17 15 64 90 67 44 33 79 19 37 
94 100 46 20 96  1 20 47 43  9 
71 73 91 89 96 50 73 13 45 51 
79 82 33 35 54 74 42 67 70 93 
59 51  4 17 44 32 13 80 55 66 
65 64 19 59 65 59 62 43 12 51 
94 35 98 19 82 21 90 56 28 75 
79 77 82 22 79 29 42 42 93 29 
94 87  9 87 51 38 57 11 71 71 
75 82 17 26 82 74 15 96  6 88 
22 56 36  4 78 20 52 13 24  8 
84 65 45 54 48 31 48  4 12 81 
94  5 52 35 10 59 79 34 84 58 
72  6 70 21 32 30 21  5 14 12 
26 86 55 97 93 83 61 39 51 28 
31 92 32 41 93 30 91 59 17 25 
54 19 95 69  7 58 34 51 87 11 
37 92 11 70 25 24 32  2 90 83 
55 50 19 92 74 63 66 96 88 71 
39 77 86 78 19 73 18 39 41 95 
89 91 94 43 88 15 25 49 31 64 
11 97 28 71 92 97 77 97 89  7 
89 54 26 44 48 19 55 26 91 13 
41 89 76 68 100 34 19 86 26 87 
56 60 48 24 95 52 99 89 79 55 
81 38 27 88 54 53 26 42 38 58 
11 85 100  5 46  3 72 81 63 85 
46 50 92 84 40 80 67 70 99 89 
19 33 28 80 25  6 82 82 52 18 
64 55 40 81  9 36  7 60 16 15 
55 55 33 66 98 67 60  2 72 30 
71 97 13 45 43 91 28 62 57 26 
15 46 60 91 64 46 97 12 20 33 
98 88 53 10 68 83 35 20 68 97 
99 91  8 10 24 97 10 34 42 10 
50 80 92 96 18 47 74 23 64 63 
43 64 87 60 17  2 11 61 68 26 
80 87 71 18 26 31 51 95 81 40 
25 11 23 79 16  2 55 79 72 99 
 8 72 62 15 89  4 85 54  4 65 
42 10  1 87 66 69 14 20  3 75 
11 96 96 46 66 29 85 10 79 94 
36 18 16 65 16 59 78 18 71 26 
 1 70 12 84 89 28 39 89 85 87 
54 10 80 61 37 75 17 47 79 86 
45 34 33 49 80 15 45 63 23 22 
81 88 55 18 25 73 75 63 64 45 
45 31 22 20 59 97 35 42 14  8 
81 16 59 45 62 35 68 87 47 37 
61 27 69 56 51  9 28 84 87 13 
38 63 71 27 77 64 23 28 29  4 
13 34  4 84 36 61 45 76 62 77 
23 78 22 30 81 83 42 87 100 97 
58 35 74 70 59 32 17 54 28  1 
50 64 77 40 30 34 12 71 52 34 
64 76 27 34 91  1 43 53 70 56 
36 21 19 79 69 35 60 92 20 59 
31  7 22 82 13 70  3 65 25 53 
70 70  5 24 90 43 59 58 33 75 
21  1 17 70 39 25 50 60 85 23 
86 28  2 22 77 17 40 57 91 25 
 7 13 58 58 48  8 24 19 97 47 
81 70 86 55 22 19 33 52  3 46 
26 52 29 87 51 65 31 12 22 59 
44 83 76 77 89  6  8  1 27 87 
56 91 25 62 77 33 97 53 46 52 
84 88 88 62 97 15  7 30 93 29 
59 95 84 98 63 16 60 53 87 20 
45 35 84 75 25 52 12 65 95 95 
47 95 92 12 37 37 91 35 65  8 
78 51 50 75 38 79 21 39 43 83 
56 28  2 99 42 82 56 32 69  9 
17 77 61 31 48 41 32 91 91 30 
65  9 77 14 49 72 96 35 46 83 
41  6 66 86 89 11 62 100 33 15 
92 97 95 43 53 40 78 40 98 68 
34 28 41 50 47 45 21 34 53 65 
45 76 26 82 59 13 100 19 51 33 
86 75 84  4 85 69 80 19 57  5 
25 48 84 77  9 16 45 36 99 12 
 9 16 59 60 72 94 56 57 52 21 
68 55 85 12 40 12 74 37 42 13 
75 22 11 32 67 40 37 61 10 93 
26  4 42  6 94 27 83 82 71 65 
13 68 94 35 35 45 75 77 67 58 
48 81 99  4 58 56 97 61 71 59 
83  9 51 28 78 83 35 48 15 19 
67 60 51 47 67 51 52  9  2 14 
61 64 84 74 78  3 57  3 66 98 
13 74 73 16  3 88 65 27 75 28 
62 71 23  8 57 40 28 33 43 29 
42  8 60 97 97 96 30 48 17 52 
60  6 76 45 69 10 16 27 82 50 
35 20 35 87 90 88 64 10 78  7 
 6  5 68 59 15 72 68 61 54 11 
59 92 91 44 84 68 92 76 75 40 
30 95 76 53 81 97 30 39 100 70 
90  2 93 85 88 99 79 72 91 50 
12 74 19 86 51 36 14 78 49 67 
54 90 41  1 19 55 86 49 34 18 
 8 94 59 65 95 42 24 38 11 88 
52 60 74 31 67 98 94 94 27  2 
 3 69 79 28 44 59 17 96 93 53 
24 67 65 57 37 79 47 13 70  9 
20 76  1 30 20 31 17 49 68 21 
37 67 47 22 18 85 40 25 56 56 
84 77 40 47 92 85 87 52 65 65 
51 80 32 23  4 14 35 81 27 10 
63 47 67 35 39 35 15 97  3 27 
92 83 90 89 80 83 72 72 19 31 
84 13 94  3 65 96 30 63 28 59 
73  6 45 38 64 56 60 76 83 35 
18 98 21 73 90 60 50 10 27 23 
49 13 85 89 33 44 79 49 59 18 
71 39 24 53 72 69 53 66 35 34 
60 88 46 31 39 77 52 92 43 67 
 4 47  4 72 24  8 76 50 59 38 
40 38 44 23 82 12 80 14 75  5 
 8  3  2 79 11 33 60 82 49 87 
26 100 45 50 21 99 57 34 15 61 
10 78 65 95 91 90  9 48 63 22 
55 63 38 26 15 89 84 72 32 28 
45 97 69 75 21 10 73 80 40 15 
84 49 27 57  1 20 13 95 95 73 
95 80 78 42 99 31 50 83 74 39 
 4 54 39 90 15 52 15 38 82 64 
97 32 64 94 95 69 27 60 62 41 
44 58  7 38 82 14 67 21 45 17 
61 31 23 85 67 41 91 19 98 74 
36 48  2  4 56 16 26  1 87 84 
52 38  6  1 69 69 51 85 18 40 
34 43 65 17 63 54 62 63 77 77 
28 29 31 88  8 87 52 77 13 85 
74 87  6 53  2 29 81 22 73 65 
40  6 53 28 16 64 59 82 88 59 
99 61 86 67 45 68 25 44 93 52 
55 21 80 23 99 41 22 100 21 58 
90  8 67 59 73 50 52 63 25 31 
40  8 20 90 45 16 42 34 75  1 
35 93 36 82 61 32 87 77  2  4 
50 92 70 74 47 17  8 73 99 72 
77  3 100 16 93  6 37 79 85 57 
27 74 32 84 67 53 65  9 11 34 
100 94 20 31 44 29 26 94 14  8 
63 91 25 47  2 13 68 66  7 76 
17 12 28 30 48 76 25  1 75 97 
 2 17 67 71 85 21 21 48  8 48 
54 73 85 34 95 17 59 91  6 54 
58 91  8 78 28 42 11 22 13 10 
84  1 78 41  6 33  5 62 14  9 
47 68 93 63 100 85  4 85 41 94 
52 62 91 37 35 84 79 64 59  6 
48 23 74 36 69 83 73 88 26  8 
63 73 38 28  8 88 46 25 96 41 
42 53 36 92 14 98 40 19 68 94 
34 99 48 30 28 30 32 24 88 48 
21  6 67 82 63 41 70 20  5 73 
88 63 59 35 96  6  4  9 71  7 
17 16 63 11 76 24 25 61 74 50 
80 59 89 61 59 36 15 25 62 70 
 1 53 94 59 84 21 31 83 56 78 
83 17 41 38 64 58 57 26 60 53 
42 65 24 68 16 67  8 72  9 24 
22 77 58 33 10 59 56 25 51 97 
15 74 42 24 71 22 20 20  5 70 
50 20 92 74 20 94 67 97 11 92 
 3  3 57 86 62 32 31 35 20 75 
 3 51 54 95 75  3 76 71 49 91 
33 90  6 94 61 78 20  7 57 35 
76 83 59 92 78 71  9 50  4  1 
92 60 70 90 70 98  4 53 73 17 
67 44 11 49 50 83 60 80 10 25 
59 60 20 15 96 36 71 34 90 83 
97 86 21 78 56 31 40 32 96 34 
46 10 88 48 47 48  6 17 24 63 
48 18 78 16 31 63 13 32  1 65 
53 72 29 12 18 31  1 91 14 36 
98 23 57 71  1 86 61 57 89 22 
 1  9 31 95 49 80 89 21 36 80 
40 66 98 87 39 61 60 24 26 97 
29 100 67 94 90 80 61  6 70 15 
