10 200
20 30 64 50 71 24 51 22 88 62 
65 22 89 15 18 56 31 69 79  6 
59 94 95 12 13 66 81 88 77 42 
74 44 33 39 87 57 60 91 88 15 
68 63 32 16 69 91 63 75 73 74 
26 91 25 48 58  7 93 65 71 72 
94  1 44 27 45 79 62 21 16 48 
100 34 70 17 29 30 70 84 44 88 
64 37 57 98 17 43 88 93 19 38 
73 68 37 38 84 64  5 73 70  5 
48 12 80 89 100 59 99 11 64 87 
71 42  3 37 63 96 46 14 30 70 
19 35 40 66 100 71 21 100 38 13 
 4 90 48 67 54 96 23 91 54  3 
65 28 75  2 70 43 80 25 14 40 
55 26 99 20 44 56 17 71  7 58 
16 83 20 69  6 31 28 99 83 64 
63 45 46 87 87 10 67 77 69 41 
 1  3 51 77 72 98 25 81 25 32 
78 52 31 27 82 100 99 48 45 50 
30 73 90 54 74 31 27  5 84 100 
10 35 52 55 85 13 33 33 87 92 
86 12 37 60 63 24 38 50 80 18 
41 84 45 49 94 19 62 53  9  5 
20 27 75 41 60 59 88 25 86 52 
76 65 87 99 26 40 37 10 52 52 
72  5 38 59 61 80 77 36 29 14 
86 63 53 41 33 49 42 37 55 38 
93 82 29 99 17 15 17 98 35  1 
67 19 39 84 14 17 28 13 46 89 
14 57 54 76 44 97 42 80 63 75 
62 45 45 95 85 46 51  3  4 13 
89 65 39 34 55 78 14 44 38 43 
98 75 48 85 56 61 53 96 93 84 
94 38 27 27 71 99 62 34 64 67 
94  9 38 52 54 59 81 86 66 75 
80 97 95 23 15 34 63  1 78 64 
59 56 41 32 60 70 20 44 26 42 
50 71 76  9 37 38 93 61  9 48 
93 94 58 71 30 61 68 67 24 61 
56 66 78 10  5 25 83 92 66 17 
65 72 42 58 30 100 46 15  5 92 
47 52 54 62  3 16 75 61 49 64 
82 53 18 80 90 39  7  5  9  6 
95 68 60 26 62 36 93 11 49 50 
62 86 68 94 89 92 90 64 21 50 
51  1 91 19 65 28 95 75  6 91 
56 27 44 85 47 30 37 18 78 61 
67 71 52 91 59  2 94 72 85  6 
98 71 65 48 88 34 47 17 95 72 
99 22  2 10 81  9 55 74 33 95 
52 85 49 71 26  7 75 58 46 36 
41 57 89 30 29 76  3  7 78  1 
70 10 91 23 90 64  2 15 67 58 
52 94 22 39 98 81 91 96 55 40 
62 51 49 22 36 65 45 37 10 15 
97 16 35 24 36 94 13 82 92  2 
 7 45 14 68 13 62 80 94 84 65 
21 57 94 83 17 65 59 43 41 86 
45  3 90  1 60 43 89 93 42  8 
80 46 28  2 49 54 26 23 75 74 
32  3 22 66 54 74 29 60 48 62 
97 42 46 65 82 67 87  5 44 81 
10 68  6  9 52 92 84 46 73 38 
38 97 60 13  3 32 72 43 27 90 
93 14 91 97 11 89 32 20 12 85 
79 98 83 72 93 40 96 100 55 68 
65 93 50 22 52 94 47 85 57 42 
19 54 13 100 97 27 87 76 100 16 
76 67 50 57 43 58 32 63 55 69 
100 18 68 65 52 92 13 43 75 98 
74 25 56  3  6 55 95 53 17 22 
52 21 51 51 38 20 48 41 32 88 
30 85 66 61 98 74 37  2 67  4 
60 23 39  1 87  5 84  6 49 94 
30 59 56 37 53 77 49 91 96 97 
96 20 96 93 17 38 36 89 20 60 
60 51 16 37 63 93 57  8 93 75 
16 57 55 55 23 46 34 93 99 37 
27 45 92  6 41 90 31 24 11 42 
30 29 44 67 58 33 94 71 44 16 
15 18 38  5 56 78 90 64  1 96 
32 12 43 33 45 50 21 37  8 97 
 5 93 66 65 16 19 20 76 19 30 
22 83 99 75 59 97 81 38 97 68 
63 48 50 14  5  3 80 88  4 24 
 1 56 36 73 41 14 98 34 94 91 
27 89 72 71 29 30 17 36 62 10 
60 26  9 43 33 68 33 13 38  1 
39 50 88 97 66 36 93 48 30 90 
 7 100 95  5 79 32 61  8 20 56 
79 96 80 11 13 22 91 66 99 69 
 8 99 86 58 96  3 96 35 50 43 
38 46 13 13 60 50 16 18 91 66 
87 99 86 20 36 59 87 48 52 52 
88 53 54 30 65 82 68  2 21 19 
83 61 59  3  7 42 74 74 32 66 
97 44 57  3 28 12 10  1 64 51 
22  4 79 81 33 30 47 70 27  6 
70 35 64 91 35  4 12 19 83 10 
80 61 21 47 38 59 52 60 37 41 
24  2 11 23 44 54 26 76 18 86 
50 30 39 42 62 12 51 69 99  1 
91 26 38 30 33 13 25 75 73 90 
53 93  5 46 38 83 23 37 37 63 
91 98  6 81  2 57 89 37 33 75 
62 52 99 41 77 83 17 66  8 42 
79  8 38 17 36 65 84  9 37 26 
24 64 52 29 86 88  4 91 27 38 
76 33 63 66 95 66 42 61  3 62 
78 90 13  1 89 54 50 34 73 55 
 5 52 20 29 74 26 39 94 55 22 
78 39 71 53 56 41 16 22 96 92 
83 40 91 55 17 57 43 15 33 55 
 1  2  4  1 40 61 14 29 36 51 
86 68 76 77 42 89 41 15 12 25 
14 31 40 88 42 45  2 73 12  1 
25 86 22 65 65 58 57 17 56 47 
44 82 25  9 63 42 40  9 17 48 
82 20 92 84 77 32 89 23 74 29 
27 28 68 79 66 94 94 81 69 68 
86 59 53 58 98 35 25 63 97  8 
73 66 49 15 67 35 70 36 83 93 
45 88 10 49  7 10 55 48 15 88 
85 14 59 54 47 71 62 65 29 87 
59  3 61 97 10 43 93 55 89 79 
28 97 85 76 93  7 71 29  3 31 
82 34 58 100 58 56 95 87 67 37 
13 95  6 90 20  8 61 73  2 31 
49 59 10 67 29 58 72 27 88 28 
94 13 32 63 80 59 32 47  8 42 
46 18 38 37 39 52 73 43 50 50 
100 35 84 22 74 46 92 38 82 46 
26 56 25 44  5 33 85 82 80 32 
39 76 80 70  4 77 30 56 42 86 
96 12 10 100 56 20 12 76 92 33 
29 39 31  2 78 43 18 49 41 81 
67  8 61 51  1 67 10 90 34 23 
97  8 34 86  2 37 13 81 51 12 
47 79 77 85 86 55 41 61 48 96 
15 51 33 30 44 52 58 51 17 76 
71 28  2 64  6 71 89 44  3 50 
16 68 35 18 71 84 34 63 31 81 
29 10 89 56 100  1 35 12 30 24 
53 73 66 80 60 40 81 20 24 70 
59 92 38 82 28 25 26 93 49 83 
73 44 93  1  4 76 84 62 67 17 
 3 100 22 41  6 34 22 33 28 10 
70 30 34 83 84 67 33 96 88 69 
 6 88 90 89 28 10 29 18 17 25 
33 18 57 75 72 76 86 32 85  4 
66 77 11 31 23  8 100  9 34 22 
27  9 37 95  4 24 80 41 38 34 
17 59 82 42 26 20 23  4 30 85 
72 61 11 95 91  6 70 10 70 13 
47 51 61 60 96 16 76 44 75 55 
98 94 60 86 45 89 53 53  1 51 
12 43 91 82  1  5 45 13 47 64 
80 95 26  6 74 21 55 69 58 83 
 4 95 90 63 78 84 25 100 21 37 
82 49 60 37  8 35 60 96 51 46 
 1  9 18 38 92 27 39 19 88 68 
31  2 80 19 82 98 85 67  4 84 
92 89 71 46 71 76 15 38  3 25 
15 87 96 58 22 91 87 14 18 69 
19 90 16 36 33 11 61 79 95 26 
94 20 23 40 52 100 10 77 20 42 
 7 56 69 26 82 56 28 78 94 15 
54 14 81 55 21 15 39 67 81 26 
69 35 69 38 63 46 71 85 41  2 
91 34 17  2 96 68 30 27 25 37 
82 33 88 86 95 62 39 11 49 16 
70 57 39 10 71 10 52 28 77 74 
53 31 15 27 11 72 14 80 79 88 
24 82 19 76 43 95  4 76 93  2 
14 48 78 82 44 42 84 19  4  7 
50 84 54 61 49 84 77 33 86 14 
41 82 90 85 88 30 86 56 61 56 
13 36 61 23 19 28  3 57 34 23 
36 78 77 40 45 43 74 49  1 47 
40 91 94 18  7 99 13 51 39 73 
100 77 100 62 53 18 32 89 93  9 
71 99 14 85 53 25 62 49 53 69 
60 66 64 32 21 59 98 27 19 50 
20 11 99 99 65 44 57  9  1 40 
57 40 27 16 38 18 29 30 96 34 
48 57  9 62 89 59  9 28 25  3 
31 87 38 23 71 18 70 27 33 95 
52 90 48 74  1 58 59 84 65 33 
13 40 30 88  1 54 56 80 42 100 
54 48 60 59  5 10 89 86 11 60 
 2 73 66 88  9 40 56 32  3 71 
 4 64 73 65 34 39 46 83 57 29 
17 71 64 19 64  2  6 92 18 86 
10 30 19 88 14 32 66 40 71 91 
 3 37 26 56 13 73 27 63 11 98 
21 19  7 92 56  1 18 79 43 35 
39 70 56 18 15 66 69  2 38 33 
 5 99  7 59 11 58 13 37 74  9 
89 35 100 69 99 42 69 35 94 61 
