20 50
12 90  8 34 72  7 93 50 27 31 89 28 60 83 41 30 71  1 80 91 
 7 23 99 58  4 94 61 11 28 68 58 19 51 51 66 15 61 54 85 56 
98 60 15  1 63 16 72 70 78 73 29 59 63 48 38  1 65 71 63 96 
22 63 82 63 82 15 71 98 57 15 32 66  3 58 14 15 94 41 22 47 
 5 18 89 100 37 30 51 77 20 45  6 20 81 30 30 99 79 46 49 54 
41 36 23  2 67 24 57 87 19 46 81  7 29  9 45 42  9 56 95 65 
21 73  3 71 17 51 80 33  6  5 26 13 77 34 72 15 31 42 82  4 
83 88 99  1 97 92 51 70 87 93 52 54 28 94 100  1 79 20 100 58 
59 25 35 86  5 50 14 54 87 59 19 50 30 28 10 30 88 93 94 92 
75  8 23 77 45  8 86 97 82 81 25 84 85 59  2 71 17 69 45 51 
44  1 73 66 12 44 97 37  5 17 38 51 72 99 91 42 100 52 42 28 
17 55 33 15 54 22 40 32 55 10 14 97  3 67 43 15 23 39 79 21 
73 87 43 25 51 10 34 67 23 40 74 62 25 14 91 27 73 88 12 27 
16  3 98 46 58 80 19 63 36 96 69 60 55 69 17 39 55 35 14 46 
86 30 58 76 36 96  2 41 34 26 65 96 96  5 55 30 33 16 87 72 
74 37 11 48 10 60 74 69 21  1 49 22 22 24 96 80 31 90  5 47 
13 67 60 63 86 65 84 76 38 10  6 72  9 10 74 91 34 45  6 90 
86 52 50 96 78 98  8 75 65 13 17 42 89 20 71 62 84 38 62 28 
34 18 60 33 80 35 86 49  4  2 32 43 92 92 32 81 38 68 32 88 
53 51 89 99 100 85 89 90  1  6 43 74 60 15  1 70 15  9 41 14 
84 57 45 21 48 39 11 77 67 78 16 13 72 28 18 94 74 42 93  4 
71 82 81 37 93 93 86 31 25 17 12 38 95  3 33 64 89 63 77 55 
34 30  7 20 31  8  6 77 43 58 33 16 82 97 25 61 94 16 36 15 
92 48 41 61 56 52  7 53 21 18 35 62 76 21 37 90 96 15 29 87 
66 41  3 72 14 25 90  1 36 32 35 71 28 15 70 20 76 54 59 13 
27 36 94 100 62 45 61 73 13 64 74 46 44 22 74 13 78 23 18 40 
90 61 49 28 85 11  9 95 26 85 22 44 53 82 88 44 63 97 97 70 
28 56 66 32 91 51 51 62  8 48 98 12 89 39 96 92 51 83 84 84 
79 38  6 13 92 95 85 75 21 64 11 54 61 59  1 69 28  3 92 22 
63 82  8 79  1 83 84 21 75  1 87 99 46 84 86 59 80 34 80 21 
21 93 90 82 80 30 29 43 81 43 44 87 57 15 19 18 64 39 12 54 
20 57  8 40 89 56 54 83 20 50 81 13  6 43 62 50 82 100 48 55 
11 19 20 32 31 18 58 56 37 59 30 74 69 47 44 53 60 72 96 76 
40 91 17 50 66 30 74 50 100 28  1  8 28 81 27 93 98 83 38  5 
42 72  3 42  6 56 23 57 23 36 74 10 22 11 64 57 43 35 21 96 
30 75 71 29 37 83 17  1 46 73 85 38 97 41 82  9 41 94 32 77 
28 20 65 77 41 74 57 52 11 71 88 29 99 52 26 47 69 17 12 79 
35  3  2  5 10 94 27 19 38 70 30 80 27 67 85 44 38 31 97 51 
80 23 89 54 24 10 81 63 39 35 72 59 54 62 44 69 25 17 72 71 
30 35 97 52 87 72 95 85 47  2 49 86 19 82 21 85 20 100 98 62 
18 48 83 56 40 19 64 64 39 21 39 53 30 68 31 38 76 34 73 81 
 9  9 43 59 54 16 96 84 85 31 62 70 10 76 67  1  1 62 89 69 
81 80  1 22  6 16 62 13 32 100 98  8 35 82 14 87  3 73 17 52 
100 13 74 66 77 73 82 95 41 74 54  5  3 82 65 71 42  7 39 52 
64 95 85 57 67 17 73 87  6 56 63 41 89 26 49 50 97 32 26 92 
81 88 50 47 85 41 33 75  4 60 85 80 97 45 97 79 95 11 24 28 
14 44 43 75  4 98 83 40 81 44 80 55 70 84 28  8 84  3 36 76 
77  2  2 26 24 79 22 60 60  2 95 93 19 85  5 24  8 32 74  5 
18 99 29 63 15 46 57 48  2 63 97 53 10 52 99 83 56 90 79 71 
52  1 97 34 85 66 94 90  5 98 88 91 14 11  2  1 65 77 69  5 
