10 50
34 69 13 53 58 54 49 68 22 11 
73 15 64 18 21 69 59 38 43 54 
91 42 15  1 11 25 12 69 59 88 
43 66 64 16 13 58 44  7 69 61 
81 43 41 94 24 62  2 69 88 13 
18 76 57 28 39 58 98 42 11  4 
86 68 90 56 78 33 61 10 41 81 
 1 76 65 42 57 11 23 65 82 70 
23 67 53 98 98 24 37 41 97 10 
85 80 66 17 77 89 50 18 87 92 
74 99 89 13 80  4 42 53 20 41 
72 88 70 42 92 37 59 12 79 19 
15 68 17 32  3 50 73 79 24 94 
33 88 47 64 30 13 69 93 39 65 
32 49 57 45  9 66 38 66 24 73 
89 29  4  9  1 15 12 43 85 50 
19 76 22 63 48 74 28 17 45 67 
24 13  7 77 35 52 32 51 24 39 
14 95 35 79 89 95 83  2 61 55 
52 89 82 49 26 39  4 68 58 40 
64 61 77 100 71  3 22 75 42 14 
80 95 72 81 38 73 75 90 97 91 
90 18 41 12 45 46 43 56 84 40 
45 32 71 79 99 91 88 80 91 45 
22 92 51 100 42 20 99 100 33 88 
36 16 33 51 92 44 28 74 74  9 
11 59  5 98  4 43 59 19  5 47 
93 21 70 42 29 83 79 56  4 10 
98  6  1 59 38 81 83 49 84  5 
 2 68 70 58 44  7 27  2 12 64 
98 50 100 12 80 37 72 79 52 83 
45 52 81  3  9 98  1 31 62 39 
76  9 17 55 28 72 55 58 96 90 
51 66 28 68 59 45 49 49 59 94 
97 22 59  1 33 24 15 57 47 83 
42 96 32 38 78 91 100 70 74 76 
32 11 24 56 31 74 30 16 41 51 
99 36 36 49 18 62 65 98  8 12 
91 17 100 87 27 51 70  2 45 49 
37 59 75 32 95 16 79 76 33 54 
95 17 48  7 14 14 62 12 57 75 
91  6  3 50 91 63 72 78 89 66 
12 46 81 95 10 10 21 37 68 41 
 2 95 68 26 61 47 22 41 72 56 
 1 60 34 48 20 15 17  6 22 93 
21 52 92 91 30  2 86 41 60 20 
46 96 63 55 95 87 52 40 10 32 
80 35 49 81 36 38 84 26 72 75 
40  3 41  4 35 40 52 51 51 15 
16 16 91 99 73 83 83 60 77 51 
