2 100
 9 85 
24 94 
60  2 
75 76 
35 58 
34  6 
28 85 
75 72 
12 39 
31  3 
33 36 
74 28 
42 41 
32 28 
32 55 
41 22 
10  7 
78 37 
97 55 
59 71 
21 23 
98 45 
 2  4 
90 56 
93 16 
84 47 
16 93 
72 98 
46 98 
 3 66 
40 20 
45 60 
46 69 
40 63 
100 77 
 2 89 
45 98 
16 22 
66 25 
21 98 
27 48 
77 83 
48 87 
63 88 
65 10 
61 73 
33 14 
12 12 
55 14 
49 40 
34 29 
12 51 
100 90 
65 72 
87 26 
91 65 
81 42 
78 67 
86 27 
79 57 
70 69 
43 50 
83 42 
17 59 
81 43 
22 53 
46 29 
31 83 
43 86 
40 87 
24 70 
 5 100 
80  5 
89 65 
57  3 
 3 98 
28 82 
99 43 
50 88 
12  3 
23 38 
69 68 
30 30 
90 59 
78 92 
19 59 
95 71 
68 59 
31 76 
43 54 
76 46 
27 96 
13 77 
59 28 
19 82 
71  1 
46  9 
95 39 
58 86 
61 68 
