10 100
80  8  3 63 66 25 100 96 78 30 
39 10 91 46 60 14 34 83 33  4 
23 75  4 21 86 10  2 18 81  6 
40 14 44 18 38 36 83 71 83 67 
80 22 34 50 38 76 67 38 35 18 
88 57 76 100 26 87 51  9 23 33 
26 56 61 84 96 17 24 82 99 12 
25 63 89 60 29 86 62 83 67 85 
77 81 48 27  1 21 74 20 59 61 
33 90 11 66 45 27 69 16 36 88 
53 30 65 33  6 46 41 32 69  8 
41 85 45 99 51 24 32  4 67  6 
22 35 77 70 82 16 19 61 66 31 
27 97 85 97 26 13 42 73 95 35 
34 73 46 43 29 26 52 69  4 19 
96 100 58 72 34 77 21 46 38 68 
94 91 50  6 87 35 17 24  6 88 
78 52 39 52 10 60  7 29 37 71 
17 82 19 56 68 97 65 35 66 31 
79 15 61 30 33 69 48 44 93 91 
74 20  6 14  2 32 55 58 61 51 
62 67 35 77 47 67 92 88 65 59 
30 10 64 57 55 12 96 82 77 24 
55 69 20 39 97 23 56 15 52 98 
23 37 84 72 50 45 43 17 26 99 
74 33 95 83 48 22 55 49 15 77 
 5  4 91 23 54 15 43 86 23 68 
51 67 81  5 96  4 32 78 27 92 
26 13 14 44 75 63 41  2 91 90 
76 35 33 95 42 55 61 27 27 17 
45 28 85 36 20 77  1  6 84 94 
26 52 24 88  8 89 44 13 77 27 
19 39 30 59 27 75 81 98 10  5 
60 63  3 54 80 83 35 32 69 38 
41 69 91 77 60 93 34 36 15 88 
37 77 27 49 79 79 72 45 44 91 
29 48 24 27  5 63 53  1 15 71 
 8 51  5 59 71 91  3 60 64 85 
93 71 18 81 38 49 88 91 65 59 
86 25 80 62  8 27 44 35 52 19 
76  6 12 61 91 15 36  7 49 59 
 6 30 19 11 89 52 38 39 36 58 
 8 35 68 93 36 90 21  3 45 69 
45 68 19 93 84 38 89 48  4  2 
64 53 25 98 33 81 62 47 41 58 
99  9 26  6 11 33 15 31  8 28 
29 85 45 44 87 64 68 92 82 65 
80 24 99 42  1 62 27 31 70 22 
93 79 73  5 84 57  7 23 78  1 
98 13 28 68 46 19 61 97 13  5 
74 74 18 34 26 74 69 26 83 65 
55 64 21 30 94 35 53 86 41 60 
76 21 24 10 87 43 50 56 85  7 
86 23 58 94 95 86 10  6 57 18 
36  6 43 88 54 50 82 28 50 91 
72 77 16 51 59  3 71 42  2 84 
42 62 100  9  5 87 65 97 14 24 
80 31 28 71 12 43 82 88 65 47 
30 83 92 59 75 17 13 25 62 77 
34 81 84 26 61 22 50 54 33 99 
73 38 65  8 33 89 37 60 12 87 
59 76 56 79 56 45  8  5 73 45 
39 75 27 98  7 100 57 34 39 22 
23 72 18 71 14  6 39 76 47 69 
 8 71 66 61 32 86 76 42 78 82 
98 62 90 74 78  4 60 50  4 81 
21 92 31 84 18 49 18 87  8 65 
75 92 82 69 86 68 60 39 18 14 
40 56 90  9 62 34 29 91 19 19 
86 78 15 27 100 67 72 80 84 68 
92 38 31 54 58 20 80 13 20 54 
94 88 26 27 66 94 17 76 38  1 
98 38 97 90 21 59  9 58 37 22 
75 89 80 29 56 76 26  9  8 31 
15 47 80 97 71 45 98 15 59 54 
18 83 69 47 27 52 15 48 89 58 
65  5 16 47 53 48 62 53 50 70 
20 69 70 10 98 92 46 48 64 72 
95 94  9  9 67 24 90 14 84 31 
86 90 54 98 34  6 24 24 64 18 
 9 88 46 55 35 91 44 92  8 14 
79  9 35 66 36 75  3 58 61 10 
45 20 98 82 84 61 99 55 96 13 
66 79 68 54 57 18 93 93 68 50 
52  8 48 80 70 61 13 14 67 21 
46 67 52 44 62 13 14 94 92 55 
39 71 54 27 40 99 18 43 65 61 
65 31 62 13 81 82 94 37 64 57 
58 34 44 73 72 56 70 91 45 13 
64 94 67 72 87  8 34 94 84 32 
11 32 97 29 42 52 25 27 88 30 
 5 87 32 74 31 44 74  3 41 82 
58 51 54 23 54 67 68 51 36 50 
 8 66 45 31 45 75 35 52  1 26 
27  5 62 68 48  4 85 57 72 73 
92 94 88 94 61  2 19 14 39 45 
98 42 11 81 65 42 93  9 19 60 
95 95 90 50 11 78 35 72 52 70 
 9 29 92 57 91 100 25 45  7 86 
50 96 98 66 74 15 67  3 89 81 
