20 100
70 25 48 79 77 62 90 89 30  9 85 74 59 13 81 82 22  7 29  3 
32 53 47 30 35 94  1 70 90 64 46 91 70 64 84 74 23 34 79 53 
11 58 71 92 12 22 60 98 51 87 89 50 31 94 22 93 57 92 99 50 
 4 41 85 67 79  6 79 70  2 65 19 57 14  6 80 78  9 16 88 90 
43 63 91 37 99 76 96 81  6  5 52 91  2 93 79 73 98 12 23 67 
97 81 12 15 85 99 44 54 43 79 47 31 58 29 20  9 43 54 66 63 
13 84 39 55 11 79 29 67 75 91 74 89 74 56 45 20 88 80 17 18 
13 12 57 69 77  1 45 50 48 98 39 43 86  7 93 73 80 51 57 69 
24 62 20  3 60 83 90 43 76 55 18 76 55 47 51 90 51 74 52  7 
 6  6 90 14 100 96 36 42  2 76  9 95 25 40 44 17 86 56 73 47 
89 75 16 94 75 97 78 83 86 94 10 31  7 91 40 69 52 81 11 86 
35 60 47 56 14 27 51 51 75 20 35 18 16 43  5 88 63 67 68 93 
27 98 57 38 98 69  6 16 20 16 16 21 30 50 73 85 59 95 22 51 
37 97 47 92 14 36 32 28  3 75 44 41 82  8 16 88 96 81 25 35 
58 98 56 54 41  1 74 67 41 36 53 66 21 28 99 68 58 90 10 59 
65 89 51 54 91 90 85 16 17 15 22 39  1  7 74 50 51 23 92 61 
29 79  8  8 97 96 19 26 27 35 43 52 54 30 65 91 59 55 55 29 
64 18 10  6 19 10 12 19 92 37 74 62 81 10 13 69 46 77 92 60 
93 73 53  1 40 45 89 23 86 50 48 14 66 85 12  5 41 65 43  7 
 8 93 26  3 60 92 43 50  3 50 76  7 98 15 37 90 72 48 91 48 
74 21 87 94 84 44 56 21 59 71 70 94 82 17 66 28 52  3 56 26 
70 32 54 27 11 28 64 41 14 44 19 50 31 34 29 30 88 22 25 91 
88 63 12 26 41 67 46 75 59 59 91 30 23 52 62 13 46 36 99  6 
27 43 80 25  5  4 12 64 33 33 31 27 42 91 92 87 72 39 14 20 
 1 12  6 36 14 90 29 39 89 47 26 29 43 21 13 68 98 91 97 24 
98 100 25 76 94 63 81 42 41 45  4 40 26 96 18 19 77 51  9 55 
45 88 97 64 70 98 36 93 90 93 25 27 50 24 52 14  3 53 31  8 
63 46 89 80 94 32 76 58 92 84 77 83 70 87 69 91 73  9 65  5 
55 58 69 79 29 28 37 25 73 37 88 52 80 86 86  9 41 60  1 20 
27 39 84 24 63 22 58 100 99 92 17 45 32 50 44 78 89 26 88 70 
52 81 39 14 53 89 27 30 62 16 59 16 34 67 21 26 32 27 53 17 
96 68 85 37 65 28 51 61  8 42 40 51 36 89 29 75 62 64 59 48 
89 78 100 38 26 60 60 41 68 13 45 51 54  3 32 40 100 96 79 64 
90 31 53 59 10 75 40 21 42 74 29 54 96  1 23 31 64 51 69 49 
89 67 42 20 20 37 70 61 27 92 53 80 20 90 61  5 37 26 35  4 
 5 81 96 56  4 66 99 41 66 57 17 98 95 13 34 38 88 90 22 92 
45 59 77 39  3 16 47 32 68 20 31  2 78 29 92 60  7 27 23 80 
30 17 13 59 98 38 35 76  4 36  9 62 68 95 52 31 55 26 94  9 
21 99 47 20  8 100 88 19 77 20  8 26 32 34 19 85 28 61 59  1 
38 31 87  1 40 31 72 75 74 61 94  4 28 35 77 41 49 78 96 79 
33 20 52 76 16 74 29 87 31 32 50 96 30 42  1  9 12 27 12 39 
35 24 33 95 29 100 94 65 66 19 36 76 57 62 31 15 84 99 89 31 
73 54 15 53 30 15  1 12 44 25 25 79 19 44 58 13 30 78 13 33 
75 39 49 39 11 81 97 32 30 98 53 36 40 83 38 18  2 84 57  2 
34 93 68 92 84 67  4 96 93 94 80 20 18 16 23 68 74 17 19 57 
88 79 59 60 83 99 71 15 39 68 34 39 66 97 26 41 28 85 74 40 
90 31 28 30 72 88 100 59 40 89 29 70 35  8 72 46 16 75 92 79 
81  8 41 91 96 63 34 82 32 86 12 100 80 100 84  1 14 10 58 34 
11 55 61  7 95 46 89 35 82 41 64 69 59 21 67 85 91 90 60 100 
39 77 70 22 80 90 84 77 44  8 55 32 19 85 99 50 56 75 79 69 
 2  9 49 74 57 62 18  3 88  3 19 20 22 30 16 54 21 94 41 11 
42 94  1 72 27 44 46 53 44 17  7 33 19 30 44 79 92 36 98  2 
60 89 79 89 82 19 38 93 96  7 73 40  1 53 11 73 92 68 58 27 
64 54 17 82 49 64 16  6 80 19 45 82 48 58 36 63 84 67 53 86 
81 43 100 96 70 44 37 71 17 10 69 87  3 69 32 43 37 97 12  5 
27 99 60 12 28 50  8 27  4 68 92 33 87 11 19 95 31  7 39 70 
 8 53 59 64 71 91 31 81 56 52 69 68 50 38 84 62 42 49 91 33 
 9 95 92 77 40 87 23 81 51 83 23 65 91 64 93 73 79 13 76 57 
 7 43 82 22 43 98 41 81 36 18 43 89 59 26 12 75 77 27 34 33 
34 67 74 73 70 25  8 13 18 57 45 75  2 84 65 20 76 29 26 43 
77 27 65 82 95 84 24 69 66 94 54 71 93 50 100 16  7 62 39 13 
67  2 85 19  6 48 55 100 82 67 91 95 65  9 100 87 94 88 29 80 
84 72 42 81 86 96 76 62 31 46 96 49 20  9 96 56 46 11 29 14 
48 91 78 39  9 82 53 80 12 23 55 51 25 70 23 94 99 28 39 14 
78 41 90 68  3 10 43 44 14 10 25 66  7 30 93  1 70 69 82 83 
45 55 34 75 92 42 94 68 53 27 82 57 42 75 15  8 11 54  4 90 
 5 82 89 70 50 75 63 19 66 50 63 68  8 78 19 66 36 98 21 21 
45 18 67 43 30 100 16  4 67 53  1 56 71 88  8 95 98  3 80 20 
29  1 91 50 40 36 47  1  6 50 40 67 92  3 97 46 51 76 100 39 
78 10 21 16 23 60 51 79 59 34 95 88 91 36 23 71 63 91 52 60 
84 91 58 84 98 26 61 14 59 52 61 44 91 61 76 47 82 78 98 44 
41 94 34 16 91 48 14 79 51 13 48 89 67 40 98 19 63  8 90 86 
24 92 32 32 50 74 25 63 85 17 25 37 28 62 91 84 89 10 96 58 
98 54 85  9 61 11 96 35 48 45 78 74 49 30 39  8 41 89 86 18 
36  7 29 31 55 47 29  8 16 64 35 75 98 71  4 61 22 41 34 31 
44 93 39 61 57 60 19 45 52 12 22 72 87 78 27 70 31 95 68 81 
73  9 85 64 33 74 82 86 23 32 78 40  3 44 18  6 51 65 39 42 
82 95 52 85 66 55 35 12 14 96 70 64 92 84 62  4 70 11 34 18 
41 92 88 73 88 15 13 32 59 17 23 85 48 71 89 51 91 55 51 56 
28 12 44 10 68 89 75 66 11 66 36 54 65 47 78 51  7 56 25 20 
57 50 61 80 59 18 89 53  4  2 25  2 29 37 77 72 24 30 78 70 
40 83 25 64 23 15 57  8 18  4 15 41 46 86 83 92 20 53 92 24 
17 24 48 38 98 14 66 46  2 93 79 92 35 14 89 35 65 13  8 96 
21 58 69 84 23 96 72 66 49 72 69 94 48 55 92  5 27 34 93 92 
18 40 99 51 89 75 61 47 62 34 14 33  9 92 36 60 44 86 89 34 
 6  6  5 12 96 42 30 79 47  3 39 76 32 59  1 71 16 68 25 81 
57 27 83 27 36 24  9 86 97 21 14  8 43 17 96 20 25  8 40 14 
26 41 86 10 53 40 73 94 32 83 15 74 39 62 22  9 65  8 89 70 
58 43 25 14 28 61 40 93 79 14 33 42 43 84 11 12 40 37 100 72 
48 57 63 74 29 57  2 29 43 94  4 61 46 24 23 23 16  6 22 64 
37 72 79 61 53 96  2 80 59 17 26 44 40 29 70 10 76  8 61 75 
94 62 11 65 81 48 49 80 10 67 88 13 30 17 45 100 69 33 56 20 
 8 73  5 69 73 43 91 98 19 58  8 73 28 73 92 79 86 78 70 45 
25 72 31 84 44 76 30 36 51 99 84 34 74  7 84 26 80 14 48 52 
93 39 83 47 84 75 90 25 21 97 63 16 70 14 40 23 23 90 84 67 
64 11 95 15 33 45 46  9 34 30 59  6 39  3 37 29  4 66 88 44 
24 23 45 95  7 75 31 39  4 32 59 73 17  9 75 19 18 89 34 67 
53 93 97 64 39  3 65 81 19 38 27 87 17 24 16 19  2 24 28 60 
26  2 47 57 40 74 39 21  2 32 60 16  6 50 27 38 85 93 31 58 
34  7  3 54 12 61 39 73 93 69 40 78 77 89 89 50 35 98 66 67 
