2 200
29 68 
38 63 
16 50 
61 75 
49 33 
 4  8 
22  9 
35 72 
93 30 
51 25 
56 34 
58 58 
71 52 
93 34 
29  1 
78 85 
73 56 
83 88 
69 84 
10  5 
18  3 
10 38 
34 73 
51 42 
76 57 
92 72 
16 28 
65 42 
47 11 
 3 31 
17 25 
70  5 
87 60 
25 18 
58 42 
57 59 
80 64 
29  8 
 5 40 
12 95 
34 62 
90 24 
39 86 
78 11 
74  8 
15 76 
18 74 
43 40 
44 24 
20 68 
17 17 
88 31 
96 36 
100 31 
46 99 
19 79 
79  2 
91 48 
70 38 
51 53 
41 49 
31 29 
86 32 
64 74 
62 88 
77 78 
74 87 
59 72 
64 17 
76 100 
78 81 
68 55 
61 96 
52 13 
66 40 
58 48 
69 51 
78 64 
37 81 
85 18 
 5 33 
75 91 
65 95 
66 50 
30 19 
41 82 
20  4 
17 99 
38 89 
53 56 
78 31 
18 43 
56 40 
83 54 
80  5 
22 53 
79 96 
31 10 
91 14 
 5 63 
33 88 
 6 67 
95  9 
 3 57 
21 62 
89 72 
42  4 
63 30 
93 33 
82  3 
86 13 
15 32 
66 61 
36 91 
 8 43 
40 38 
53 52 
 9 38 
11 67 
95 16 
58 83 
46 20 
89 33 
85 28 
82 67 
48 85 
19 39 
49 81 
63 16 
 4 38 
 7 60 
99 31 
49 94 
21 20 
42 92 
67 93 
31 62 
47 39 
45 95 
76 72 
21 76 
61 25 
86  3 
94 85 
68 63 
58 18 
15 40 
93  7 
12 84 
86 83 
21 41 
36 44 
 7  4 
43 27 
 6 38 
11 67 
19 41 
67 90 
88 11 
37 27 
33 47 
34  1 
90 95 
100 34 
68  6 
77 13 
57 64 
97 62 
40 95 
68 80 
63 80 
52 72 
11 73 
91 98 
90 10 
75 49 
71 82 
45 47 
97 71 
62 30 
86 47 
17 86 
59 89 
55 15 
93 54 
 3 35 
 3 42 
30 29 
10 41 
32 23 
93 47 
100 40 
97 72 
91 38 
78 37 
47 86 
49 35 
 1 79 
82 50 
74 63 
