20 200
 9 57 96  3 28 19 14 85  1 80 71 71 90 64 89 17 57  7  6  2 
23 80 82 53 15 89 38 27 53 53 39 88 59 98 78 76 62 32 33 97 
16 42 50 41  9 29 84 95  5 12  9 28 74 97 47  5 39 36 26 16 
39 72 86 40 40 41 61 62 85 86 83 82 60 61 94 74 77 48 93 34 
 1 12  1 78 10 63 41 72 69 75 29 97 28  3 71 50  5 83 97 10 
64 71 34 26 20 20 11 28 90 74 55 61 100 97 89 22 26 45 30 21 
 3 76 38 97 54 75 68 36 41 10 16 37 79 51 21 46 47 52 29 48 
62 50 34 84 42 84 12 17  5 73 33 85  9 77 79  7 94 94 10 70 
97 54 40 27 43 25 19 71 87 24 21 23 47  3 82 81 94 74 25 34 
87 36 92 88 14  3 43 41 19 82  1 54 96 56 95 96 24  1 21 88 
 9 59 27 40 13 79 93 20 29 28 74 28 37  9 34 58 71 11 63 43 
16 76 74 41 61 39 70 50 14 54 31 60 86 23 54 18 93  9 78 100 
37 31  8 69 90 66 52 87 21 72  3 85 54 63 73 65 44 88 46  9 
23 71 58 12 33 63 47 44 50 18 22  5 78 66 75 76 86 98  7 55 
85 81 21 27 70 56 84 22 68 67 53 92 59 71 43 50 24 85 80 80 
 3 68 86 58 11 11  1 92  2 37 18 65 53 51  9 34 53  8 56 57 
90 21 63 55 56 38 73 11 50 42 43 53 21 92 15 10 68 83 82 16 
63 93 19 41 67 25 65 82 35 16  9 42 52 34 29 73 30  6 68  9 
12 99  3 84  4 27 64  8 40 88 69 51  6 64 13 27 43 66 37 27 
87 18 95 10  9 45 63  2 19 50  8 31 11 88 17 59 65 85 33 81 
38  7 77 92 85 91  2 62  7 87 64 11 14 82 48 40 13 75 77 13 
15 53 52 94 64 39 17 92 24 80 52 79 87 93 30 31 65 82 19 30 
11 86 74 70 33 56 36 54 19 11 67 24 52 84 16 49 80 63 76 12 
28 71 90 83 54 40 31 77 23 35 57 68 43 81 48 40 89 64 56 11 
 3 20 76 85 18 77 64 22  1 24 40  9 46 71 55 64 49 85 24 73 
93 33 72 10 94 20 47 25 19 25 44 72 76 79 100 27  6 61 82 10 
 9 99 86 62 94 98 75 50 59 82 69 55  8 12 59 12 74 67 49 65 
 4 13 26 48 13 23 61 77 15 89 78 56 14 51 44 22 18 32  6 77 
14 43 98 87 88 58 87 35 78 11 89 34 55 56 54 43 18 35 38 11 
20 46 38 52 86 27 55 86 47 36 13 72 75 62 20 49 11 54 94 66 
11 46 38 31 57 49 27  4  2 63 43 18 31 44 36 21 44 65 29 55 
59 81 33 74 82  6 35 56 52 76 84  5 87 25 20  5 23 25 77 79 
 3 69 78  3 29 82 76 65 93 40 56 62 45  1 59 84 49 97 54 91 
92 18 68 57 56 94  4 99 43 34 70 28 26  8 100 65  9 16 73 12 
92 40 100 66 27 17 25 40 62 61 37  7 17 14  8 92 91 40 17 80 
77 56 79 84 95 35 19 48 33  8 59 74 100 14 97 40 19 68 98 14 
 7 33 77 25 17 89 80 11  3 22 15 62 67 24 36 63  6 95 98 51 
 2 60 100 17 25 68 45 71 89 91 75 97 65 67 45 99  8  1 12 25 
26 96 32 70 85 37 95 47 45 77 88 19 13  8 63 48 81  4  8  4 
42 20 58  8 72 41 21 62 14 75 89 85 27 51 79 56 100 29 12 51 
 1 22 82 55 88 37 49 16 41  9 15 61 52 72 47 12 58 55 97 54 
79 35 52  6 22 46 64  2 69 13 50 29 56 19 88 60 22 90 10 36 
28 15 59 27  7 39 24  3 10  9 55 92 50 94 62 65 35 47 55 38 
19 29 62 93  6 15 60 55 88 10 73 34 67 88 83 93 87 83  5 57 
99 10  4 24 85 76 39 78 82 87 18 91 91 17 86 38 70 54 28 87 
29 70 59 56 73 26 67 78 52 26 48 82 99 19 47 92 74 85 89 68 
36  2 45  6 82 18 21 77 34 30 76 38 92  4 77 61 11 46 40 98 
31 17 89 39 83 75 23 43 90 15 11 21 47 73 17 86 15 74 59  6 
40 43 35 13 19 41 32 59 13 13 39 98  3 74 86 49 26 28 92 100 
96 64 92 21 90 40 11 68 79 89 48 45 80 13 50 79 88 95 29  5 
 1 88 93 32  3 33 22 97 66  4  9 80 52 18 48 53 100  7 80 79 
76 47 20 58 82 61 48 96 48  8 37 97 60  9 19 61 39 36  7 56 
47 50 75 79 40 97 69 97 62 45 17 21 41 65 75 55 41 52 44 43 
60  4 15 72 77 65 91 53 66 65 69 74 81 16 13 25 16 62 92 30 
95 39 65 100 41  7 18 87 56 40  7 100 62 53 75 69 90 53 32 51 
24 87 52 59 12 23 78 81 94 64 39 21 51 59 43 37 54  6 95 26 
100 99 28 33 96 49 76 58 35 32 13 58 26 63 30 71 21 87 82 75 
54 58 10 10 87 21  7 89 62 25  5 21  1 51 66  3 28 30 37  1 
17  7 55 40 16 100 69 11 75 60 10 27 86 51 62 52 78 22 73 14 
79 86  1 89 32 94 35 70 38 88 27 84 68 85 30 68 28 50 55 50 
 2 64 75 59 88 80 68 39 69  7 18 88 64 84 69 95 80 20 58 62 
34  7 60  5 50  8 48 48 65 17 91 99 97 21  2 39 30 70 96 28 
23 14 97 52 56 23 75  7 36 33 93 56 85 24 60  2 66 31 39 83 
34 32 58 77 67 85 21  7 44 22 32 44 29 22 64 41 10 36 32 93 
39 30 35 90 30 52 61 20 49 97 100 65 27 14  5 37 11 70 60 11 
23  2 87 95 39 28  3 61 33 17 16 89 22 49 88 30 90 83 13  5 
97 65 21 86 91  6 32 81 64  9 94 91 38 21 80 55  7 86 75  4 
15 97 42  9 18 83 40 55 29 31 24 55 33 60 39  4 58 88 84 85 
78 95 63 79 100 47  3 32  2 23 38  6 84 89  7 92 41 90 34 29 
87 89 24 50 59 83  7 70 47  3 10 38 22 76 85 13 20 68  5 53 
10 75 62 30 16 68  5 58 46 77 19 90 10 81 52 99 17 34 29 29 
 1 54 27 19 33 73 12  5 71 39 43 52 12 83 63 79 96 93 98 57 
56 40 88  9 79  1 83  9 59 43 53 37 40 27 43  4 65 42 99 34 
88 26 46 72 30 95 20 38 92 65 19  1 59 68  3 63 79 49 18 29 
11 41 11 44 41 23 65 79 55  7 95 79 52 14 74  4 71 89 43 24 
51  8 42 67 25  6 23  1 70 97 99 82 92 65 83 69 19 74 28 96 
82 24 75 71  6 75 28 44 87 80 17 70 75 63 53 56 18 23 35 14 
92 18 73 35  1 94 29 56 30 97 62 84 51 38 40 78 72 39 80 59 
66 30 23 57  4 58 40 34 32 65 41 45 75 99 76 91 92 21 13 69 
32 18 10 42 38 68 84 78 55 95 24 94 52 44 33 35 77 56  8 36 
57 89 24 21 75 97 68 24 47 79 41 61 26 77 67 45 95  3 73 10 
24 49 71 49 78 42 84 79 58 40 54 91 63 88  4 59 99  1 80  2 
46 49 67  4 36 66 42 26 90 21 26 80 56  3 69 84 36 21  8 50 
 9 63 17 65 35 30 97  1 13 52  9 69 50 78 49 90 59 43 42 11 
28 16 58 35 12 37 33 66  3 76 10 93 27 44 39 74  9 95 64 56 
52 10 78 53 97 11 31 87 60 14 84 96 16 77 45 60 21 15 77 32 
68 31  4 82 48 40 13 54 79  7 93 13 76 33 56 67 43 42 85 93 
97 70 12 22 57 50 59 57 67 51 70 53  5 95 64 46 53 41 31 95 
16 91 15 32  2 44 31  6  5 39  6 33 81 56 52 63 90 98 87 94 
66  8 99 13 56 76 61 52  3 82 85 95 85 31 72 82 29 37 50 53 
62 40 99 44 33  8 43 67 31 99 72 54 43 45 57 58 17  7 71 64 
34 66 48 100 48 39 13 72 19 61 56 28 14 30 99 95  9 84 52  3 
92 91 81 81 51 64 15 16 94  4 36 51 32 57 62 72 41  2 66 72 
52 24 41 33  3 27 61 53 82 65 65 80 85 67 82 12  6 10 79 95 
72 57 100 52 11 50 61 88 34 62 38  8 14  2 65 50 16 89 71 83 
26 51 58  7  1 87  2 58 13 77 63 59 90 92 39 98 59 72 73 10 
15 27 13 32 69 41 13 93 80 25 22 82 74 85  4 11 37 25 30 75 
64 47 13 77 24 52 99  5 92 46 53 14 35 83 56 53 96 44 19 54 
92 25 44 22 99  4 19 81 68  9  9 11  1 12 15 95 67 60 44 85 
36 24 61 83 55 21 46 24 48 73 46 70 29 82 67 29 10 46 67 28 
99 51 11 28  1 84 97 63 51 59 25 17 48 72 97 36 88  3 71 68 
32 41 54 54  3 17 52 73 79  8 18 99 97 25 78 31 49 61 54 51 
45 99  4  9 83 35 65 67 45 58 84 23 47 97 83 69 60 94  7 31 
81 49 42 60 53 91 36 27 20 72 42 59 61 34 91 10 77 87 80 24 
30 94 92 17 37 39 17 91 70  9 49 47 71 81 12 61 16 62 30 61 
26 95 30 38 48 84 52 32 74 47 94 85 41 93 98 49 88 85 28 66 
55 18 27 88 90 22 23 85 13 72 21 100 93 93 48 48 31 28 79 60 
60 89 47 51 84 48 79 15 91  3 39  2 57 34 38 28 12 76  3 66 
95 29 73 91 38 78 43 44 44 98 94 100  8 100 45 32 52 15 57 91 
 4 20 68 14  7 28 34 38 40 100 40 48 14 36 14 89 26 39 73 40 
15 79  1 66 27 66 33 90  6 86 62 50 64 83  7 82 55 72 22 36 
65 28 87 43 28 83 88 45 83 59 16 89 93 45 66 39 64 41 29 26 
33 97 38 80 60 86  9 89 46  5 48 69 80 48 96 57 97 100 34 30 
32 33 19 48 91 89 67 46 84 25 47 72 22 75 80 64 15 60 71 22 
37 51 15 56 95 33 63 19 27 89 25 69 100 56 68 73 61 40 60 94 
38 40 41 73 76 43 37 59 57  4  9 66 69 95 65 29 93 89 64  7 
70 17 16 22 92 68 28  3 42 22 66 24 16 96 43  3 71 72 68 69 
23 42  3 21 34 34 36 53 87 27 73 97 95 43 28 39 25 80 21 20 
15 32 88 67 37 59 84 32 94 18 60 48 98 81 30 89 27 73 23 27 
23  9 77 81 71 70 31 70 15 16  1 56 78 22 81 28 18  8 59 49 
22 17  3 81 50 73 62 100 16 80 60 20 59 91 51 25 11 69 86 63 
93 63 21 59 99 87 77 51  6 77 20 67 70 89  3  5  4 70 78 65 
69 46 37 69 25 84 66 11 58 57 88 42 95 49 21 79 45 31 88 13 
49 59 55 57 52 11 33 47 86 49  8 72 64 82 68 24 44 12 49 74 
50 88 69 29 84 18 78 24 59  3 36 46 31 48 95 34 100 11  5 73 
12 42 10 59 46 13 70 90 57  5 28 70 80 26 67 99 69 48 62 31 
21 53 74 38 76 24 19 98  9 59 89 35 36 94 54 27 95 45 84 15 
34 97  2 28 45 43 95 42 65 80 47 73 42 29 58 32 24 51 65 51 
73  5 36 41 61 50 67 14 81 31 13 88 83 53 48 40 45  9 91 22 
55  4 70 29 57 51 73 56 44 84 57 90 15 16 32 16 53  9 66 56 
89 92 52  7 89 98 45 71 90 68 88 53 20 74 34 96 66 50 99  1 
16 88 84 86 96 41 74 97 12 41 33 70 63 57 76 37 69 98 46  5 
18  1 48 35 12 65 71 37  9 69 78 100 50 26  8 47 19 85  2 62 
78 21 66  6 53 100 85 67 31 33 64  8 10 26 67 68 89 86 49 14 
32 64 61 21 41 87 87 34 14 85 18 30 29 15 88 96 23 43 35 54 
 2  1 67 58 18 13 98 71 84 37 77  8  9 92 48 14 59 31 86 32 
91 33 28 16 92 17 85 33 48 68 48  4 46 58 24 98 81 92 13 48 
35 28 18 27 55 75 26 82 27 59 43 11 34 29 95 22 33 83  7 64 
35 87 83 22 44 69 99 36 31 49 57 50  6 74 75 76 24  3 38  7 
 3 68 100 77  5 54 85 81 15  1 71 29 97 71 35 51 56 38 36 72 
38 85 28 84 45 43 40 66 72 60 80 67 95 63 18 92  4  7 56 76 
24 22 48 94 21 11 68 18 83 73 37  8 96  1 48 60  8 79 28 38 
36 56 20 52 95 47 10 67 80 71 28 15 50 11 95 37 47 34 39 65 
73 38 15 73 43 95 10 94 27 86 50 32 33 34 84 76 39 22  4 26 
35 44 63 14  6 59 88 32 97  1 19 36  2 10 80 74 62 61 37 99 
46 43 78 84 63 82 56 27 87 51 69 27 48  4 49 59 38 77  9 76 
16 44 81  8 99 26  8 81 80 31 29 36 72 61 30 89 80 51 94 95 
59 39 23 52 10 14 28 76 77 57 59 65 100  7  5 12 30 64 23 68 
24 52 85 54 68 84 54 10 98 34 25 96 26 59 71 31 27 20 20 17 
91 95 15 52 97 53 52 80  3 74 51 21 58 64 22 35 40 78 44 54 
74 69 81 19 85  1  2 79 90 21 95 57 54 22 77 44 72 89 48 26 
40 59 66 14 43 41 19 86 76  6 31 56 52 98 80 60 65 79 72 49 
61 24 64 64 26 79 12 45 12 42 72 95 28 21 71  6 85 69 51 23 
31 20 29 30 55 41 46  4 42 10 24 97 86 12  2 18  1 95 58 90 
46 42 81 25 52 83 59 68 42 48 30  9 85 46 93  1 13 12 37 68 
29 35  7 55  3 35 66 34 26 16 23  8 90 31 95 34 55  5 31 31 
75 87 50  8 92 35 96 15 31 71 18 90 49 18 20 86 94 91 42 25 
44 31 41 62 89 25 36 66 97 84 90 89 25  1 21 14 24 48 76 61 
77 44 79 47 98 63 41  6 92 29 28 69 81 94  7 44 84 44 93 58 
36 48 30  2 66 95 57 94 78 45 18 83 33 91 78 75 69 11 19 13 
69  4 19 38 41 14 89 81 95 82 94 72  5 30 74 84 90 24 76 88 
96 90 39 81 61 55 87 58 11 55 23 45 47 61  2 99 17  3 11 17 
49 62 89 57 35 82 60 20 47 79 70 39 69 17 98 86 75  3 75 25 
30 89  7 12 64 99 82 29 10 11  2  1 88 80 27 73  1 25  2 26 
82 36 76 74 42 92 92 48 91 86 83 37 48 65  4 83 60 36 52 35 
21 86 60 58 75 34 83 53 27 76 30 37 86 31 39 51 59 80 58 22 
88  5 85 56 96  2 88 65 94 83 92 14 23 94 73 91 13 70 50 87 
 7 11 73 83 92 44 34 38 33 51 83 53 40 33  9 96 10 50 58 95 
20 84 34 56 16 71 33 61 89 33 48 10 14 64 90 26 69  5 28 21 
 3  6 29 36 41 37  1 13 34 73 20 25 23 48 32 14 97  1 89 85 
51 22 29 56 86 20  9 86 83 75  5 48 35 51 35 50 67 50 58 66 
34 86 65 16 86 42 68 22 29 74 14 60 45 13 45 26 50 39  7  1 
17 45 36 14 16 22 38 59 26 38 18 86 58 60 55 45 71 48  1 16 
15 91 34 37 62 65 80 15 61 73 84 35 39 12 22 78 67 47 27 91 
 9 62 52 86 34 39 15 17 96 83 22 70 25 100 51 23 83 68 17 44 
33 87 85 25 58 30 18  8 13 34 81 32 19 76 33  3 66 93 15 78 
25 44 31  4  6 41  5 82 66 62 21 99 64 86  9 73 43 79 91  5 
71 24 88 25 80 60 18 24 78 38 91 78 52 13 22 31 49 96 92 81 
69  4 37 91 14 48 88 83  2 48 20 97 15 71 18 12  4  6 85 59 
39 21 14 96 31 35 72 62 11 11 79  5 97 32 85 91 47 11 68 71 
16 10 95 31 95 50 56 90 84 22 36 70 38 97 85 83 41 90 11 52 
56 36 76 25 57 76 50  2 99 83 36 69 70 71 24 18 60 40 43 72 
89 26 79 30 100 90 99 25 13 63 63 71 69 95 17 59 26 75 30 16 
21 15 11 91 25  7  5 85 85 20 33 18 45  4 30 87 46  5 50 77 
25 23 56 82 96 28 13  8 64 55 30 76 90 32 46 98 62 78 15 78 
11  8 72 78  9 21 81 89 41 90 86 66 39 33 36 34 98 18 90 71 
66 18 18 21 56 80 81 55 100 84 58 53 62 37 58  5 86  6 44 48 
26 30 92 16 78 71 54 47 97  2 34 41 95 84 87 33 62 59 81 13 
34 79 70 94 64 63 72 57 18 91 34 19 20 41  1 52  4 82  1 17 
74 22 76 40 10 44 54 19 20 89 22 25 48 77 81 74 100 13 35 51 
78 12 59 76 11  3  2 100 99 18 97 95 48 88 66 91 56 19  2 58 
66 21 36 57 48 15 39  3  6 27 33 56 76 73 86 80 38 51 39 27 
52  6 47 62 72 25 10 33 94 86 56 63 73 30 81 91  1 70 93 99 
91 92 45  9 82 99 16 49 24 72  8  2 52 18 76 64 58 80 16 59 
40 73 56 65 34 47 31 27 62 16 69 73 51 53 56 25 18 62 23 10 
95 29 37 87 48 36 93 14 100  4 42 69 17 32 20 88 78 47 99  1 
 1 75 94 72 66 92 75 57  8 69 37 89 71 100 97 59 97 52 71 76 
54 32 45 58  2 33 60 25 61 36  1 43  6 80 51 70 26 86 40  9 
97 69  7 39 33 13 95 93  4  4 17 77  2 52 41 54 63 34 11 85 
88  7 62 45 100 89 89 98 17 86 76 13 42 75 21 35 75 11 21 85 
