20 20
93 91  4 79 18  6 14  3 43 88 68 71  6 43 89  9 86 79 42 14 
43 26 17 82 94 96 88  1 77 80 91 10 46 30 33 45 33 93 37 32 
65 96 68 82 54 98 89 90 55 10 83 79  7 16 11  1 46 17 13 41 
71 23 61 71 45 99 32 51 78 32 13 54 92 50 32 69  4 50 77 36 
 2 71 67 29 84 28 63 68 94 85 74 19 10 57 15 87 80 15 32  1 
78 74 85 28  4 60 92 51 23 39 89 99 40 17 81 10 83  8 94 100 
 4 69 99 47 33 29 100 45  9 23 65 75 14 39 37 97 65 62 93 25 
14 73 52 89 46 88 61  5  6 78 62 49 86 34 15 25 20 71 20  4 
11 29 58 61  6  9 64 100 78  6 22 39 70 47 96 37 45 37 89 68 
35 90 16 12 87 33 80  6 53 28 69 58 63 87 70 10 58 10 53 96 
30 10 33 31 37 87 81 40 97 16 28 92 99 86 32 86 97 64  3 39 
 4 12 41 85 81 29 74 81 74 45  7 91 49 15 44 94 95 18 78  4 
40 52 64 28 60 53 63 20 99 38 92 84 44 76 68 97 19 67  5 75 
21 19 88 26 35 12 28 12 39 90 91 60 51 45 49  9  4  2 60 17 
12 40 22 32 24 15 71 38 78  4 62 82 33 29 58 95 65 18 20 19 
75 90 89 51 24 48 23 13 17 33 95 48 62 26 88 85 76 88 47 40 
12 43  2 49 71 32 49 86 29 19 16 39 38  9 78 20  6 56 74 59 
63 67 19 96 27 65 72 78 60 22 25 12 24 49 96 45 72 57 90 14 
 7 11 39 78  3 68  6 10 17 92 96 77 19 38 43 54 20 81 28 53 
52 80 65 21 91 10 61 36 43 15 98 76  4 52 83 59 83 85 63 53 
