20 50
84 93 41 47  6 52 14 78 29 89 19  2 41 94 20 73  8  7  4 65 
55 28 39 50 51 57  5 26 61 52 88 65 21 97  3 28 98 15 89  3 
28 94 31 89 61 96 18 79 78 87  8 47 92 95 46 28  3 59 15  9 
21 41 57 94 89 31 96 34  5 50 70 19 29 88 100 83 90 93  7 71 
71 24 78 46 63 85 45 89  9 10 81 53 67 76 19 26 100 96 21  3 
41 29 66 92 70 71 73 64 36 11 79 24 48 98 91 38  6 85 47 74 
99 75 85 13 36  4 53 37 44 48 37 32 94 10 74 23 28 55 45 66 
40 65 34 70 66 94 68 86 27 85 93 12 49 35 95  8 59 75 73 83 
 2 40 98 29 27 77 53 54 78 72 11 98  8 39 15 45 36 25 10 10 
75 90 37 28 90  1 34 53 44 96  3 91 57 56 57  8  4 13 38 36 
89 45 81 28 81 89 35 20 25 22  5 98 25 47 51 21 89 76  4 62 
86 36 17 71 15 81 97 36 49 32 79 98 49 12 66 11 15 49 88 64 
 9 32 37 62 23 57 84 43 10 14 19 20  5  6 81 55 24 82 74 65 
69 25  1 88 95 58 15 55 81 75  4 66  7  4 92 73 13 78 44 74 
67 19 32 67 90  4 55 98 14  5 10  6 97 52 38 52 68 11 39 31 
91  2 100 58  3 63  6 83 28 53 48 21 96 22 40 24 77 31 39 30 
24 68 82 23 49 47 73 82  6 56 23 36 11 69 12 24 25 41 67 18 
53 94 96 61 85 70 14 46 63 63 21 41 17 66 98 36 49 17 46 63 
94 44  6 82 69 32 32 46 16 26  8 25 64 54 76  1 69 69 21 29 
68 75  4 19 58 17 54 29 35 90 83 99 27 31  6 96  9 55 23 25 
65 61 33 92 44 89 42 14 78 21 22 84 28 13 70 68 39  2 67 27 
17 37 71 72 64 75 35 12 37 16 53 86 57 46 37 12 78 22 26 35 
20 53 100 43 60 20  1 47 35 22 41 93 96 50 17 39 10 19 73 79 
85 51 77 15 33  2  6 36 95 82 66 43 17 65 37 52 25 81 67  6 
25 55 94 82 49 59 31 96 10  5  6 61 11 70 93  3 54 93 20 85 
49  6 52  5 90 87 55 79 84 27  9 22 33 87 88 90 33 23 45 30 
71 40 67 75 47 82 57 10 89  5 90 98 34 83 45 100 67 98 43 49 
32 40 52 30 22 98 53 100 29 77 30 31 27 19 33 48 74 57 81 56 
53 11  9 75 18  6 48  9  6 54 40 20 60 98 25 99 56 17 31 15 
48 52 61 43 83 46 85 40 29  6 12 45 43 95 21 16 38 27 10 78 
93 100 69 97 48 66 70  9 90 19 49 75 67 10 15 60 43 39 41 76 
24 98 90 51 75  6 83 23 84 100 49 22 70  3 15 82 75 25 47  6 
98 72 99 56 37  1 78 52 33 19 21 69 74 90 73 16 65 69 18 73 
 5 55 69 19 27 23 64  8 78 22 59 100 49 35 85 91 93 48 34 59 
72 91 68 48 57 42 47 13 26 76 71 22 49 43 57 51 56 32 25 83 
32 68 11 23 91 86 43 45 51  1 65 73 11 54 80 100 54 64 95 19 
90 56 77 61 68 23 86 98 61 63 31 25 97 34 19 35 53 90 29  3 
44 72 44 23 28 78  7 76 57 84 72 81 92 11 92 58 19 19  3 44 
52 99 43 85  8 15 100  9 60 87 96 22 57 25 100 55 54 99  5 27 
25 33 95 81 69  5 72 31 17 83 29 97 47 68 32 39 33 99 60 49 
45 80 67 48 76 80 26 92 45 62 10 37 39 78 56 40 26 40 92 40 
38 97 92 54 59 38 35 94 60 29 86 20 85 51 49 92 72 49 40 96 
11 90 57 75 59 90  5 70 22 96 80 80 99 79 64 47 78 33 13 99 
88  3 52 12 37 20  8 51 21 25 27 47 60 90 56 77 48 26 13 90 
41 43 100 42 53 49 89 12 78 12 10 13 70 41 69 93 89 45 23 64 
54 56 45 36 22 64 43 63 55 57 91 57 63 84 25 54  3 81  4 21 
18 80 75 20  4 56 59  6 48 48 49 100 82 14 49  3 54 24 60 75 
15 61 33 86 33 19  1 22 64 60 13 25 85 24 78 29 88  6 56  6 
81 39 28 17 27 19 52 79 59 76 82 49 90 52 87 68 97 75 66 91 
46 20 86 51 45 28 70 55 75 73 41 54 41 45 96 50  2 38 87 85 
