5 200
74 22 39 36 97 
14 59 31 57 74 
45 21 86 86 38 
51 45 22 47 14 
26 44 87 25 70 
 5  3 27 69 96 
 5 58 45 96  2 
66 33  7 18 94 
59  3 53 28 29 
97 16 99 80 50 
58  7 28 79 22 
79 51 91  1 61 
85 46 32 90 57 
88 32 95 28 83 
58 76 70  1 27 
32 33 97 66 20 
48 65 45 71 15 
87 35 52 84 13 
87 13  1 74 30 
45 59  9 57 30 
81 39 56 62 33 
12 27 65  1 19 
51 38 31 52 21 
62 94 99 41 41 
94 83 38 82 46 
82 21 56 42 46 
 6 97 55 45 58 
16 80 78 93 66 
54 76 82  8 42 
34 37 83 74 40 
 1 92 81 16 12 
63 54 78 77 50 
55 31 33 17 75 
21 17 63 61 18 
11 11  3 55 11 
38 95 27 19 45 
88 39 62 55 75 
40 81 16 57 75 
92 69  5 89 70 
22 95 90 79 51 
90 20 76 53 81 
63 33 53 63 69 
 7 88 49 83 74 
55 19  7 17 24 
85 20 37 23 94 
17 99 36 84 62 
92 50 18 34 87 
30 77 83 17 45 
79 93 74 92 40 
91 91 41 27 53 
65 87 22 72 11 
48 78 24  4 10 
87 11 39 66 31 
22 14 64 65 49 
 5 20 75 67 60 
38 90 10 51 16 
87 83 100 76 21 
22 39 61  9  2 
42 67 23 28 44 
51 59 22 12 22 
87 17 28  5 37 
63 99 64 41 35 
61 79 91  6  3 
32  1 89 75  1 
 5 20 39 37 39 
65 44 72 51 40 
75 26 98 100 73 
22 24 84 81 46 
93 55 23  5 53 
67 69 48 32  8 
86 65 23 60 54 
60 78 74 85  9 
 5 33 62 30 25 
14 85 64  2 77 
43 33  8 100 79 
34 23 87 10 22 
11 55 19  8  4 
78 11 41 38 81 
11 98 34 99 24 
60 76 66 14 70 
22  2 69 67 25 
98 59 23 100  2 
93 13 84 63 61 
49 23 22  3 38 
57 93 29  1 88 
61 53 27 76 72 
50 53 86 38  5 
17 51 51 63 17 
69 44 14 33 17 
45 15 39 79 47 
19 71 32 93 57 
33 92  3  3 34 
81 89 92 43 81 
 9 27  6 87 36 
26 37 52 41 57 
72  1 60 91 33 
23 42 91 15  4 
88 62  6 34 65 
95 69 99 29 98 
 8 14 57 83 53 
 7 23 23 97 45 
11 59 83 84 87 
12 78 55 83 47 
26 26 34 60 27 
47 89 82 66 73 
98 69 47 28 37 
84 42 72 26 38 
94 70 18 46 14 
 2 86  2 14  4 
53 32 14 45 64 
54 72 64 93 92 
13 96 64 20 52 
 9 90 61 30  2 
 1 69 62 14 49 
78 10 34 53 18 
94 93 12 100 68 
34 26 92 35 76 
43 73 70 47 61 
92 40  7  4 81 
 8 78 59 84 48 
36 95 61 77 65 
29 98 12  3 61 
23 38 45 39 31 
94 98 34 86  6 
84 70 69 18 72 
31 43 88 34 74 
84 53 87 13 95 
21 24 46 61 99 
36 12 36 97 62 
37 83 63 14 68 
85 38 89 28 55 
14 75 29 27  7 
96 47 36 36 53 
89 30 10 84 51 
56 65 69 38 86 
89 58 25 35 91 
96 46 79 42 28 
75 32 35 89 37 
 3  1 83 95 74 
58  5 85 33 34 
34  8  8  3 68 
83 33 36 45 44 
45 21 37 70  7 
50 11 67 76 100 
54 45 93 85 41 
25 77 98  3 66 
79 87 14 70 39 
84 28 51 77  8 
32 62 39 95 84 
15 75 52 95 34 
17 83  1 97 86 
45 38 12 54 89 
27 80 14 49 16 
81 76 37 95 24 
84 74 39 72 90 
89 31 25 58 99 
64 84 81 67 99 
47 47 21 11 51 
16 58 87 14 91 
94 82 41 79 44 
28 37 53 98 68 
97  4 64 28 54 
 2 93 72 87 37 
54 66 45 75 56 
71 22 96 74  2 
 3 24 84  5 30 
66 25  1 53 39 
99 83 89  6 84 
10 88 12 63 38 
11 97 52 16 94 
58 23 85 98 91 
84 30 89 63 73 
16  7 71 81 64 
56 37 71 10 22 
30 24 40 31 97 
92 49 58 40 62 
24 73  1 98 50 
96 17 19 63 30 
85 27 87 26 81 
54  8 100 21 79 
15 86 17 36 84 
 1 88 44 14 33 
88 12 95  7 27 
 7 24 74 37 26 
59 55  3 90  2 
27 20 27 19 31 
53 73 36 58 65 
25  4 21 89  1 
 6 20 91 59 97 
82 63 61  1 40 
50 53 37 16 57 
70 10 13 43 57 
87 80 14 90 36 
61 93 23 56 18 
73 50 97 31 18 
78 83 44 76 100 
85 90  4 38 65 
15 65 96 12 91 
100 27 49 69 71 
35 14 89 40 20 
