20 100
66 26 13 16 66 53 52  6 24 85 67 57 61  4 41 79 87 63 39 37 
84 48 77 33 100 86 39 38 64  2 73 63 83 71 87 15 77 52 45 92 
10 55 26 86 85 44 44 84 28 82 39 13 66 96 22 36 49 79 50 88 
15 97 66 30 88 93 16 46 60 41 89  9 27 18 38 48 41 86 79 41 
53 51 79 11 55 42 40 29 37 82 55 56 25 84 99 53 21 19 99 30 
48 52 87  1 33  8 84 46 40 94 93 66 98  9 28 57 92 77 89 26 
99 99 28 56 95 16 46 23 53 10 22 58 35 82 97 95 70 25 86 10 
54 77 69 71 14 40 78 94 96 47 82  1 20  8 81 21 34 13 10 54 
38 20 21  4 15 12 56  9 52 95 58 24 44 60 55 17 63 20 99 36 
99 32 33 46 58  9  1 90 38 59 36  9 60 33 43 74 27 68 97 79 
 6 22 60 64 40 92 98 12 81 22 60 99 21 88 43  3  5 28 74 91 
39 40 67 20  6  6 25 26 40 75 93 54 72 100 36 89 80 99 78 12 
97 79 70 66 41 81 51 100 71 96 83 74 96 81 92 57  6 89 36  4 
100 50 49 53 94 50 25 63 58 63 53 86  8 52 57 52 78 86 94 12 
 7 49 57 74 88 57 38 16 66 72  6 76 62  2 94 29 99 32 47 55 
86 42 31 78 73 42 33 21 31 40  8 68 55 44 77  7 58 61  8 91 
61 54 30 88 54 17 98 12 13 41 72 36 14  6 93 33  8 85 14 84 
100 34 65 45 82 65  2 71 25 13 26 59 21 70 69 77 65 26 100 84 
83  1 49 95 12  5 40 94  3 36  6 89 75 72 12 24 99 45 61 80 
52 15 41 86 12 32 73  1  8 98 15 87 58 51 86 37 98 87 13 45 
32  5 76  8 65 41 10 17  1 35 79  5  2 52 39  5 38 29 34 25 
18 17 43 72 83 71 71 14 78 88 15 67 21 69 79 28 14 62 86 76 
19 31 87  2 22 47  4 75 32 39 43 52 71 85  2 25  7 73 53 23 
64 71 87 66 48 19 48 68 49  7  9 34 63 96 75 94 75 86 48 44 
55 10 49 36 37 83 83 47 95 62 94 68 41 29 16 66 92  9 11  3 
19  8 84 44 57 80 96 42 77 46 32  5 64 83 63 54 37 78 37 15 
66 56 69 54 83 61 41 51 12  7  2 50 100 57 97 38 55 57 69 24 
21 31 57 22 59 23 37 41 21 64 25 49 63 60 74 65 97 47  9 80 
98 95 71 97 99 40 92 67 10 28 70  7 84 18 77 56 12 52 46 85 
13 38 20 92 20 97 90 60 62 72 16 74 28 53 80 61 31  1 24 58 
53 100 32 92 94 29 24 69 10 18  2 54 60 96 16 63 78 69 71 43 
22 27 74 19 90 39 29 10 54 85 58 91 71  7 23 44 36 97 54 30 
34 71 33 60 55 12  8 64 87 44 59 35 85 11 64 80 49 77 78 58 
99 82  3 59 14 61 67 69  9 28 73 100 68 19 75  5 84 10 32 15 
33 17 52 87 64 79 57 45 66 93 91 18 100 21 95 93 38  6 14 28 
53 85 54 87 41 25  5 35 44 44 50 76 14 76 77  3 33 68 80 71 
67 93 67 26  8 25 65 99  1 19 33 75 96 79 92 13 50 50 78 48 
21 62 86 63 20 91 33 39 83 78 12 100 35  2 42  3 57 13 86 100 
71 84  8 46 53 73 41 12 78 79 99 60 63 49 16 49 68  6  1 82 
97 66 22 32 76 18  7 87 65 59 65 25 86 98 45 33  4 23 30 34 
67 85 63 21 48 40 66 66 31 58 24 38 54 18 12  2 99 55 52 94 
75 64 42 21 45 98 57 78 88 95  3 35 55 18 87 84 33 90 99 12 
41 76 81 17 92 57 98 95 85 84 78 30 98  9 50 76 92 49 74 83 
20 78  9 87 18 85 48 18 39 23 36 82 10 17 27 71 27 67 97 86 
94 29 97 76 39 96 33 21 100 100 38 49 54 35 36 99 96 11 96 88 
33  6 27 90 53 30 100  5 83 22 77 68 82 99  8 91 51 58 40  8 
44 83 64 11 11 52 86 39 61 74 46 35 61  6 67  4 12 14 86 20 
60 45  9  1 43 50 75 14 32 10 13 94 68 78 47 83  6 47 81 61 
55 70 59 63 12 68 39 29 64 85 60 13 94 47  6 16 51 28 68 73 
50  3 23 61 38 97 92 16 83 53 68 45 41 79 30 41 64 29 43 95 
88 29 97 18 58 50 47 75 87 30 93  7  9 17 87 77 47 25 48 78 
59 48 52 74 32 84 87 75 62 97 75 34 99 19 85 48 17 43 81 49 
49 43 66 72 23 55 95 40 64 60 98 42 44 83 91 39 43 37 93 88 
54 54 87 69 30 45 16 73 86 62 80 23 83 56 29 78 38 98 10  7 
26 62 31  6 67 60 64 87 58 12 40 10 86 44 22 55 79 51 42 99 
83 10 51 25 35  5 54 92 66 34 98 66 67 29 72 27 19  4 54 95 
95 29 59 22 67 28 17 20 69 31 30 43 73  2 67 88 90 30 80 68 
67  7 95 46 65 30 12 20 56  1 83 14 24 26 38 51 93 21 61 50 
63 60 50 47 74 54 86 65 82 36  8 80  8 63 30 84 86 38 41 78 
47 46 41 98 70 47 36 86 78  9 95 100  2 17 69 68  6 69  9 87 
10 39 37 88  9 73 60 40 48 64 21 45  6 17 45 36 80 57 81 49 
87 88 65 89 46 92 49  2 44 76  4 60 81 43 71 21 16 68 31 22 
61 59 49 10 33 37  3 41 58 17 92 42 17 93  2 65 90 25 29 52 
42 57 15 30 42 69 84 10 24 60 86 29 89 85 100  9 64 22 51  8 
38  1  8 30 25 81  5 54 80 13  2 80 59  6 78 44 27 17 16 12 
10 13 71 71 51 98  9 92 86 31 72 11 40  2  1 73 47 17 58 23 
75  4 12 17 85 75 22 52 27 78 92 39 83 39 65 80 88 34 85 21 
47 60 43 58 93 36 46 77 89 15 98 61 18 70 38 82 11 18 81 12 
37 33 68 96  3 24 14 27 86 49 76 37 40 26 49 87  7 43 76 29 
90 29 95 90 91 80 48 17 84 34  6 20 62 46 74  1 67 12 30 26 
45 43  9 79 39 58  2  9 36 10 47 78 24 69 76 59 78 77 94 44 
80 30 61 98 45 95 59 26 91 80 34 82 91 86 66 24 29 86 85 26 
94 99 35 99 60 70 57 99  1 42 13 56 87  1  6 26 76 83  7 48 
 5  5 63 54 74 63 15 75 96  2  3 80  6 29 100 53 71 97 47 61 
82 50 100 20 32  1 89 44 30 83 72 30 86 18  6 37 28  9 68 44 
20 62 61 93 99 36 48 92 17 25 10 12 40 66 73 91 26 21 84 49 
27 75  6  6 27 35 98 49 46 58 22 20 30 81 47 36 75 72 29 44 
68 14 73 53 14 34 24 80 29 34  3 51 54 63 20 10 53 70 41 57 
23 35 49 22 61 50 50  5 23 84 63 62 59 74 73 93 99 17 36  9 
 7 44 14 36  7 23 48 74 18 64 77 11 41 93 51 46 77 42 81 25 
 6 33 14 84  5 94  3 89 19 10 94 59 28 50 28 54 28 87 46 87 
84 79 44 56 41 32 18 12 83 26 77 39 49  1 78 39 23 41 30 55 
94  5 43  5 68  4 62 40 65 29 46 70 39 64 72 57  8 46  8 93 
87 39 54 23 22 98 34 70 12 83 33 93 67 66  4 18 66  7 85  3 
97 83 80 31 100 67 41 55 54 73 72  5 28 95 42 47 93 20 17 64 
34 49 78 50 37 62 51 11 42 25 16 70 90 78 43 72 85 17 30 58 
14 34  4 82 22  8  1 78  9 33 75  4 89 22 20 44  6  3 10 18 
49 68 88 74 72 22 95 94 23 78 14  8 15 17 87 92 31 43 56 99 
15 92 33 97 54 10 21 88 68 11 69 56 54 25 47 95 83 77  8 32 
47 49 96 46 66 42 34 39 15 49 87 54 32 88 15 84 53 28 16 39 
79 45 77 76 20 36 53 67 93  9 95 21 94 62  6 89 65 45 67 96 
76 22  1 88 77 16 43 30 73 72 54 43 78 52 48 58 71 37 12 18 
61 14  5 94  2 99 54 97  8 24  4 69 38 85  8 41 66 56 12 64 
79 23 98 32 80 67 45 23 68 31 78 63 86 64 21 23 42 86  4 24 
51 51 14 87 90 36 68 13 53 24 10 42 69 54 61 96  6  8 85 54 
26 40  2 80 87 89 69 24 71 62 75 43 44 95 56  4 53 72  8 85 
27 84 47 95 75 64 45 42 61 16 32 34  2 69 100 99 76 69 97 75 
83 94 100 32 46 44 67 23 97 46 67 75 41 17 58 78  9 33 92 24 
81 83 24 65 83 75  7 77  5 92 85 83 97  9 71  8 65 66 29 16 
27 99 95 64 83 70 65 74 72  7 27 21 30 28  5 43 70  5 64 79 
