20 20
59 28 67 49 73 70 33 78 80 43  9 91 12 36 52 61 27 35 30 87 
91 84 52 18 67 37 79 58 73 72 24 42  4 13 54 64 13 95 34 59 
 4 37 68 64 88 12  9 76 52 59 91 62 67 64 31 61 78 91 65 45 
73 93 35  7 95  7  5 16 24 79 50 58 28 62 74  4 12 73  2 54 
22 41 59 90 46 53  8 28 17 13 32 53 56 59 23  3 19 49 74 71 
63 38 71 47 63 78 13 95 79 73 91 84 83 97 47 50 12 95 68 88 
90 92 62 59 81 46 90  1 78 70 12 100 21 72 95 55 10 55 57 31 
 7 52  6 93 96 57 64 100 71 38 30 41 16 51 11 30 21 82 95 16 
82 32 61 43 31 82 85 20 80 14 66 94 64 26 96 15 45 15 27 67 
90 36 92 86  1 68 91 68 46 13 78 18 38  9 23 27 88 38 24 75 
44 93 69 61 49 28 90 77 63 72 53 65 52 78 49 48 44 27 89 86 
71 49 25 14 48 45 48 16 65 89 85 56 76 40 69 37 38 36  8 89 
88 28 84 72 62 52 18 81 50 53 57 50 85 84 33  2 81 17  3  6 
97  1  7 30 51 15 54 97 19 66 21 50 12 50 22  4 19 55 50  7 
23 20 24 20 62  8 87 28 47 15 76 98 23 55 19 45 54 70 98 93 
74  4 46 62 17  1  9 37 75 67  8 16 90 87 46 81 97 61 36 21 
63 49 86  1 28 54 58 46  6 100 86 50 99 57 57 38 100 99 53 75 
90 68  3 24 90 39 15 70 92 45 41 51 35 11 58 61 96 71 92 52 
31 78 99 40 90 15 55 47 37 69  4 38 69 24 74 10  8 92 47 42 
53 88 72 31 82 74 45 85  5  2 74 29 35 34 44 58 89 68 70 10 
