10 20
33 20 58 28 42  1 42 51 40 73 
98 11 12 11 54 68 87 50 60 88 
76 34 41 89 69 90 79  8 31  3 
63 71 61 10 13 10 15 78 83 66 
40 23 87 44 50  7 67 71 33 93 
22 73 74  4 34 96  9 39 82 18 
24 96 47 100 35 79 95 77 81 18 
48 76 17 52  8 16 34 100  7 62 
15 61 19 96 61 37 76 67 38 81 
66 70 32 77 92 53 81 95 18 15 
35 51 85  4 38 86 94 57 81 55 
38 100 90 48 20 45 86  7 61 48 
96 84 47 67 33 41 27 95 79  4 
59 86 12 38 42  2 89 77 77  7 
90 41 95  2  7 33 59  1 50 49 
58 82 56  2 75 61 24 94 38 31 
 9 40 50 78 88 78 34 33 10 62 
25 65 35 87 41 11 51 53 91 42 
17 95 71 85 55 87 36 33 80 64 
62 98 27 21  5 25 16 31 86 74 
