20 50
78  9  2 98 35 80 96 91 33 46 78 43 55 85  6 87 73 25 65 92 
68 95 49 94 40 28 27 65 51 36 57 40 31  8 88 16 11 64 76 24 
21  5 74 70 49 31 89 37 54 80  4 28 10 34 100 60 61  2 96 71 
 6 63 14 94 43 42  9 11 64 39 40 42 100 65 98 22 21 33  6 96 
 5 10 82  8 35 48 96 15 55 28 26  9 18 49  6  5  6 68 33 21 
73 40 26 61 15 33 47 68 53 20 61 59 54 16 95 77 99 78 30 59 
12 81 71 14 40 11 59 34 67 25 23 20 40 37 21 39 21 47 62 78 
45 99  2 97 61  5 76 55 68 58 64 47 10 51 52 81 22  3 63 60 
 4 63 28  8 18 55  6 34  7 95 43  8 25 83 79 32  4 64 46 46 
89 89 44 98 70 87 44  8 24 98 79 70 21 71 61 91 11 70  6 92 
100 24 28  9 42 44 42 90 78 56 55 43 96 51 99 81 16 45 37 15 
74 46 93  8 85 69 82 48 11 14 88 26 74 99 56 21 95 63 18 22 
95 15  8 80 17  5 74 39  5 14 78 57 67 58 32 66 70 45  2 41 
51 50 53 42 96  9  7 29  9  2 57 16 13 45 83 49 36 48 91 17 
85 19 90 30 31 50 29 11 17 89 30 67 41 62 30 19 62 99  4 67 
 7 23 25  4 40 81 72 13 46 11 71 64 55 50 23 57 61 65 72 36 
78 63 97 25 94 96 57 48 79 13 88 84 14 84 26 15 65 76 45  7 
88 89 66 79 47 22  4 28 71 35  9 37 87 38 39 62 83  3  5 36 
92 24 81 39 61 72 77 88 29  5 46 48 83 23 16 57 56 12 59 82 
72 14 11 99 51 29 44 41 51 64 71 77  7 69 15 52 46  5 73 46 
92 31 22 33 52 69 69 80 72 90 32 84 15 43 14 55 88 30 20 30 
12 51  6 88 88 90 92 69 11 52  4 69  7 63 70 65 78 41 92 74 
66 65 86  7 44 98 66 40 37 94 18 25 90 95  2 74 13 14  8 51 
 4 32 84 40  8 24  8 46 75 75 10 55 84 12 88 36 31 81 78 77 
27 72 100 28 37 86 22 11 61 23 30 56 95 24 18  8 52 54 60 20 
72 75 59 23 56 14 98 76 26 62 11 17 78 52 83 45 49 29 32 43 
81 74 10 86 25 74 87 53  7 50 93 48 56 66 46 72 43 67 48 95 
100 66 94 45 76 93  1 90 55 81 11 20 65 22 67 10 14 72 18 16 
64  1 74 19 44 37 81 39 52 88 27 23 22 18 62 76 24 98 21  2 
71  9 96 19 20 84 91 92 49 23 70 39 17  5 63 86 15 41  8 74 
15 73 33  6 91 35 43  8 82 67 40  3 21 14 31 88 82 30  6 34 
46  3 54 32  2 41 65 81 58 79 51 91 25 40 31 70 92 53 15 90 
87 65 48 17 38 74 61 12 76 66 93 58 57 64 75 58 31  7 86 58 
54  9 54 44 44  1 32 84 21 41 61 95  3 49  7 100 76 27 17 18 
91 47 15 72 28  3 80 63 13 84 18 95 19 11 46 90 49  3 77 59 
69  8  7 99 51 76 25 99 27 78 41 12 75 68 96 11 58 22 93 37 
82 52 56 62 21 36 97 34  8  7 50 97 30 50 15 58 30 86 98 16 
90  9 87  7  6  5 32 23 61 21 13 78 70 21  6 54 48  3  2 93 
 3 59  3 34 21 63 70 78 43 58 92 63 84 20 98 57 76 49 19 20 
48 24 86 60 89 97 20 48 93 52 53 20 23 43 26 85  6 22 69 25 
68 86 98 90 59 41 21 99 75 18 25 92 35 12 59 68 76 98 24 63 
81 89 58 39 26 10 25 100 78 26  8 92 24 26 42 75 11 66 82 39 
48 95  8  4 10 30 18 99 89 31 100 85 11 26 97 97 64 56 78 77 
46  2 64 12 100 29 28 12 68 72 72 58 19  6 94 25 82  6 50 40 
89 99 83 75 62 28 47 53 45 96 80 14 45 29 41 92 12  3 55 95 
20 96 67 89 36  7  4  4 48 48 99 60 40  9  1 56 37 45 11 42 
23 75  6 41 94 77 56  3 44 48 97 87 56 44 18 76 82 75 32 35 
14  4 30 19 57 31 80 93 87 49  3 29 20  6 68  7 43  5 73 63 
68 54 47 81 18  3 81 67 46 83 49 79 56 23 42 65 47  1  3 70 
25 100 29 39  2 98  2 52 40 29 47 82 83 96 71 31 31 12 93 85 
