5 50
 3 83 85 70 61 
38 59 28 87 46 
98 20 99 38 89 
32 53  5 40 71 
68 78 78 41 14 
84 58 38 46 26 
75 18 90 81 10 
51 46 78  7 69 
12 13 58 85 76 
67 16 71 27 49 
45 89 16 26 19 
73 76 80 74  8 
72 43 56  7 78 
18  4 66 85 95 
44 28 89 25 41 
90  2  9 59 14 
85 55 10 40 76 
39 48 76  4 66 
29 95 72 60 51 
96 69 30 84 45 
51 88 29 28 49 
36 57 13 60 95 
21  6 19 79 56 
70 76  7 14 33 
43 55 82 12 44 
82 42 24 28  9 
73 78 67 59 74 
84 98 83 83 22 
79 42 72 72 12 
69 94 66 57 85 
13 71 91 36 29 
 5 69 65 70 92 
16 15 56 85 85 
38  5 43  2 97 
52  4 30 30 24 
80 94 98 81 97 
65 92 31 94  6 
53 26 21 59 99 
16 15 26 62 62 
 4 60 35 73 86 
60 10 75 76  4 
97 53  4 22 12 
97 61 42 38 57 
27 44 28 11 31 
94 90 59 93 27 
100 28 23 72  2 
83 30 90 13  5 
90 87 48 67 44 
62 11 84 53 72 
12 56 37 24 43 
