20 20
50 78 19 71 81 83 75 88 74 52 53  7 76 11 66 14 11 10 58 57 
 8 79  5 41 96 12  1 20 92 65 98 62 48 81 47 15 100 43 27 22 
83 91 90 33 36 72 49 28 83 84 12 93 42 96 78 65 84 53 12 18 
21 26 37 36 62 71 58 63 99 68 58 89 52 25 50 31 58 85 18 93 
58 49 32 57 50 88 97 77 70 36 17 37 51 28 53 34 69 90 25 87 
14 28 39 66 25 48 47 17 22 35 91 66 68 48 79  1 29 20 84  1 
22 79 60 70 56 52 46 74  5  6  6 18 50 99 39 59 48  1  9 79 
42 74 50 48 56 49 19 83 35 88 86 95 39 77 24 37 66 46 79 14 
62 44 73 41 13 25 36 61 84 93 96 31 24 85 44 94 93  2 15 81 
79 72 98 28 18 54 81 56  6 25 50 52 54 18 39  7 29 62  2 41 
95 57 66 50 85 27  4 82 51 87 66 41 48 50 80 58 100 75 67 25 
32 28 97 22 83 60 48 80 92 92 81 12 51 71 69 37 57 93  5 11 
50 76 52 24 80 70 86  6  2 49 19 21 35 12 26  4  5 68 26 19 
43 81 33  5  6 58 50 81 65 70 44 54 34 28 90 34 43 44 46 83 
32 23 43 40 99 39 17 70 47 18 22 96 55 94 82 35 21 59 93 24 
 8 13 20 31 96 79 55 78 84 28 26 93 58 55 92 91 58 81 50 39 
14 43 96 86 94 15 48 19 29 100 50 13 28  1 35  7 48  8 79 82 
37 50 79 12  6  2 76 10 22 44 34 75 50 45 97 74 61 74 90 86 
47 97 87 24 98 73 76 78 32 55 59 100  3 49 36 79 57 63 19 100 
52 49 25 97  7 86 21 55 98 56 100 13 56 18 56 15 26 69 88 84 
