5 100
63 19 46 28 91 
95 62 68 70 68 
85 41 60 40 78 
13 39 13 74 16 
89 94 38 88 18 
31 13 27 28 30 
48 52 65 79 99 
100 10 84  6 42 
66 93 54  6 65 
77 11 65 67 81 
16 61 57 42  9 
86 79 49 80 78 
69 61 48  2 66 
11 13 69 11 41 
80 75 33 32 26 
26 74 36 12 79 
38 17 71 57 13 
 7 47 44 62 77 
75 100 87 60 94 
75 36 22 50 13 
11 55 63 89 72 
78 96 16 53 46 
24 41 84 15 49 
67 88 91  5 41 
66 18 37 60 74 
63 13 84 84 64 
43  6 16 66 90 
38 27 14 83 48 
91 67 44 33 75 
29 40 91 73 15 
48 91 23 96 89 
15 80 19  7 71 
41 64 76 58 85 
 6 30 77 21 29 
40 21 54 30 35 
26 54  6 10 21 
88 64 54 99 89 
83 36 74 82 37 
12 65 35 85 84 
78 73 77 58 32 
87 99 46 93 49 
91 30 82 19 31 
66 25 77 99 63 
85 63 41 84 45 
20 36  9 34 52 
58 64 72 89 59 
49 40 85 37 40 
36 83 76 37 26 
40 86 43 21  7 
31 92  1 97 45 
78 43 91  3 28 
74 66  8 20 71 
65 79 48 60 54 
16 80  4 27 74 
87 47 27 56 80 
38 40 42 37 10 
50 77 96 19 36 
38 87 59 90 40 
15 44  8 72 93 
35 91 56 59 26 
63 84 76 79 69 
85 45 26 64 27 
77 93 24 76 67 
100 28 18 46 12 
67 49 48 35 38 
62 90 14 77 97 
 2 84 25 47 51 
16 77 51 10 82 
52 50 19 54 81 
 1 65 63 91 71 
30 16 25 91 74 
60 22 62 27 54 
88 55  5 72 35 
19 51 63 68 34 
17 76 19 29 17 
64 78  3 79 44 
41 84 45 78 25 
91 53 41 50 10 
22 90 85 20  7 
74 94  6 75 86 
66  8 62 34 47 
39 96 62 77 86 
82 50 77 14 91 
46 32  3 77 21 
54 89 35  4 60 
92 72 31 71 56 
92 88 27 94  3 
67  6 86 50 85 
35 90 93 36 77 
91 71 93 15 70 
 6 35 95 21 56 
45 78 28 99 76 
14  1 83 68 23 
22  6 39 41 70 
25 100 18 41 24 
35 84 89 89 44 
66 92 74 67 82 
56 62 49 40 39 
22 96 36 97 58 
100 80 60 91 80 
