20 20
14 99 65 51 32 74 85 70 19 31 89 92 21  6 79 33 36 31 16 99 
79  2 69 52 75 21 14 23  1 32  4 24 62 51 88 12 58 13 87  7 
19 78 75 34 96 58 20 44 26 42 91 57 14 37 77 33 74 68 43 32 
28 21 90 47 13 56 94 96 11 46  6 59 88  4 84 10 18 81 67  6 
 1 53  7 53 45 27 44 86  6 89 41 47 10 96 33  2 84 35 59 64 
43 10 27 19 36 34 90 13 44 79 42 82  7 29 53 21 50 98  9  2 
 9 50  5 41 17 63 11 79 15 15 85 64 70 17 81 40 65 32 42 21 
62 65 90 45 68 86 89 21 20 78 83 73 20 80 43 55 25 98 38 91 
71 79 75 65 61 70 20 40 91 10 58 60 33 44 81 37 30 50 83 83 
81 19 38 15 42 89 30 94 34  8 23 60 22 34 83 98 60 86 17 42 
75 64 95 36  2 90 20 68 56 28 21 73 80 30 31 51 96 65 18 66 
95 69 42 25 83 75 89 22 92 84 68 52 58 91 23 16 11 41 16 81 
 1 72 66 18 17 76 29 58 10 70 24  4 52 29 82 86 58 97 40 75 
37  4  7  9 26 29 15 74 47 64 35 97  5 49 96 31 83 25 24 97 
29 34 81  8 25 94 71 14  4 29  2 50 68 21 39 74 33 40 30 75 
57 26 32 36 48 79 40 57 18 27 40 58 49 89 13 38 46 51 75 45 
16 11 59 44 10 75 56 49 90 93  9 19 36 94 36 42 68 85 82 80 
45 58 33 92 50 89 59 72  7 68 52 41 24 13 49 24 59 18 12  2 
31 79 23 85 44 31 75 10  6 63 80 22 87 47 55  8 30 58 51  6 
78 67 30 94 74  1 33 65 75 74  7 51 55 90 93 21 17 83 79 34 
