10 50
77 93 75  2 25 95  6 97 79 34 
88 62  8 50 96 48 43 95 80 45 
36 13 22 98 91 60  2 18 15  8 
85 35 19 19  4 74 89 58 79 84 
 5 40 59 27 72 76 23 82  7 49 
72 100 84 65 42  9  7 35 87 19 
 8 74 76 97 80 70 41  5 76 96 
100 65 19 50 21 37 23 68 69  1 
53 77  9 48 66 45 32 19 14 89 
29 87 81 81 76 53  6 43 79 25 
80 99 37 64 77 22 59 11 36 97 
15 88  1 57 21 87 57 20 75  7 
34  3 96 65 79 87 49 63 85 31 
89 12 27 46 13 48 15 96 74 40 
59 47 27 70 27 91 75 42 29 43 
23 32 71 71 63 45 19 10 57 63 
77 53 47 16 74 84 87 46 38 58 
91 48 66 73  5 39 91 43  6 91 
18 89 42  7 69  2 43 54 37 85 
88 66 46  3 22 92 71 62 77 24 
73 21 20 51 42 90 81 98 74  7 
24 54 64 21 31  1 33 37 76 66 
15 72 28 31 60 33 27 33 47 76 
68 90  2 13 26 79 10 80 44 12 
48 73 73 11 78 32 19 53 12  7 
 3 53  1 79 80 98 54 83 29 58 
42 49 57  2 69  3  1 69 41 90 
19 28  9 100 66 22 53 37 60 57 
44 22 62 98 34 81 34  9 95 61 
61  8 20 28 46  1 73 74 45 92 
50 81 63 16 29 37 68 31 53 92 
89 35 31 90 63 93 85 25 41 61 
92  1  7  8 78 81 55  6 87 42 
84 56 64 76 12 13 30 57 33 60 
96 57 38 74 56 87 58 40 91 83 
88 72 70  2 31  7 68 84 34 90 
31 39 53 13 78 21 90 53 68 43 
86 74 24 98 70 94 73 65 56  3 
26 29 44 73 72 45 45 86 86 73 
26 72 83 29 14 80 25 92 18  7 
57 61 75 28 88 45 76 24 42 72 
90 96 15 90 15 66 88 82 81 69 
45 56 74 56 49 88 28 80 98 48 
96 79 25 88 81 43 71 17 22 38 
78 60 50 26 77 92 62 10 19 99 
20 23 39 45 82 98 27 96 14 70 
54 34  6 71 61 19 43 78  2 36 
67 16 23 77 33 27 31 50 46 41 
89 66 63 44 70  7 85 15 98  4 
81 31  2  8 89 40 50  6 33 84 
