10 50
63 46 54 14 91 72 85 85 89 95 
91 77 95  4 66 16 66 15 49 45 
69 35 18 40 46 90 45 90 75 96 
48 63 37 93  8  4 83 85 16 67 
77 81 72 94 95 65 39 30 20  9 
96  1 16 12 74 34 62 71  5 20 
54 27 52 45 42  6 35 18 77 63 
 4 79 13 87 24 42 36 71 60 79 
76 32  6  1 33  4 99 65 51 20 
37 74 15  3 47 79 32 10 43 11 
59 88 73 36 47 67  1 80 23 18 
12 45 62 10 88 27  8 88 51 27 
42 84 48 82 86 98 31  6 88 31 
92 35 43 25 77 26 93 77 59 48 
24 72 92 73 67 40 24 33 98 49 
92 93  2 26 85 82 35 46  3  7 
25 100 65 74 86  2 88  7 37  4 
41 12  5 96 14 74 45 33 52 83 
 9 80 53 29 75 41 46 33 58 14 
63 72 97 38 23 33  6 24 63 39 
38 33 57 24 74 62 93 10 87 36 
98 75 93 62  8 40 40 83 38  2 
91 54  6 85 77 99 72 93 34 11 
53 43 40 34 54 16 48 58 44 81 
39 20 13 34 79  6 66 98 35 100 
71 61 27 85 82 77 91 56 64 88 
20 81  6 83 18 83 34 13 52 14 
 8 88  5 97 55 54 14 50 36 49 
24 23 14 44 30 33 70 42 68  7 
34 39 99 28 26 75 81 21  4 51 
67 31 57 33 84 78 37 21 10 79 
55 55 57 12 41 12 81 78 38 87 
28 28 24 58 74 59 53 63 74 98 
76 86 12 62 61 71 24 28 68 13 
13 95  3 54 38 93 90 71 18 25 
51 29 81 49 98 17 78 41 51 75 
90 11 84 32 47  1 41 17 66 21 
83 26  9 41 16 100 27 26 91 74 
22 25 22 45 33 88 91 23 74  6 
74 22 59 61 70 39 17 70 97 30 
27 18 49 86 88  5 20 21 82 62 
38 25 98 83 12 38 57 56 57 44 
47 90 30 24 75 90 11 19 74 58 
51 95 72 29 50  4 97 44 88 92 
28 99 12 35 90 38 96 70  1 65 
53 99 48 63 75 34  9 92 36 90 
81 87 47 49 81  9  6  9 98 41 
94 94 53 62 77 29 41  1 60 11 
23 66 62 51 88  9 51 14 71  5 
73 46 56 11 64 79  3 100 53 78 
