2 200
87 29 
18 27 
51 36 
97 98 
 3 74 
94 76 
70 96 
96 69 
 5 64 
82 27 
64 72 
29 11 
34 87 
35 70 
53 49 
11  9 
75 16 
82 59 
33 33 
66 47 
42 82 
63 54 
96 22 
55 16 
21 90 
41 96 
72 38 
16 49 
20 91 
57 71 
55 10 
42 27 
56 27 
37 18 
78 82 
24 79 
 4  6 
52 78 
82 25 
86 90 
83  2 
72 99 
32 48 
86 84 
41 85 
17 77 
97 70 
65 81 
57 34 
64 22 
32 87 
57 16 
15 59 
13 43 
67 86 
98  9 
89 12 
32 15 
 6  9 
 7 50 
92 34 
18 54 
71 20 
49 51 
23 27 
20 78 
79 93 
60 51 
66 37 
31 36 
34 39 
19 50 
50 58 
52 58 
 1  6 
90 33 
61 60 
100 20 
80 72 
40 81 
60 34 
48 89 
95 62 
76 64 
84 66 
68 64 
95 35 
27 82 
45 58 
43 83 
46 11 
66 71 
59 46 
89 85 
56 47 
 8 25 
31 33 
44 20 
78 45 
 9 47 
24 25 
25 83 
48 19 
24 61 
89 85 
 4 70 
 4 90 
82 72 
85 80 
60 34 
59 90 
16 54 
82  6 
31 11 
37 42 
 8 77 
41 70 
20 30 
 6 90 
77 19 
51 45 
39 35 
66 58 
 2 81 
56 66 
99 31 
68 47 
24 65 
 4  7 
17  3 
46 54 
 6 20 
70 39 
85 68 
87 95 
32 38 
90 79 
87 49 
14 36 
59  7 
26 41 
18 77 
35 87 
51 47 
63 84 
 4 50 
22 61 
35 81 
 9 95 
27 36 
83  4 
82 58 
44 27 
44 63 
 2 85 
 1 16 
68 67 
45 63 
45 69 
91 96 
 6  2 
73 85 
38 63 
50 64 
71 100 
86 81 
46 44 
12  9 
57 49 
24 86 
33 92 
92 84 
45 38 
77 64 
52  8 
19 43 
97 94 
39 67 
41 86 
24 13 
41 46 
20 27 
28 97 
63 25 
48 20 
11 96 
53 88 
88 75 
45 55 
13  9 
63 10 
12 25 
49 84 
65  9 
 2 24 
64 65 
 8 36 
25  9 
32 70 
84 15 
