10 200
74 94 65 100 63 86 83 48 63 98 
68 65 84 69 50 64 56 11 72 75 
99 87  6 11 12  4 24 63 24  1 
20 27 66 33 52 90 85  6 44 57 
25 94 67 43 76 10 76 43 77 30 
81 54 63 79 58 21 74 54 98 75 
86  8 26 88 46 47 48 23 61 94 
32 26  8 24  7 98  3 84 81  4 
 4 100 97 71 52 26 20 17 15 88 
41 48  9 96 76 71  9 66 56 38 
99 66 32 18 80 86 66 57 58 10 
45 59 25 83 36 37 79 11 83 46 
 6 75 17 53 88 89 55 58 93 33 
85 52 45 24 71 27 41 23 24 10 
88 37 77  8  4 80 19 31 53 90 
10 30 97 89 33 36 71 62  7 60 
12 20 49 90 70 32 57 54 17 79 
37 51 11 51 72 88 12 13 30 76 
68 71 100 38  9 59 71  3 70 82 
98 85 25 21 23 92 41 92 50 88 
28  9 37 98 55 94  8  2 58 82 
30 34 57 67 85 24 15 78 99 56 
85  5 25 29 33 36 100 29 36 33 
91 87 91 11 69 80 27 40 44 26 
38 33 51 67 32 59 31 22 65 25 
50 36 73 91 56 77 44 20 55 28 
25 29 29 86 51  7 81 10 51 77 
78 90 73 18  1  2 87 13 81 33 
63 77 98 96 54 80 35 49 58  8 
60 99 94 84 71 12 21 80 46 38 
89 51 60 62 51  6 34 24 16 31 
30 52 28 90 56 58 11 54 73 81 
56 50 56 60 87 24 56 15 26 13 
64 61 26  1 51 56 35 98 88 63 
42  2 50  8 59 33 91 73 36 91 
54 24 24 55  5 100 98 18 84  1 
94 83 32 76  9  7 37 61 98 59 
72  8 43 92 94 14 49 15 17 35 
72 43 46 35 41 78  7 21 82 91 
57 72 30 18  7 73 84 27 23 67 
48 89 47 43 58 35 69 10 68 20 
12 86 67 92  2 49 18 91 84 31 
 1 41 10 48 90 40 48 87 59 34 
78 44 27 40 13 35 72 87  5 85 
24 28 33 88 95 96 77 50 18 16 
52  3 49 36 81  7 78 13 16 55 
39 49 81 27 71 85  5 84 24 84 
48 62 33 32 45 18 93 26 75 62 
10 84  1 70 40 51  1 37 79 59 
 3 90 58 57 17  3 17 37 33  3 
34 86 15 35  2 84 51 11 56 63 
81 93 94 83 96 87 23 78 64 70 
20  8 37 68 11 83  5 50 11 22 
85 46 83 37 39 61 11 59 21 79 
84 39 70 77 55  1 51 85 97 71 
22  8 96 94 88 45 24  7 50 24 
64 100 77 57 74 45 15 66 45 89 
32 53 90 25 95 26 99 18 58 95 
 9 67 76 92 14 13 45  9 55 55 
10 31 58 29 85 59 47 50  8 12 
95 53 64 86 54 63 12 36 91 47 
56 77 76 88 39 34 85 70 23 37 
42 68 22 62 64 24 61 88 18 31 
11 62 82 76 77 80  8 41 78 95 
42 75 65  3 59 75 90 58 37 68 
38  5 41 63 92 11 84 89  7 50 
 2 44 14 65  9 51 60  7 40 10 
99 16 21 55 41 50 48 84 62 23 
32 66 69 12 64  5  2 37 64  3 
29 56 13  4 45 84 36 51 18 64 
74 56 31 98 66 98 19 14 40 23 
92 67 75 79  6 55 19 25  9 13 
13 54 19  2 17 62 30 51 22 73 
66 57 56 60 29 62 95 28 14 90 
76 31 63 63 12 19  6 96 44 49 
58 88 96 100 94 75 60 67 58 52 
14 43 78 72 73 69 48 59 19 59 
83 75 47 35 30 59 76 100 48 95 
44 61 56 85  1 53 58 58 47 40 
69 72 17 34 37 85  7 63 54 76 
 9  5 63 10 59 91 82 11 68 100 
17  6 88 91 70 80 17 85 46 85 
94 50 53  1 16 76 36 12 46 30 
13 99 100  1 68 85 58 74 22 89 
85 32 34 13 48 88 57 86 45 28 
39 100 44 40 77 25 61 88 96 27 
74 30 30 53 63 11 83 87 73 46 
78 91 87 64 66 35 78 35 63 81 
82 53 36 53 33 61 94 47 16 35 
34 33 85 44 45 11 100 45 25 92 
34 42  6 48  6 86 83 18 54 24 
69 37 46 42 82 80 92 46 84 31 
18  9 96 34 86 79 75 59  7 62 
88 52  1  2 30 44 19  5  9 79 
 1 92 28  9 33 80 94 79 46 45 
83  6 24 75 68 51 59 17 11  3 
76 95 48 38 63 51 84 59 31 37 
76 39 51 56 86 39 88  2 39  7 
21 25 48 61 81 71 80 90 54 73 
68 34 54 70 92 38 87 83 65 13 
44 94 82 19 54 70 47 81 52 45 
69 42 99 84 92 92 35 95 51 35 
78  6  5 74 51 16 66 11 78 79 
22  1 49 25  5 99 27 48 84 53 
60 55 14 66 54 97 14 74 42 29 
47 35 77 37 27 24 31 48 71 98 
25 25 10 60 78 43 69 52 80  3 
29 87 86  4 86 52 43 85 19 83 
86 28 54  4 89 59 78 28 35 81 
 5 35 40 24 50 25 41 22 16  8 
90 39 30 59 40 78 98 63 19 60 
95 16 85 78 32 61 23 16 70 55 
91 21 82 54 15 76 22 25 26 69 
59 79 52 57 78 97  6 40 92 57 
 3 34 77 56  4 39 28 54 58 85 
15 81 54 22 19  9 36 50 15 84 
58 97 58 19 92 100 17 19 69 46 
27  5 30 56  5 18 31 63 15 93 
55 70 35 45 23 71 68 76 41 49 
78 23 79 86 70 15 35 78 57 91 
86 22 56 72 38 23 83 46 34 50 
 1 80 98 64 95 80 18 68 78 11 
82 59 79 33 34 64 96 12 23 28 
19 71 31 20 43 99 80 15 53 16 
38 98 46 58 58 28 56 21 16 22 
50 39 12 54  2  2 25 82 63 54 
47 54 54  7 99 16 44 60 18  7 
13 24  6 78 71 61 51 61 97 81 
87 83 99 46 63 94 48 83 23 41 
82 74 62 47 93  5 27 69  6  2 
67  8 87 14 17 73 92 88 44 62 
41 16 13 71 28 92 27 86 86 96 
83 92  6 85 99 35 92 83 100 48 
42 24 23 84 66 12 59 43 83  3 
34 52  7 95 37 82 21 99 62 40 
46 90 81 85 21 23 13 83 35 81 
26 32 50 58 61 98 69 50 17 68 
78 72 43 77 89  6 14 18 96 79 
39 97 14 24 12 67 28 89 81 17 
62 65 47 72 14 19 85 11 37 74 
89 97 39 89 55 74 45 11 19 91 
51 24 24 35 35 47 50 63 30 87 
77 46 50 79 54 40 22  9  5 67 
60 54 75 32 22  7 34 50 70 30 
45 45 78 22 36 46 92 48 29 56 
96 12 87 43 28 71 11 93 73 69 
40 92 82 71 82 61 68  2 15 90 
44 61 44 10 73 49 17 72 73 59 
90 76 48 37 80 92 14 90 95 57 
71  1 19 24 72 90 92  3 71 11 
29 70 69 21 91 88 30 70 30 63 
22 57 65 70 13 43 69 82  2 100 
95 62  6 92 69 31  5 39 19 78 
54 71 83 85  5 34 61 51 65 21 
80 70 23 88 71 56 60 63 89 18 
46  8 83 88 22 77 24 71 80 56 
26 77 81 68 14 83 78 79 62 68 
20 94 87 10 53 100 15 50 78 44 
23  9 95 26 41 73 67 35 76 40 
24 13 45 99 61 28 24 23 62 42 
99 94 21 54 44 27 46 23 87 38 
10 51 38  2  3 91 13  1 71 40 
68 88 70  5 26  6 21 29 71 27 
48  6 24 75  5 64 80  1 100 18 
81 78 44 32 34 18 75 32 96 62 
17 84 66 34 14 48 41 57 99 38 
44 94 28 33 13 44 50 49 81 67 
93 75  2 83 11 29 64 70 92 84 
70  7 42 59 52  7 23 75 70 24 
58 69 19 34 27 41 56 53  1 52 
63 42 84  4 72 89 22 91 35 21 
96 20 37 38 27 44 65 18 65 96 
20 100 97 14 83 12 90 61 62 38 
17 16 65  8 91 77 95 77 40 78 
35  4  8  2 58 77 70 81 35 13 
10 52 66 11 77 54 31 79 75  9 
41 52 71 96 75 53 66 14 89 81 
28 29  7  3 21 33 43 23 89 36 
77 99 63 21  1 65 69  2 23 50 
94 30 71 33 28 53  7 45 41 84 
55 84  6 63 99 19 51 73 35 96 
27 17 54 89 98 84 60 20 65  1 
96 11 14 44 14 93 58 75 76 68 
91 47 37 77 64 98 82 28 50 22 
 4 67 69 83 20 94 80 14 95  8 
19 97 24 71 30 23 74 64 72 88 
 4 33  4 33 75 87 45 64 18 30 
54 24 47 100 33 30 31 34 32 24 
45 70 15 47 81 38 53 27 44 23 
11 90 75 84 41 72 66 29 64 23 
88 54 81 23 90 32  3 30 18 87 
91 69 25 29 11 42 96 78 100 15 
80 38 50 47  6 27 99 21 45 34 
83 94 61 58 73 10 58 94 32 18 
74 12 43 56 31 23 97 93 58 38 
 3 80 77 66 66 75 15 41 76 86 
13  8 92 55 66 67 19 72 41 60 
33 91 68 58  5 77 59 56 76 88 
36 99 82 78 64 10 51  4 51  6 
51 67 20 42 33 79 56 44 20 18 
