5 200
40 82 85 88 31 
72 79  2  7 66 
36 85 51 14 26 
31 37 87 40 74 
38 66  5 89 10 
45 85 21 46 51 
92 36 85 71 23 
14 23 64 69 63 
59 52 61 11 13 
21 30 49 25 49 
57 42 85 98 74 
59 59 50 22 92 
34 43 72 25 34 
33 94  7 79 34 
13 47 65 74 84 
39 96 16 69 64 
62 68 37  8 49 
 6  4 46 38 88 
21 72 36 37 64 
21 45 29 92 73 
63 92 65 27 19 
12 25 55 58 83 
57 67 77 34 96 
100 45 23 22 79 
77  3 20 91 52 
 4 95 66 66 36 
 1 89 77 17 41 
15 53 57 20 73 
95 55 35 57 53 
61 88  5 92 30 
61 60 49 13 20 
47 16 46 12 94 
69 31 96 11 88 
16 88 84 38 40 
53  7 44 17 67 
45 95 90 45 68 
85  8 13 93 33 
86 14 36 66 15 
19 11 71 99 88 
16  3 58 93 43 
42 45 77 30 28 
55 32 59  1 80 
23 28 59 22 61 
24 22  3 17 13 
21 50 19 66 73 
19 62 46 64 68 
12 40  6 33 88 
53 16 27 23 92 
47 90 33 32  1 
72 38 81 21 62 
54 22 12 92  8 
82 16 38 39 32 
18 46 80 95 75 
79 86 45 27 36 
23 45 65 79 18 
49 87  3 46 90 
51 26 67 44 87 
80 46 12 45 26 
 3 96 20 17 60 
13 85 72 32 92 
 8 95 32 79 35 
 7 50 12  5 92 
82 94 33 22 98 
89 26 32 100 54 
73 80 24 11 92 
 6 14 34 62  9 
68 63 76 79 13 
 7 17 76 17 13 
100 80 74  9 90 
86 94 50 68 59 
74 38 88  1 59 
100 52 64  9 49 
72  9 50 40 21 
48 55 47 80 88 
23 92 54 89 23 
59 39 95 11 33 
16 34 20 24 38 
 2 81 31 85 72 
34 57 21 82 18 
15 33  2 80 70 
26 88 86 20 49 
20 71 57 99  4 
30 94 51 46 20 
60 78 40 57  7 
11 45  9 74 56 
 8 91 44 12 32 
59 31 12 36 47 
91 11 57  1 42 
 9 79 44 15 69 
62 37 23 19 96 
17 89 54  7 67 
12 76 67 91 41 
31 25 15 76 64 
28 49  7 16 10 
58 38 90 75 25 
40 62 14 27 100 
10 78 47 68 44 
92 27  9 90 54 
47 36 92  7 12 
41 14 35 11 14 
29  1 99 83  9 
 1 62 15 26 87 
19  1 41 46 100 
99 51 28 66 14 
71 21 70 91 10 
 7 81 49 20 88 
65  7  7 60 15 
100 92 88 70 57 
56 31 43 91 19 
79 74 50 94 28 
68 57 23 14 26 
71 89 59 18 83 
37 42 87 22 78 
36 39 26 100 61 
82 92 44 81 77 
61 82 81 100 48 
56 81 97 82 87 
33 36 24 38 70 
50 28 47 12 88 
14  9 47 34 27 
27 15 52 10 65 
49 41 29 52 23 
37 40 26 93  4 
 8  8 17  9 63 
27 82 71 71 44 
89 68 91 76 31 
99 99 52  8 70 
78 80 86  3 24 
85 55 66 81 31 
52 81 15 58  5 
94 32  8  9 97 
12 43 11  6 58 
49 69 33 30 26 
35 93 19 43  6 
23 64 45 68 50 
86 97 27 43 50 
27  6 41 53 97 
97 29 10 71 58 
 4 92 65 46 30 
80 11 19  8 12 
36 95 73 21 83 
81 74  9  1 50 
28 52 33 31 77 
64 18 65 84 16 
78 75  5 29 66 
43 91 41 48 22 
50  4 75 22 58 
51 69 43 69 69 
72 97 40 25 57 
67 34 16 41  4 
 8 75 51 66  3 
75 29 66 94 80 
64 35 71  5 58 
62 23 87 99 42 
49 42 60 43 17 
36 92  6 94 45 
42 79 53 11 38 
68 51 42 61 82 
86 21 26  2 14 
66 38 62  7  7 
 5  6 56 90 77 
21  9 10 67 74 
82 37 35 25 69 
 7 53 54 65 88 
99 68 55 49 53 
34  5 40 69 51 
82 74 55 50  9 
79 20 23 25  8 
45  1 89 25 48 
13 30 26 65 44 
96 62 79 52 89 
94 27 85 46 17 
42 79 99 40 47 
100 75 56 61 51 
90 25 18 86 15 
46 40 35 73 49 
66 33 54 69 19 
95 93 51 97 52 
 2 55 57 95 56 
91 23 82  5 18 
100 100 42 13 58 
36 29 88 62 23 
63 17 15 17 19 
 1 49  8 17 38 
69 15  1 68 26 
97 20 65 92 61 
33 31 92 46 63 
80 92 19  3 83 
75 85 80 41 86 
 6 52 74 63 69 
85 99 15 72 90 
35 88 83 73 50 
97 72 28 73 25 
57 92 77  2 84 
80 28 46 65 39 
67 15 77 98 47 
16  1 100 30 24 
 2 83 15 26 67 
84 27 11 59 57 
41 56  1 44 39 
