10 20
15  3 16 24  6 17 25 40 26 68 
17 26  8 50 10 95  8 36 82 33 
22 88 21 48 77 52 17  2 80 20 
92 86 97 60 13  5 59 26 17 92 
36 89 95 25 41 69 56 94 82  7 
53 59 34 96 39 47 87  5 90 10 
 1 59 24 45 83 55 92 13 40 66 
53 13  4 39 91 42 34 38  7 28 
11 40 84 21 78 47 68 83 79 81 
88 34 40 75 83 41 82 60 47 74 
91 47 54 10 15 92 71 50 26 66 
35 20 79 90  3  4 84 84 36 57 
55 79 44 36 54 62 56 61 15 94 
20 73 87 33 86  1 36 81 55 76 
91 44  3 32 37 29 37  8 17 76 
49 23 28 14 31 99 79 77 58 97 
26 86 48  2 23  6 16 45 85  7 
50 92 72 52 55 81 70 39 60 82 
95 21  9 69 37 25 89 37 62 16 
29 61 95 28 10 42 87  3 27  6 
