10 200
33 54 82 83 59 30 42 92 17 76 
73 95 42 28 48 59 31 98 69 27 
15 93 68 58 36 78 25 61 84 28 
82 81 97 94 93 38 43 69 84 73 
17 24 49 43 36 67 43 33  7 11 
19  2 16 87 21 24 69 57 84 89 
20 70 42 71  9 58 31  3 59 81 
32 67 16 66 40 60 32 56 49 96 
89 98 53 96 94 61 86 68 12 86 
11 32  8 78 49 78  6 75 24 93 
77 43 68 94 82 65 32 55 68 86 
 3 86 13  1 55 84 66 98 86 45 
30 42 89 87 21 54 46 63 88 11 
 4 37 67 85 24 75 43 40 16 56 
60 66 50 20 68 15 36 19 47 16 
71 72 49 54 37 42  5  3 94 27 
49 26 93 64 51 17 17 13 42 99 
50 31 27 47 88 28 64  9 26 29 
78 78 74 27 37 76 98 44 13 66 
26 59 27 57 28 77 95 26 22 55 
23 22 89 45 86  1 75 81 30 51 
71 92 66 70 84 75 52 31 94 56 
12 94 47 84 53 40 46  2 58 44 
79 78 74 88  3 98  4 53 74 72 
45 27 99 76 29 84 29 66 85 61 
47 34 20 92 74 80 65 11 53 26 
52 17 41 12 82 21 98 88 51 96 
51 14 98 78 56  1 95 92  2 19 
64 85 20 77 48 55 14  1 73  9 
 6 54 23 21 100 30 86 51 46  3 
 6 100 98 85 25 96 34 80 89 27 
73 69 31 99 17 47 49  3 22  1 
80 14 20 42  6 60 44 47 26 16 
41 20 84 100 93 52  4  4 41 85 
60 70 42 52 96 61 49 29  4 78 
 9 77 96 93 61 41 45 24 54 40 
68 24 69 30 16 95 62 23 46 79 
42 59 63 10 53 88 46 24 37 49 
71 55 94 78 32 80 13 80 98 65 
65 14 45 40 39 85 47 97  9 33 
92 63 74 59 74 68 14  1 10 68 
34  3 75 42  6 96 70 70 54 58 
72 91 82 42 77 89 32 96 44 78 
10 67 24 89 33 14 86 11 48 68 
93 17 69 92  6 81 85 97 31 70 
63 38 73 25 79 81 84 38 79  7 
73  7 99 26  4 18 28 50 94 99 
 6 47 87  9 10 89 74 77 80 42 
50 89 16 92 46 76 75 21 15 96 
63 94 16  3 79 59 71 21 97  7 
72 60 53 59  4 47 61 42 49  3 
 1 19 37 80 53 94 55 13 16 14 
77 51 34 17 79 61 98 20 50 22 
77 83 11 74  8 77 78 53 30 65 
74 94 95 92 81 24 99  2 82 42 
96 25 51 36 85 40 42 82 82 52 
 1 24 64  3 55  1 29 86  7 81 
49 92 24 10 70 51 68 54  7 15 
48 28 13  5 88 28 65 60  6 72 
65 54 59 26 99 100  4 24 25 100 
75 80  4 86 43 62 40 94 88 34 
65 76 64 80 89 95 11 89 21 21 
99 20 98 43 83 63  8 54  7 53 
20 77 17 20 14 12 68 97 54 53 
74 64 60 47 90 48 41 83 92 29 
91 54 48  8 56 68 76 35 86 85 
79 53 11 87 46 93 17 41 64 72 
12 36 52 25 40 46 67 44 54 80 
87 19 61 74  5 64 12 21 77 56 
60 45 39 42 21 24 92  3 21 15 
33 65 12 57 97 30 46 99 15 11 
66 47 96 11 15 22 38 29 11  3 
65 44 86 65 89 90 79 98 92 61 
92 58  9 30 45 36 65 21 32 31 
76 79 17 57 24 86 28 65 91 79 
43 54 62 16 49 63 23 76 92 95 
14 66 10 36 79 100 29 41 68 22 
46 79  7 60  2 84 82 19 94 85 
40 96 12 30 60 100 40 49 24 37 
14 100 51 25 53 59 83  3 73 54 
13 54 38  9 86 93 14 70 95 53 
61 41 68  4 87 16 89 28 15 69 
73 26 39 92 50 64 33 31 59 51 
65 73 41 29 54 26 43 16 24 23 
76 44 65 57 92 60 10 77 28 60 
66 51  1 84  9 45 36 58 89  2 
 2 41 44 37  3 84 38 47 36 37 
10 78 42 47 20 69 77 16 86 86 
35 58 97 90 21  4 26 20 68 22 
 8  1 11 11 67 74 28 18 24 28 
55 14 34 82 67 95 66 12 73 29 
68 34 100 47 12 25 34 17 15 39 
28 37 83 47 95  6 51 88  3 20 
55 44 11 94 26 43  9 95 19 28 
98 49 82 51 94 15 95 94 89 66 
83 84 33 40 38 53 41 76 99  2 
88 50  5 80 92 81 26 97 25 64 
28  5 28 68 93 67 64  7 22 83 
82 22 83 66 15 31 92 82 68 18 
35 81 30 84  4 99  4 32 12 53 
62 12 25 46 90 50 31 79 65 26 
 4  4  4 49 10 31 44 97 60 100 
77 63 64 70  6 82 97 25 10 16 
59 16  9 76 38 11 34 67 27 68 
16 58 11  8 53  1 43 24 26 37 
22 54 65  3 96 42 55 37 28 49 
62  5 29 24 58 100 87 46 30 19 
74 86 95 57 70 61 86 81 85 85 
76 90 55 44 11  1 74 48 28 37 
56 49 31 43 68 54 75 51 68 34 
22 48 88 64 89  7 62 67 13  3 
45 44 29 78  9 62 41 54 34 75 
43 61 27 57 21 42 28 57 27 45 
97 34 12 23 97 39 43 97 50 18 
66 81  1 44 81  2 24  9 10 40 
28  9 16 72 80 22 19 32 83 65 
81 86 23 48 78 36 89 95 41 16 
29 26  3 76 10 67 17 58 80 55 
 6 52 11 34 19 62 99 79 56  4 
54 53 34 56 23 73 52 78 52 16 
92 23 51 72 18 33 43 34 13 69 
79 34 62  9 87 33 91 18 12 52 
65 28 100  3 83 96 74 78 62 25 
41 38 78 15 95 90 17 54 19 28 
78  5 53 88 47 16 96 72 29 79 
34 72  2 30 77 52 59 99 69 65 
21 90 18 10 79 44 12 55 46 91 
 2 88 40 81 37 48 32 55 50 52 
36 59 75 85 25 57 32 12 23 54 
 5 47 76 81 69 70 55 73  7 63 
41 44 96 28 16 81 32 52 74 54 
54 15 11  6 97 28  1 83 93 74 
68 53 87 65 30 95 65 30  3 46 
91 99  8 37 11 100 21 11 30 44 
85 43 43  9 80 45 33 55 29 29 
 7 67 14 78 39 90 31 29 69 12 
30 89 24 13 33 68 56  9 55 44 
77 64 19 76 58 61  9 11 52 93 
69 10 17 17 44 33 71  6 93 16 
53 27 38 58 42 30 90 84 14 58 
77 47 22 84 84 12 34 49 40 15 
23 32 69 33 29 79 27 62 66 49 
14  5 25 87 25 44 90 89 38 19 
21 69 48 41 61 84 31 62 16 35 
70 24 66 94 30  9 66 94 49 74 
39  6 47 17 57 97 89 33 46 14 
 1 22 88 56 66 36 22 24 35 72 
11 16 11 77 64 28 48 66 74 93 
99 22 78 52 64 74 69 38 33 86 
95 91 88 61 27 95 58 37 65  7 
47 66 10 16 57 98 25 92 33 54 
 6  3  5 13 67 22 94 48 76 58 
42 79 48  9 95 19 61 12 53 54 
57 17 81 39 86 46 38 28 35  5 
96 67 78 59 45 61 27 66 74 17 
92 43 54 40 62 37 67 83 19 91 
22 95 42 92  6  5 15 91 62 18 
86 53 74 17 39 13 70 34  3 80 
52 15 53 79 37 100 52 62 30 34 
38 58 63 50 76 69 35 61 92 60 
77 76 90 72 94 55 12 45 68 67 
27 66 82 60 49 84  3 100 97 84 
40 92 61 11 17 79 37 35 84 85 
48 53 47 86 28 40 78 60 64 68 
23 52 29 48 25 51 96 12 20 59 
 6 51 35 87 30 91 97 14 77 51 
69 54 11 56 88 11 66 75 48 41 
70 54 91 46 97 91  1 13 53 32 
79  1 75 10 18 26 80 64 87 53 
25  3 61 79 95 50 98  1 80 12 
59  9 49  8 14 52 68  4 36 63 
68 99 56 51 18 70 47 98 73 75 
89 86 41 66 65 44 20 31 82 49 
76 42 34 44 96 41 75 90 41  4 
56  9 53 19 86 29 27 43 82 91 
100 63 69 77 11 67 25 27 71 70 
86 38 41 94 84 74 48 48 78 47 
 4 16 61 96 49 25 62 85 14 76 
54 81 63 37 16 79 23 27 68 16 
44 18 15 95 43 48 61 91 56 90 
 9 47 89 93 60 95 49 48 72 97 
48 46 33 81 91  2 42 29 44 28 
67 72 20 45 60  4 58 58 27 43 
 4 100  6 89 41 47 66 71 68 42 
11 55 23 58 70 34 67 18 39 98 
36  6 63 84 94 14 14 17 11 54 
68  4 14 57 39 44 54 65 76 79 
76 57 86 41 88 73 75 13 20 84 
40 31 85 98 24 34 86 53 10 30 
18 11 70 40 30 97 36 98 99 14 
78 44 58 78 44 20 18  8 36 18 
76 12 64 15 71 50 66 96 50 72 
 2 99 60 45 14 13 96 98 98 98 
57 15 88 57 69 36 89 18 16 92 
17 94 75 48  5  4 38 29 66 75 
58 32 66 16 41 29 37 36  4 75 
27 51 70 48 88 46 48 51 15 31 
17 54 22 67 86 57 10 90  2 88 
36 13 24 56 47 83 75 23 18  4 
53 45 19 83 33 32 76 96 86 51 
