10 50
 9 15 19 12 48 60 51 56 91 96 
 3 69 51 15 18 62 52  6 40 40 
48 24 78 13 80 99 71 96 15 29 
73 51 54  6 45 82 33 68 40 43 
62 25 30 78 81 41 18 25 99 17 
95 48 85 61 22 92 78 86 93 40 
48 96 62  3 54  5  5 35 77 87 
 6 14 10  8 16 87 16 58 66 11 
36 85 14 98 20 45 47 39 63  1 
39 30  8 59 84 74 33 64 74 73 
96 58 15 75 30 58  6 16 56 84 
16 31 56 51  8 64 76 73 73 100 
94 81 67 56 18 24 40 37 95 38 
43 78 19 64 74 24 84 89 84 58 
34 14 22 78 14 12 60 45 71 100 
86 44 77 28 35 60 17 50 88 66 
25 14 25 49 62 16 97 99 72 40 
35  7 64 30 20 50 34 69 38 14 
40  5 81 14 80 75 49 78 50 74 
13 13 100 62  7 49 91 48 33  9 
54 56 17 10  4 82  7 80 55 48 
86 52 59 11 77 72 76 84 78 82 
34  1  7  1 57 84  2 93 25 54 
85 35 41 43  1 78 80  3 32 82 
20 59 87 36 84 76 36  4 27  4 
50 35 35 91 87 53  5 77 46 12 
 3 62 21 51  6 40 93 18 57 28 
18  5 28 21 83 13 14 93  5  6 
18 24 47 95 35 82 64 55 80 16 
47 16 51 64 17 39 39 78 91 73 
85  7 59 27 33 78 31 18 36 51 
72 96  4 20 75 77 55 65 13 82 
97 18 89 42  8 13 18 14 63 85 
85 34 36 98 78 12  5 67 38 71 
24 17 31 27 57 14 94 63 77 24 
20 42 60 15 62 97 21 37  7 61 
65 60 79  3 66 72 84 100 84 50 
61 49 62 51 78  5 55 19 90  1 
92 36 87 75 31 37 37 97 57 78 
81 99 21 12 13 57 63 90 19 28 
97 13 37 57 23 74 45 90 66 44 
34 37 72 42  3 70 19 85 79 32 
68 21 19 14 10 66 74  4  3 26 
38 22 12 27 97 76 49 22 11 71 
53  4 39 84 10 41  3 41  6  4 
63 56 74 87 40 36 51 72 98 54 
73 52 24 17 14 76 47 33 74 77 
73 16 24 58 31 79 70 84 17 37 
47 91 56 63 15 50 50  3 76 22 
10 78 23 60 100 23 95 19  3 53 
