5 50
53 68 31 80 29 
55 84 78 36 33 
58 97 80 86 57 
98 72 37 34  5 
65 29 84 78 43 
87 18 56  5 28 
82 47 32 41 12 
15 84 33 64 67 
92 55 99  4  8 
 2 63 65 31 17 
64 48  3 33 79 
29  2 39  5 25 
56 97 85 24 24 
72 65 19 42 30 
43 18  7 67 42 
93 24 41 18  2 
84 96 77 98 21 
44 89 98 18 61 
82 70 10 64 78 
61 22 73 59 15 
12 74 24 76 13 
91 13 55 18 89 
61 24 83 75 34 
83 22 84 44  3 
82 46 68 15 47 
82  9 31 63 37 
32 83 61 89 22 
85 90 79 25 61 
37 96 86 54 17 
 7 27 27 82 20 
28 95 97 50 96 
96 40 75 45 50 
53 17 54 49 60 
17 20 23  8 70 
76 14 47 92  9 
34 68 99 45  6 
23 63 67 79 83 
92 45 96 43 97 
21 79 35 90 38 
79 80  4  7  2 
42 44 31 46 53 
33 55 42 89 77 
20 58 66 46 26 
 3  7 76 28 78 
84 14 95 80 38 
72 43 17  9 96 
21 38 67 84 93 
52  4 98 47 50 
 4 73 41 28 30 
80 78 54 46 19 
