2 100
81 66 
16 22 
78 73 
64 65 
60 32 
47 88 
100 58 
47 76 
95 10 
 6 38 
 7 68 
45 37 
24 21 
93 41 
93 95 
66 55 
87 20 
 7 18 
31 83 
79 87 
11 17 
29 19 
51 23 
68 29 
12 29 
58 81 
53 37 
28 84 
76 38 
68 23 
 4 60 
95 30 
72  8 
25 60 
24 70 
17 24 
89 30 
37 31 
14  6 
50 91 
85 65 
64 33 
42 78 
90 55 
 2 59 
22 21 
67 86 
89 54 
19 62 
30 66 
93 14 
94 23 
92 93 
70  9 
72 91 
56 100 
45 39 
28  7 
28 95 
78 71 
82  8 
91 90 
22 92 
23  5 
75 52 
 1 78 
57  2 
11 66 
97 62 
85 39 
25 14 
47 19 
44 14 
27 25 
87 86 
41 79 
16 76 
82 32 
50 61 
 4 40 
75 46 
88 63 
95 12 
 1 20 
20 44 
81 50 
78 48 
96 88 
89 94 
76 18 
35 68 
19 75 
55 71 
75 32 
60 58 
73 72 
97 32 
19  2 
75 13 
42 31 
