20 200
61 72 83 22 58 62 94 40 69 29  6 16 40 63 59 30 62 37  7  5 
27 50 91 92  8  6 19 68 88 68 44  6 75 89 13 38 34 94 92 71 
78 33 80 20 31 43 81 28 42 58 78 96 29 99 49 85 88 49 47 67 
 3 90 43 89 34 38 82 82 90  7 82 18 52 64 16 61 38 70 95 69 
 2 16  6 32 55 95 21 94 73 29 83 71 17 71 53  5 83 87 26 15 
49 87 73 55 96 27 76 69 51 67 65 58 63 85 75 31 58 53 99  1 
91  2 56  9 95 63 35 36 17 95 80 18 45 63 59 15 46 96 88 74 
39 69 67 19 29 36 99 56 31  3 71 42 84 99 23 100 71  6 33 51 
98 36 13 20 71 32 52 82 48 16  4  7 61 31 40 62  6 55 12 46 
34 71 46 91  3 99 43 11 33 37 22  9 71 16 88 97 93 39 87  6 
53 62 38 88 17 16 54 83 44 17 42  3 28 66  6 30 50 65 74 82 
22 63 34 77 34 29 33 28 44 11 34  5  8 78 50 84 79 59 73 88 
67 11 32 40 81  6 26 12 30 79 10 29 23 83  3 43 25 14 92 13 
63 33 96 20 20 71 72 23 80  6 37 46 58 30 12 40 62  4 44 49 
67 81 21 82 29 13 40 99 99 96 79 21 61 58 17  2  4 45 37 62 
 1 67 56 26 54 47 23 62 90 100 60 76 70 44 69 41  9 35 56 97 
16 77 92 24 81 45 39 33 87 11  3 98 52 37 18 66 61 37 28 13 
34 78 68 80 23 11 96 73  8 29 28 55 40 79 63 35 32 79 92 99 
61 84 99 89 80 80 90 31 66 84 15 67 21  7 91 80 97 26 51 89 
52 21 38 78 86 20 38 47 75 76 46 89 90 84 73 55 42 74 67 96 
83 12 11 64 42 16 45 11 29 69 47 10 81 80 85 74 73 34 39 56 
96 37 40  1 42 14 10  1 21 64 79 11 100 43 77 96 28 44  1 18 
18 98 62 70 84 87 76 93 72  1  4 13 77 10 100 36 76 95 28  8 
31 18 35 31 43 64 74 40 74 18 17 21 12 44 100 17 31 96 35  1 
88  6 35 54 76 43 56 92 46 41 55 60 63 93 47  9 67 48 27 13 
31 39  4 60 91 60 32 63 64 21 22 23 93 48 29 37 35 95 61 94 
59 61 87  1  2 57 18 31  7 27 85 75 86 39 78 10 96 11 53  6 
94 35 48 91 96  7 77 90 26 13 13 56 92 76 56  3 76 88 32 66 
54 54 85 32 35 91 99  8 35 80 91 49 37 100 33 36 56  6 84 25 
31 11 24 22 14  9 61 91 18 23 21 26 37 28 85 78  3 97  7 66 
47  4 65 66 85 97 33 78 19 27 53 21 19 67 63  7 41 30 34 87 
59 94 13 93 44 68  9 41 42 52 90 46 50 36 96 49 16 39 35 27 
85 25  5 29 76 75 79 93 80 53 84 34 30 88 92 54 45 24 25 27 
51 31 43 96 24 80 90 55 39 59 91 19 36 92 18 69  4 41 92 83 
16 90  6 39 88 40 11 21 100 15 87 97 61 100 50 82 57  7 63 29 
 9 59 48 78 27 62 34 45 47 37 93 72 74 54 71 14 51 94 54 94 
89 68 81  6 79 41 92 69 98 48  7 70 52 96 77 25 47 63 93  4 
38 83 92 19  4 46 55 49 47 26 41 96 22 50 97 83 11 93 91  4 
98  9 17 60 87 72 68 83 62 76 26 63 54 81  3 37 74 73 43 16 
36 32 45 48  5 88 67 83 90 49 90 67 39 68 31 93 20 67  7  3 
80 48 93 14 84 17 11 71 79 96 62 63 23  3 34 44 75 69 67 84 
 4 31 14 37 87 23 93 52 66 39 28 22 15 52 57 58 20 49 90 46 
20 62 63 80 34 71 49 86 46 100 37 27 52 55  4 14 18  9 81  5 
91 69 57  9 17  7 13 98 52 76 79 26 57  1 28 10  7 70  6 57 
 7 58 85 21 55 46 15 67 10 26 57 58 61 74 27 56 40 77 83 100 
72 76 78 63 60 58 43 92 86 83 41 94 36 18  8 54 89 20 89  3 
47 79  9 31 18 54 97 96 99 46 11  1 69 84 69 80 74  3 26  3 
78 10 25 64 60 53 80 60 39 27 92 56 90 29 33 65 96  7 40 66 
 5 59 31 65 43 98 99 81 98  3 84 64 81 74 24 45 36 33 59 49 
44 80 21 77 88  1 25 23 43 40 76 87 26 48  6 37 15 66 12  3 
81 41 18 41 45 78 50 10 99 26 100 24 97 22 16 72 15 71 46 45 
92 84 53  2 33 37 47 13 38 96 33 91 15 71 88 26 90 28 46 45 
85 97 53 27  2 52 60 89 17 69  7 18 46 58 19 96 30 77  6 33 
61 31 30 33  8 60 35 80 70 10 94 76  2 66 89 98 65 82 95 29 
52 58 45 47 63 75 59 99 16 35 72 79 64 70 66 47  2 22 40 51 
51 90 34 28 65 39 55 40 14 60 25 16 97 37  3 30 23 20 45 12 
25 21 28 84 58 69  6  6  8 11 24  7 61 61 65 65 74 93  2 26 
13 38 74 14 93 71 100 71 75 30 95 38 80 98 70 11 86 40 74 58 
87 87 87 23 89 26 73 28 33 14 72 55 41 52 64 79 74 36 79 47 
54 63 67 36 38 12  6 57 45 99 12 41 57 49 37  8 30  5 77  6 
 7 91 12 17 37 93 14 86  9 49 23 93 92 48 81 42 58 38 19 20 
43 66 86 52 15 68 94 88 91 55 55 21 99 61 90 73 51 74 65 41 
89 33 24 46 71 45 10 50 49 81 25 60 67 84 67 67 46 21 78  6 
71 97 28 57 80 23 37 26 55 13 93 91 96 34 48 54 91 34 89 15 
92 49  2 49 96 37 19 85 94 13  1 58 28 31 49 67 94  9 72 46 
11 98 78 10 96 45 11 74 60  3 49 90 81 79 21 35 53 58  9 39 
58 39 87 47 92 87 36 50 32 81  3 99 10 96 45 77 45 89 66 81 
63 52 91 89 54 95 91 46 59 37 27 94 77 74 35 73 97 72 29 83 
36 18 17 66 19  9 36 70 89 26  4 73 31 74 13 10 56  7 34 81 
94 10 18 11 19 92 37 71 36 95 83 84 55 81  5 74 18 38 73 73 
78 92 91 92 39 77 90 29 58 59 83  8 73  4 81 81 82 99 60 14 
43 88 90 94 58 26 61 44 51 79 23 22 98  1 11 30  8  7 19 48 
26 58 61 52 32 97 71 35 69 29 10 76 71 24 73 73 62 31 64 82 
 5  4 53 42 50 64 18 79 45  3 25 17 19 44 42 39 13 43 18 44 
 3 95 95 43 53 79 17 27 71 94 96 49 49 40 45 95 89 73 85 34 
 1 92 40 64 83 29 21 93 41 37 44 65 57 49 41 76 29 25 58 26 
45 65 31 57 59 99  3 71 14 56 56 96 81 20 16 92 52 62 40 62 
19 94  9 60 85 97 100 59 91 70 72 68 73 74 57 70 57 40 92 67 
49 72 80 64 40 56 66 60 100 73 39 59 64 49 93 27 79 44 100 23 
97 76 99 27 47 51 15 68 17 19 70 55 86 40 38 35 26 22 22 23 
81 22 93 46 28 64 42 88 12 86 48 87 58 49 95 26 66 86 51 82 
79 88 47 86 35 75 46 61 47 22 66 41 65 19 24 67 48 97 32 27 
90 99 57 50 62 83 84 44 70 58 31 87 56  4 75  5 60 82 17 42 
69 64 47 35 34 37  2  5 41 100 20 41 23  3 18 48 88 24 13 61 
23 72 59 67 17 30 27 13 18 11 98 33 67  7 39 55 34 64  2 29 
88 44 49 33 60 87 43 78  6 77 64 58 72 48 81 22 86 16 24 47 
91 80 81 71 80 84 67 99 81 29 91 49 60 22 64 91 41 55 47 39 
83 62 12 19 38 20 16 57 99 35 58 87 66 32 47 75  1 69 83 26 
12 98 88 51 46 29 31 88 86 76 30 69 75 38 20 93  4 67  7 80 
57 31  2 63 91 44 45 50 35 29 52 13 94 79 49 44 94  3 37 21 
85 51 22  7 25 42  6  4 52 52 89 69 92 56 78 30 99 19 24 60 
79 11 76 46  6 58 14 92 79 28  7 22 86  3 100 49 34 96 41 51 
12 21 37 83 75 25 33 31 49 43 66 45 100 27 42 38 19 87  4 33 
65 77 91 55 25  5 56 41  1 33 50 18 83 12  9 21 54 65 32 15 
10 64 44 22 78 33 49 41  9 98 70 39 37 99 13 72 30 97 37 61 
42 56 53 81  9 57 14 100 41 69 45 38 96 89 40 100 87 37 90 95 
46 42 63 73 74 11 65 100 19 55  4 93 71 28 45 65 14 95 39 88 
19 91 29 73  2 23 88 52  5 41 58 74 20 74 88 77 32 80 83 50 
67  2 52 61 37 72 20 39 68 49 43 58  2 33 19 80 100 12 93 26 
51 65 31 54 56 26 60  1 48 76 27 64 34 60 31  4  6 84 38  1 
98 55 89 87 39 22 73 22 38 42 65 81 13 33 17 28 57 38 93 97 
26 68 51 98  2 49 39 61 82 36 95 94 57 49 64 28 45 46 78 88 
36 68 96 56 28 99 20  9 34 45 87 98  1 18 94 70 31  2 35 92 
99 56 77 76 57 29 95 98 54 61 63 84 34 43 95 26 45 89 29  4 
 4  3 25 22 28 89 83 80 25 15 26 70 98 49 84 26 75  1 59 55 
67 11 71 78 89 93 94 10  8 58 40 28 12 11 75 18 77 76 85 48 
97 25 28 58 71 16 13 57 51 32  3 78 91 95 15 22 20 56 11 27 
16 41 22 42 89 80 12 20 63 25  9 58 29 23 80  2 74 67 45 45 
33 17 71 74 88 49 97 82 31  7 100 72 30 94 55 56 47 52 21 21 
25 65 74 51 66  8 16 59 46 84 17 48 17 19 31 26 89 95 93  9 
96 25  6 29 74 23 76 51 96 30 48  9 29 64 86 98 70 29 93 66 
93 42 22 18 17 23  4 53 75 23 59 76 46 33 10 25  5 63 83 10 
26 88 64 15 55 62 17 60 21  9 90 37 49 23  9 80 84 54  5  2 
72 84 46 85 14 38 77 16 23 12 69  5 85 34 83 54 80 13 29 73 
12 100 48 62 100 76 19 51 33 50 13 50 77  8 73 82 26 16 49 91 
75 29 78 95 84 33 62 59 10  6 49 42  4 74 46 85 89 31 52 34 
74 68 90 17 37 13 92 40 27 54 100 30 25 24 32 37 52 49 26 29 
96  1 24 80 95 35 37 58 20 10 17  9 23 38 18 21 90 45 61 55 
64 18 23 26 86 34 41 31  7 49 38 47 15  4 30 89  4 92 91 86 
 1 98 87 81 60 39 75 20 66 69 88 28 92 13 17 37  4 60 72  5 
82 66  8  7 27 15 92 32 42 96 44 24 26 32 53 100 89 72 37 63 
 8 81 47 81 38 92 42 56 70 15 48 63 47 52 43 51 63 52 41 75 
36 74 34 48 38 61 20 46 86 39  7 73 84 94 11 63 19 50 44 19 
15 93 16 82 40 83 49  4 99 48 59 74 81 55 30 28 60 20 78 95 
14 77 95 100 59  4 52 96 79 21 84 36 76 20 58 53 41 63 75 100 
21 25  2 65  1 20 95 19 44 24 57 80 42 15 21  4 63 58  4  3 
65  6 22 78 66 49 22 13 74 59  5 47 74 30 73 61 20 73 63 53 
56 56 68 21 76 47 79 33 76 89 100 77  6 73 85 53 55 73 41 19 
40 42 25 54 88  3 29 91 87 68 77 12 44 98 19 49 61 81 31 15 
65 53 57 88 83 61 46 27 77 10 29 37 34 65 90 11 49 90 32 10 
12 98 46 52 29  6 23 65 29 80 80 87  4 19 100 11 18  9 90 24 
13 86 97 45 57  5 52 91 93 85 26 52 22 61  8 20 72 27 35 97 
95 83 81 88 90 68 10 86 13 45 71 60 87 49 88 76 28 55 55 87 
20 56 63 62 47 23 50 35  1 72 21 47 54 65  9 69 11 17  2  4 
19 52 63 95 74 89 14 59 33 52 94 12 55 54 86 42 28 33 52 95 
80 76 78 53  9 36 34 100  8 10 66 82 73 61 15 30 36 49 15 74 
55 71 84 38  6 58 45  8 55  7 60 81 44 50 37 38 26 84 90 65 
56 26 12 100 38 37 58 38 79 39 49 33 49  6 85 62 54 83 20 89 
98 85 42 25 23 56 12 80 80 38  6 36 46 51 79 86 48 51 66 74 
93 68 18 36  5 17 54 84 98 23 53 17 65  1 98 69 43 83 33 59 
52 26 87 97 79 61 71 89 55 85 45 23 75  4 55 62 82 55  5 94 
33 87 72  1 43  1 100 35 60 59 48 35 64 95 23 99 97 97  2 24 
41 87 73 88 30 16 65 21  8 14 82 30  5 25 16  4 29 38 88  3 
97 73 82 29 31 66 65 39 91  5 22  3 47 79 17 33 65 99 53 14 
42 27 83 88  1 91 70 54 74 93 91  4 32 13 72 94  1 100  9 92 
30 11 80  4 89  6 99 82 78 81 99  9 66 21 16 96 64 22 60 97 
90 30 83 89 37 82 52 47 89 48 76  9 69 72 92 79 65  2 35 76 
19 77 31 73 96 58 54 55 18  5  1 51 52 96 37 21 92 96 14  8 
72 74 91 43 52 52 61 64 83 34 71  8 58 71 45 66 75 76 86 60 
72 77 45 37 94 94 71 47 61 14 65 66 79 63 87 54 15 31 87 95 
85  4 61 92  2 63 10 32  4 22 100 98 82  7 19 52 28 12 71 16 
81 43 30 62 73  8  4 98 63  5 17 76 56 47 95 55 63  6 92 82 
70 17 56 45 97 69 49 33 50 53 10  4 13 59 22 47 80 50  8 50 
54 29 40 69 28 32 10 91 50  8 64 47 95 82 71 28 18  2 46 18 
75 65 75 93 50 11 11 47 63 91 29 99 69 55 56 48 53 26  5 81 
12 65 57 37 84 26 99 90 64 27 69  1 57 13 10 59 47 52  5 80 
82 64 91 21 13 98 41  4 25 59 96 77  6 18 23 49 68 17 48 18 
68 96 46 39 28 79 84 58 98 84 37 11 84 86 23 39 77 49 69 98 
11 28 93 23 89  3 85 83 52 44 60 33 28 52 79 48 65 79 48 82 
64 54 41 64 63 66 98 93 64 38 67  4  5 12 23  7 30 87 81 18 
28 36 48 91 62 40 63 50 29 49 95 26 69 22 65 15 41 64 13 61 
11 100 18 95 37 59 31 49 22  3 87 99 13  5 58 19 26 15 54 31 
21 77 57 85 80 15 46 82 36 31 59 61 21 88 97 12 41 67 38 28 
65 16 46 26 87 74 44 14 25  2 19 14 13 64 53 59 81  6 85  2 
99 17 49 18 84 57 56 36  2 11 77 90 25 51 96 15 96 19 36 65 
 4 26 51 73 87  6 36 48 29 34 17 47 12 39 66 29 50 22 64 80 
69 21 12 40 79 32 23 55 67  1 35  4 20  6 71 65 94 38 58  8 
11 79 10 36 54  2 36  3 65 70 40 30 51 72 82 71  5 53 16 99 
 7 38 65 97 60 98 23 34 87 73 79 26  1 100 24 41 14  7 100 91 
16 33 40 77 67 65 82 22 18  3 96  5 10 99 59 30 91 25 37 99 
 8 55 91 63 17 66 43 80 14  8 59 34 26 22  9 13 76 58 40 45 
51 100  4  3 79 94  4 99 21  2 61 77 78 58 73 29 13 82 71 74 
 6 65 63 20 41 58 53  2 82 26 60 17 73 32 69  5 11 13 100  2 
62 57 24  8 96 40 74 66 56 61 84 68 32  2 44  2 75 83 35 81 
 3  9 64 48 60  4 45 46 78 80 33 21 33 85 39 35  6 40 18 99 
 9  7 86 11 21 31 46 47 37 60 46 19 21 36 90 79 35  7 29 55 
71 75 83 36 33 49 10 56 51  5 54 18 27 15 33 55 90 89 17 48 
62 34  6 73 10 81 60 23 90 17  9  9 16  4 30 69 46 92 36  6 
40 59 61 16 45 56  5  7 95 86  6 14 71 14 74 68 67 38 44 14 
 4 46 20 88 70 49 100 56 65 43 36 93 67 45  5 42  1 63 16 53 
18 63 79 24 33 15 33 92 10  8 48 94 10 48 55 18 23 14 75  1 
77 54 36 11 85 97 52 46 49 56  9 93 65 78 44 93 19 24 91 91 
30 62 81 18 40 64 30 18  4 33 63 88 44 19  2 12  4  5 13 11 
83  2 58 10 57 72 90 89  2 26 87 38 10 27 64 56  9 96 41 24 
22 69 69 59 26 35 91 88 46  3 13 71 80 58 66 64 74 17 35 55 
58 65 83 99 46 74 97  7 72  5 85 93 24 19 53  1 25 76 23 80 
 4 93 38 70 92 36 45 99 86 30 28 34 49 51 13 74  4 99 17 65 
 1 46 30  1 76 38 81 95  3 30 17 59 81 42 60 67 65 37 71 22 
100 90 29 65  7 47 49 34 29 65 77  3 72 27 71 13 44 37  4 84 
23 91 52 53 98 80 98 48 49 96 96 38 84 45 27  6 44  1 41 15 
100 99 27  5 50 95 73 62 35  4 60 30  7  9 48 71  6 27 52 87 
21 88 60 79 58 12 75 99 13 47 87 14 48 46  7 23 93 86 98 95 
74  3 15 52 95 29 41 28 13 18  7 43 19 51 51 97 20 20 99 97 
55 36 25 21  1 59 55 30 41 19 22 67 40 18 15 23 43 64  3 96 
11 50 12 100 98 82 81 47  3 34 75 76 60  5 99 16 53 16 95 99 
24 100 42 64 47 93 89 32  5 75 74 100 42 70 63 46 41 47 30 98 
26 81 81 43 56 89 67 10 26 79 46 50 34 82 54 13 31 30  3 29 
 2 94 85 72 19 34 73 92 67 17 83 26 36 41  5 100 56 63 21 51 
80 22 77 59 67 72 32 79 56 97 25 92 97 26 26 19 68  7 94 39 
67 49 32 13 91 21 67 61 20 95 75 36 40 94 58 17 40 14 36 21 
