5 50
77  6 81 77 66 
 2 14 31  4 44 
 9 86 60 82 24 
33 62 77 22 98 
65 31 15 52 74 
55 17 82  6 34 
34 15 13 67 95 
14 79 70 85 15 
58 89 12 76  1 
18 78 72 63 76 
66 97 85 55 10 
24 88 41  4 81 
33 75 28  2 21 
67 97  7 11  8 
69 96 34 98 50 
 8 13 89  8 97 
19 70 87 23 30 
23 47 48 90 26 
38  1 32 44 32 
21 75 61 68 26 
30 65 83 83 54 
27 80 56 24 87 
91 86 81 67 33 
24 69  7 57 47 
77 38  3 75 59 
45 75 59 58 31 
26 35 54 38 31 
40 39 64 31 81 
65 53 29 88 77 
35 54 33 10 64 
33 57 57 69  5 
38 43 67 36 19 
67 23 78 30 78 
88 78 70 55 38 
47 27 90 58 37 
98 100 55 25 83 
58 15 11 92 77 
54 65 57 68 62 
 2 29 83 21 17 
38 50 85 98 37 
78  8 97 16 25 
99 95 52 51 45 
42 50 63 82 84 
60 23 41 30 66 
23 29 39 32 10 
42 31 93 100  5 
41 98 80  3 78 
37 95 41  7 48 
21 64 61 93  9 
15 68 77 67 57 
