20 50
96 40 77 35  6 24 57 62 81 56 96 82 25 53 97 69 13 51 11 75 
44 45 66 62 51 29 35 37 45 10 41 84 89 73 96 99 74 92 94 31 
39 72 55 82 33 19 80 37 40 20 93 87 93 89  6 24 37 56 62 24 
33 45 10 75  5 55 47 77 94 77 71 78 49 64 39 89 27 38  5 65 
87 56 100 23 72 92  1 23 30 85 87 94 86 86 30 60 32 62 26 82 
22  6 16 38 90 50 54 60 90 12  3 74 85 70 15 41 34 45  2 64 
48 90  1 10 44 63 34 47 56 90 94 68 87 84 88 72 85 46 51 91 
31 72 52 67 57 65 59 31  6 12 24 25  3 12 89 33 33  4 21 72 
96  4 53 76  1  8 16 73 72 28 64 31 34 30 24 77 44 58 12 71 
86 56 40 44 16 98 72 40 86 33  1 61 62 64 99 20  6 85 77 32 
80 33 90 21 43 57 23 84 26 99 71 62 92 53 29 33 43 67 79 21 
31 59 40 11 61 31 62 64 56 51 91 59 74 69 17 76  4 38 72 77 
21 52 71 40 36 61 95 35 55 35 25 50 52 56 77 99 100 45 93 100 
98 60 43 33 12 89 74  8 73 44  9 79 13 90 81 73 76 45 65 87 
23 83 58 17 25 87 26 50 59 15  9 87  9 44 40 58 98 77 48 17 
77 62 20 60  3 10 98 31 46 57 74 70 27 81 80 52 73 93 19 78 
28 58  1 51 36 18 31  8 48 88 93  9 27 14 47 52 77 54 66 61 
26 10 99 32 93 83 36 37 55 38 65 20 88 22  2 61 63 58 100 99 
76 80 10 32 21 97  7  8 21  9 90 11 63 47 46 60 69 64 27 12 
63  8 98 23 87 99 14 56 66  2 19 81 46  8 81 34 22 81 92 68 
54 27 35 31 84 32 79 70 68 13 65 75 64 49  5  5 72 88 100 93 
59 29 18 73 74 83 46  2 58 42 37 11 37 44  8 58 47 88 42 14 
35 78 51 34 92 73 97 10 72 62 81 97 75 72 45 18 93 39 73 12 
92 44 87 56 41 48 59 37 27 42  2 45 12 34  9 64 61 68 39 67 
50 34 56 54 88 83 84 40 15 52 89 33 47 33 26 80 28 83  8 49 
71 16 71 72 84 10 27 61  1 35 82 36 99 74 72 43 11 27 16 99 
10 54 24 20 12 32 52 11 43 83 43 82 22 22  2 70 76 93 83 98 
89 54 53 46 30 21 51  1 73  9 82 29  5 21 40  2 100 83 85 13 
68 88 83 100  6 66 70 88  3 19  9 59  8 71 58 13 97 76  7 61 
98 14 13 45 88 65 82 69 17 52 10 67 38 59 71 99 93 64 16  4 
58  8 53 96 77 60 64 76  9 100 51 90 51 26 68 24 95 51 33 46 
31 24 34 87 31 32  5 95 65  3 12 100 87 72 63 69 38 31 84 77 
78 23 25 52 54 24 93 15 23  3 42 68 53 18  6 65 99 41 25 56 
16 30  3 74 84 26 95  1 13 27 94 21 26 11 41 36 95 53 13 53 
49 93 12 61 51 58 63 69 15 18 56 91 20 25 64 15 58 43  2 83 
32 63 45 11 84 25 27 70  4 81 42 30 68 77 65 26 25  5 98 60 
100 60 86 67 84 61 62 43 63 51 90 95 90 64 27 82 19 48 56 97 
 6  5 56 42 96 59 100 95 99 31 23 85 11 51 90 78 14 33 35 15 
78 20 54 77 10 90 40 33 84 11  9 98 78 73 68  7 46 21 22 88 
60  4  9 83 63 58 66 65 25 76 34 25 74 63 20  6 59 95 36 24 
82  4 41 96 12 85 64 84 36 74 33 63 19 80 90 74 79 85 81 26 
 9 50 99 77 31 74 82  7 46 70 13 14 98 11 61 33  8 33 32 68 
93 19 44 78 76 80 98 72 21 66 30 57 20 47 90 36 80 65 34 20 
95 87 32 47 93 86 76 90 77 80 25 83 34 60 91 28 48 47 29 62 
14 51 40 23 82 39  4 83 29 53 100 37  5 23 77 82  6 49 53 34 
34 87 26 98 100 99 33 83 30 62 48 35 73 10  1 52 56  4 98 18 
86 21  8 24 66 15 49 38 89 32 95 46 76  7  1 32 47 68 17 90 
69 22 47 79 51 83 94 17 59 99 92 82 45 68 96 48 74 86 100 42 
23 84  6 53  3 90 14 96 26 27 83 93 73 92 86  4 71 18 28 54 
71  4 48 91 73  7 44 28 39 32  9 46  6 100 89 62 31 31 81 75 
