10 50
 4 59 42 18 49 63 23 14  8 24 
80 95 43 19 71  7 36 81 49 52 
26 11  6 40 38 26 88 11 44 48 
31 19 79 77 16 47 57 50 11 12 
25 18 20 98 22 52 17 19 71 34 
25 55 28 16 87  9 88 80 13 16 
97 88 50 62 87 45 94 43 48  5 
39 27 71 55 94 45 70 74 64 37 
77 19 74 100 22 18 67 50 50 10 
98 10 80 83 13 28  6 52 46 20 
99 92 98 28 78 49 48 26 39 97 
47  2  2 59 65  1 54 40 66 94 
39 18 86 32 67 23 94 10 36 87 
43 57 88 82 45 37 89 41 83 20 
95 74 68 94  6 14  7 44 38 31 
13 67 15 40 51 51 37 47 44  4 
24 56 54 59 92 83 26  7 50 31 
81 90 53 17  3 69 53 65 13  6 
62 77 87 75 63 39 45 43 35 87 
95 64 48  6 73 82 46 50 22 92 
58 40 28  2 83 26 20  2 74 79 
26 86 87 26 48 41 80 40 38 45 
56 76 79 23 53  1 20 100 86 81 
61 83 67 85 65 30 50 63 96 54 
80 49 48  3 93 37  7 27 51 44 
47 44 100 40 82 74 84 94 93 40 
85  9 38 58 54  5 76 13 75 81 
16 43  8 11 77 98 79 11 45 33 
43 47 72 87 45 51 21 85 71 21 
18 35 40 90 84 80 67 33 42  6 
55 78 71 37 95 77 63 62 74 87 
32  9 24 80 66 44 16 80 53 39 
45 15 15 50 93 37 47 78  1 87 
 6 69 59 40  3 44 43 100 91 42 
94 19 99 57 23 25 20 62 85 97 
46 31 51 83 77 39 78 41 63 47 
33 33  6 56 44 28 85 33 53 99 
32 91  2 20 91 69 13  6 66 36 
83 67  1 99 17 35 54 73 75 25 
 2 80 13 78 99 81 18 36  3 21 
67 29 94 35 85 11 65 21 77 45 
96 39 11 93 20 93 26 58 37 10 
71 39 59 48 54 52 86 74 42 18 
84 67 65 83 24 86 15 28 53 41 
62 40 95 77 96  4  9 22 43 64 
99 88 74 87 29 50  8 13 32 50 
81 56 21 16 76 91 13 48 18 58 
27 22 67 20 23 55 88 18 33 20 
21 64 16 53 43 42 86 44 23 15 
73 96 20 47 99 58 86 35 97 83 
