2 200
17 48 
85 40 
32 34 
45 19 
29 96 
82 29 
 2 80 
90 85 
55 84 
76 62 
40 33 
25 52 
81 31 
39 58 
58 81 
31 10 
40 62 
90 48 
72 49 
20 49 
79 77 
80 34 
21 60 
22 79 
46 50 
60  8 
85 59 
84 88 
79 39 
96 47 
31 91 
63 39 
81 40 
19 12 
19 31 
89 79 
79  2 
32 81 
61 15 
29 21 
57 27 
100  7 
27 78 
76 62 
27 99 
 6 82 
84 69 
56 57 
64 39 
22 29 
18  5 
77 79 
47 38 
56 60 
13 15 
88 12 
13 63 
67 90 
 7 34 
99 28 
59 77 
59 43 
 4 29 
87 25 
86 24 
44 84 
96 60 
64 19 
51 63 
 2 26 
87 63 
37 56 
40 35 
99 36 
27 90 
88 47 
74 15 
60 20 
57  4 
82 67 
68 84 
41  7 
20 24 
10 91 
49 77 
 6 50 
99 31 
63 35 
62 32 
53 97 
20 52 
83 11 
15 69 
18 75 
28  9 
36 100 
55 37 
64 92 
65 49 
52 16 
29 62 
52 42 
99 11 
34 26 
89 36 
63 92 
85 18 
54 10 
65 71 
35 16 
 1 99 
 9 94 
61 30 
59 70 
15  1 
65 48 
36 69 
55 38 
31  1 
 8 41 
39 36 
80 10 
12 34 
29 49 
99 92 
40 81 
53 14 
97  6 
88 26 
84 54 
65 92 
61 91 
87 49 
 8 78 
82 23 
100 96 
44 73 
 7 13 
50 95 
75 32 
89 44 
30 78 
12 32 
64 76 
44 58 
23 50 
58 57 
89 82 
77 55 
40 42 
46 100 
55 86 
34  9 
11 92 
57  4 
97 69 
90 92 
 9 82 
84 92 
30 37 
43 100 
58 55 
67 29 
44 24 
14 95 
53 46 
44 75 
49 19 
53 40 
23 22 
94 62 
25 90 
88 83 
59 43 
 3 28 
44 77 
93 50 
97  5 
64 67 
62 95 
35 12 
40 64 
43 86 
81 88 
43 73 
14 60 
 4 71 
79 28 
44 30 
18 86 
77 47 
53  9 
36 66 
57 82 
 1 28 
60 22 
55 15 
53 21 
59 89 
97 16 
