2 200
36 22 
87 22 
29 11 
42 11 
14 96 
77 94 
20 88 
86 22 
 1  3 
56 73 
 2 64 
37 52 
63 22 
33 48 
 4 21 
69 72 
54 85 
61 64 
22  5 
74 33 
26 71 
90 98 
100 64 
58 90 
42 36 
85 60 
22 73 
25 40 
98 56 
49 63 
55 83 
48 76 
64 90 
 6 18 
34 28 
 5 86 
94 35 
 2 23 
49 12 
66 55 
73 51 
10 61 
29 85 
91 51 
46 83 
27  2 
40 96 
 5 11 
88 13 
84 99 
81 76 
81 45 
14 13 
39 73 
38 73 
39 92 
92 60 
25 27 
12  3 
26 50 
44 48 
49 57 
52 69 
29 25 
36 72 
57 56 
 9 18 
86 18 
16 84 
37 73 
42 48 
12 81 
27 56 
76 17 
49 83 
59 47 
27 40 
81 94 
19 59 
68 71 
42 90 
55 64 
66 97 
89 78 
30 23 
57 27 
71 48 
39  4 
91 46 
 9 86 
53 83 
73 91 
 5 50 
82 25 
 6  9 
62 10 
49 77 
37 21 
59 63 
44  2 
49 35 
 6 37 
81 21 
42 36 
66 50 
73 59 
75 42 
34 93 
13 82 
100 75 
76  5 
96 14 
56 24 
11 67 
 8 89 
 1 59 
30 54 
75  8 
 1 18 
 9 69 
12 38 
31 98 
55 40 
34 46 
62 79 
61  4 
83 52 
81 75 
31 52 
63 18 
39 47 
79 25 
75 95 
28 45 
79 68 
93 37 
22  5 
86 50 
35 53 
30 61 
24 61 
12 25 
66 85 
43 45 
65 27 
 6 20 
 3 58 
74 60 
63 89 
16 63 
71 11 
51 81 
12 34 
79 74 
100 88 
54 40 
52 43 
90 40 
73  7 
31 51 
66 77 
98  8 
64 78 
 2 24 
 9  4 
50 57 
14 67 
36 91 
89 58 
35 14 
50 41 
84 35 
76 52 
57 79 
82 93 
76 60 
23 21 
12 64 
55 62 
62 60 
77 36 
92 70 
76 55 
83 83 
20 60 
54 30 
94 24 
58 72 
43 73 
89 54 
73 92 
29 59 
41 88 
68 87 
21 48 
15 63 
19 92 
47 63 
15 30 
11 16 
