2 100
21 43 
10  5 
39 80 
48 56 
72 83 
81 58 
12 92 
90 66 
54 67 
88 49 
56 25 
62 63 
 9 18 
31  5 
23 91 
 9 46 
51  3 
57 20 
63 32 
80 40 
 8 31 
100 64 
61 11 
98 33 
86 53 
68 49 
25 48 
34 94 
16 66 
18 90 
22 56 
95 14 
28 22 
 4 85 
35 10 
42 70 
25 98 
13 27 
48 21 
71  1 
35  6 
96 60 
13 35 
38 37 
28 26 
39 44 
69 16 
93 50 
22 12 
 3 44 
19 43 
31 62 
80 36 
 1  2 
51 78 
43 82 
91 83 
87 29 
85 17 
46  8 
70 40 
90 33 
34 13 
97 23 
56 84 
10 85 
23  7 
35 75 
24 17 
59 93 
21 86 
44 67 
39 74 
100 88 
36 80 
80 22 
49 11 
67 47 
80 55 
42 17 
67 41 
90 69 
48  5 
29 25 
89 28 
89 71 
46 49 
13  2 
77 72 
53 18 
19 80 
21 26 
90 69 
51 37 
11 45 
73 62 
13 15 
38 58 
20 52 
 2 35 
