5 200
42  1 20 29  8 
96 44 69 96 97 
49 44 55 80 100 
 1 24 56  4 31 
18 55 58 20 63 
70 45 76 59 42 
83 37 80 85 73 
25 72 51 25 82 
44 98  3 74 55 
34 26 62 25 79 
 8 45 81 90 81 
69 73 95 74 18 
54 34  3 67  7 
 2 13  5  4 81 
92 58 90 56 56 
24 47 33 47 52 
93 80 44 45 50 
82 49  6 30 72 
74 83 24 85 20 
60 71 84 58 83 
55 68 50 70 37 
57 53 43 70 50 
82 82 83 63 35 
 1 91 100 44  3 
16  6 11 99 80 
54 11 57 10  1 
12 13  1 59 10 
36 23 16 82 13 
75 97 35 43 10 
35 42 99 82 24 
14  7 37 70  6 
74  1 86 29 92 
71 98 18  6 23 
62 23 87 100 48 
58 70 40 14 91 
51 80 23 19 60 
49 61 70 63 57 
99 64 78 95 34 
95  3 25 88 27 
24 37 39 29 89 
22 78 99 57 36 
22 44 53 44 16 
89  7 99 17 28 
11 70 98 55 68 
20  1 30 45 52 
97 90 69 93  8 
42 57 31 52 69 
93 13  2 10 90 
81 78 19  2 22 
11 74 15 48 38 
66 11 57 76 87 
33  5 84 79 32 
17  3 61 65 58 
74  5 46 44 54 
10 68 96 24 12 
79  6 23 83  2 
95 66 62  5 81 
55 90 99 62 81 
31  5 33 13 95 
20 89 39 76 94 
63  3 33 18 91 
99 19 100 86 15 
34 53 100 70 43 
67 84 66 81 35 
36 61 86 65 91 
24 19 33 13 58 
85 66 27 13 36 
18 44 26 72 53 
72 11 84 11 37 
40  3 15  6 99 
70 67 13 13 24 
88 81 60 71 48 
32 51  4 38 11 
33 66 12 32 49 
27 39 42 41 66 
57 26 35 32 37 
83 83 30 20 47 
82 26 75 14  8 
84 19 92 51 32 
 5 14 45 77 60 
 9 12 93 92 45 
68 55 11 87 77 
40 81 93 16 30 
74 62 57 87 44 
 8 46 88 63 28 
17 98 48 39 73 
36 31 87 17 73 
89 91 64 40 69 
 2 61  3  7 80 
99  6 22  8 41 
37 67 80 68 97 
61 73 10 15 97 
43 56  8 46 62 
51 54  3 41 94 
40 96 18 17 31 
40 64 67 92 65 
44 39 65 99 82 
38 99 16  5 75 
89  7 26 62 89 
35 76 50 100 35 
77 83 63 19 90 
 3 13 71 39 52 
82 28 61 47 91 
13 56 70 36 36 
22 42 82 61 81 
71 54 78 46 28 
77 31  1 28 10 
40 24 41  1 49 
73  6 34 100 49 
91 33  4 33 24 
59 48 74 31 78 
93  6  9 63 38 
68 19 46 48 20 
 6 60 24 99 77 
63 23 34 89 29 
17 81 64 48 39 
24 66 24 74  8 
83 91 45  8 69 
75 68 32 93  3 
80 10 100 48 29 
10 47 85 77 44 
26 36 61 90 42 
24  4 86 77 87 
27 37  2 65 49 
43 22 67 80 25 
30 73 32 74 16 
63 95 23 21 93 
58  8 93 79 71 
80 10 63 89  4 
64 54  3 78 35 
54 17 50 56 22 
40 21  9 51 60 
89 75  7 46 36 
17 49 56 27 48 
37 37 72 82 69 
31 99 73 96 49 
 4 72 13  2 91 
54 34 49 48 83 
73 13 40 70 48 
49 42 55 31 39 
90 84  6  3 15 
70 33 69 67 97 
62  9  5 61 59 
26 70 83 37 42 
71 78 34 82 28 
99 95 82 23  2 
65 73 53 35  2 
99 79 19 50 70 
22 68 37 64 94 
28 81 98 28 51 
88 31 67 40 24 
30 33 23 18 11 
99 80 20  8 41 
90 93 34 11 21 
18 35 82 87 20 
83 69  1  3 40 
89 66 59 76 17 
 1  2 42 28 35 
33 22  3 97 81 
14  4 58 76 40 
30 60 71  1 34 
88 28 41 82 59 
15 29 22 94 41 
67 23 74 57 99 
94 18 100 92 80 
86 34 45 11 47 
92 40 21 30 97 
25 85 84 62 55 
48 16 43 87 10 
13 82 63 74 63 
72 69  1 66  7 
95 50 100 29 53 
89 38  9 67 35 
12 100  8 98 97 
61  4 78 51 69 
72 88 31 38 39 
68  7 72 53 51 
57 87 40 88 43 
91 46 51 11  4 
98 79 67 92 61 
54 23 93 15 76 
 3 80 47  9 55 
18 68 71 83 93 
88 11 60 67 78 
52 56 82 57 88 
30 66 45  6 64 
62 55 63 12 21 
77 13 55 86  4 
13 70 19 26 54 
64 51 85 29 24 
11 64 43 55 75 
51 17 94 33 76 
70 65  3 47 10 
13 50 34 60 58 
70 54 13 12 11 
94 52 99 99 91 
36 69 66 80 85 
58 91 27 88 17 
59 76 34 94 88 
38 56 96 64 75 
