20 20
86 41 57 79 42 10 82 37 56 82 65 12 60 24 51 97 82  1  8 27 
30 47 10 58 22 51 37 32  8 75 96 37 81 37 63 11 72 52 23 42 
 3 46 31  2 18  5 37 82 75 59 67 19 95  7 78 64 74 48 99 73 
91 35 73 58 37 15 45  3 15 26 79 73 42 99 89 66 69 20 74 27 
45 82 38 65 22 76 29 88 81 85 28 12 85 61 94 42 88 45 96 12 
58 59 88 96 95 46 47 28 61 96 77 42 45 97  3 75 49 68 90 67 
 2 32 79 82 81 33 98 27 68 87 43 76 99 20 85 65 77 69 53 92 
97 22  3 26 69  2 100 75 99 32 42 93 60 29 67 30 91  1 77 44 
31 18 84 62 58 52  2 49 37  2 66 14 38 28 32 15 46 39 14 78 
83 42  2 34 54 95 98  3 55 17 98 70 36 60 12 88 97 50 20 30 
79 54 69  5 40 71  5 72 31 35 22 31 37 97 41 65 65 34 88 29 
71 50 98 75 17 58 45 33 51  1 23 22 66  3  1 59 96 65 51 88 
72 16 90 76 90 10  9  4 60 13 22 64  3 36 41 48 88 91 92 14 
 1 91 33 70 82 43 57 99 33 89 43 65 89 70 54 91 96 79 56 11 
 2 30 88 56 94 61 27 91 45 46 75 95 91  5 87 57 23 17 52 73 
28 57 87 92 30  1 66 98 91 73  1 46 94 43 78 43 54 57 47 50 
87 89 33 19 10 56 98 71 90 95  1 58 69 68 65 68 86 30 86 48 
55 98 13 27 60 48  7 35 100 64 96 77 62  3 58 19 86 47 60 77 
94 90 11 88 11 25 10 82 31 91 63 98 26 96  7 45 86 41 51 91 
100 34 83 30 65 65 66 15 41 66 46 88 19 77 19 75 69 96 53 48 
