5 100
69 66 86 84 35 
60 25 72 21 54 
39 97 25 17 64 
65 44 32 98 93 
80 91 96  7 86 
45 20 21 83  7 
54 97 61  9 77 
40 93 28 69 51 
 4 37 89  7 68 
 4 65 78  6 49 
31 18 63 58 99 
17 23 46 36 11 
 2 53 92 65 21 
 9 24 93 55 73 
42 89 38 87 84 
66 100 79  4 14 
 6  6 35 97  7 
53 20 71 26 85 
82 13 41 80 29 
38 22  5 58 71 
23 28 100  1 85 
75 84 14 53 10 
57 84 87 10 54 
31 16 64 72 21 
98 96 56 28 49 
26 58 92 16 57 
76 76 17 71 94 
50 47 13 22 13 
84 19 39 59 30 
37 32  8  4 43 
 9 78 94 41 13 
39 47 57 42 91 
92 34 35 13 91 
66 62 71 31 13 
65 60 49 44 17 
13 10 41 42 20 
 3 20 94 38 14 
24 27  4 34 99 
36  3 53  9 51 
56 93 20 19 24 
50 86 85 35 24 
96 69 98 32  3 
86 22 88 14 26 
 2 100 30 50 35 
42  3  4 84 68 
72 95  5 91 35 
88 40 46 64  5 
95 63  1 10 56 
76 61 65 44 90 
26 66 45 21 30 
 7 71 39 79 18 
92 34 58 23 71 
79 32 68 45 16 
35 89 11 69 15 
12 38 91 28 50 
89 93  4 34 83 
68 81 42 65 92 
24 70 90 71 40 
34  2 52 51 18 
51 51 72 83 70 
56  2 75 51 86 
69 84 20 53  9 
14 77  6 45 74 
32 26 49 38 64 
81 14 28 32 75 
23 84 66  1 52 
 3 84 91 64 16 
38 81  5  8 43 
70 30  3 24 74 
21 95 41 20 85 
64 51 48  5 99 
41 94 87 23 54 
66 36 74 83 81 
67 49 57 67 31 
25 17 76 30 44 
32  4 48 18 87 
64 80 28 81 86 
87 85 98  4 93 
11 86 46 13 98 
62 51 67 32 91 
24  7 67 71 57 
60 75 70  7 53 
97 94  1 59 63 
20 95 10 57 13 
50 41 68 20 67 
81 45 88 68 90 
52 43 54 88 90 
97  8 84 32 63 
56 92 80 38 82 
53 21 16 84 25 
 2 46 100 38 50 
39 12 50 56 10 
56 90 37 55 70 
16 57  2 97 42 
80 67 49 54 20 
29 36 61 55 21 
99 12 59 99 43 
76 53 72 81 88 
89 74 57 86 53 
56  2 65 65 76 
