10 200
86 21 40 77 39  4 35  3 20 49 
93 80 61 64 54 89 16 69 25 82 
 3 91 28 92 56 87 19 73  7 75 
 7 84 28 87 38 24 22 23 31 42 
98 56  9 98 12 79 27 68 32 90 
66 32 19 62 57 32 82 86 27 12 
83 83 19 63 65  9 44 75 21 26 
90 80 99 93 78 33 45  8 27 63 
66 76 20 42 19 69 72 85 47 96 
30 50 24 100 59 25  8 88 57 58 
89 97 57 98 27  6 95 25 44 68 
47 49 96 41 87 61 29 80 45 21 
35 25  3 67 42 53  5 99 62 69 
50 96 42 99 25 50 79 59 40 36 
96 51 64 99 82 21 42 57 15 80 
80 11 52 86 68 82 36 83  8 31 
 1 62 32 24 86 100 74 78 19 21 
29 28 39 40 53  8 40 92 33 24 
61 86 82 49 31 53 19 43 36 65 
92 71 66 58 27 18 11 56 63  8 
73 32 52 75 55 26 98 16 80 32 
78 100 86 98  5 23 77 35 85 88 
92 57 41 69 24 23 91 14 73 95 
 7 44 33 20 16 17 42 66 85 76 
30 75 18 45 10 82 20 20 26 73 
64 10 91 69 66 42 80 49 80 59 
68 12 65 51 82 87 67 28 32 37 
83 84 33 32 81 58 11 19 41  9 
34 26 22 95 31 19 45 46 58 65 
65 83 58 35 24 69  3  9 96 17 
16 25 75 67 87 83 63 46 62 98 
42 20 45 30 27 24 52 48  7 61 
10 15 12 65 87 80 26 39 14 58 
56 48 24 78 77 55 19 95 68 86 
89 62  3 39  7 89  3 40 96  4 
20 73 16 14 35 89 89 31 15  2 
92 65 34 33 35 65  8 81  6  1 
27 45 56 23 60 75 14 13 30 44 
83 92  7 45 76 98 55  3 96 15 
86 40 74 66 45 94 25 91 76 74 
59 38 96 62 29 38 24 96 71 32 
77 94 42 38 50  4 31 14 18 36 
42 10 80 23 39 54 15 55 54 50 
51 86 90 55 12 78 45 52 94 71 
85 53 16 25 26 63 48 18 87 52 
22 49 78 75 21  7 90 77 90 36 
 3 14 21 37 60 60 41 47 86 49 
21 86 71 25 23 51 81 12 15 95 
96 74 85 14 94 61 16  7 70 54 
18 55 96 84 49 91 19  2 78 32 
 2 97 84 45 55 89  7 87 85 61 
36 61 97 85 36 57 40 29 94 81 
46 12 38  9 30 81  5 13 88 51 
50 84 50 52 65 15 15 98 90 94 
93 92 74 25 45 60 35 58 17 51 
47 39 64 26 90 50 12 91 19 100 
85 18 71 61 34 61 62 60 74 84 
65  3 97 97 66 28 84 84 67 72 
31 94 81 58 58 47 23 14 23 91 
 8 71 16 84 41 61 35 41 83 42 
53 97 57  1 97 90 42 63 31 79 
83 78 59 17 10 53 27 19 41 90 
95 12 39 83 31 82 33 63 42 67 
16 70 92 73 93 98  2 64 60 66 
81 11 17  3 90 27 58 99 63 11 
29  3 48 96 87 27 81 29 59 74 
63 82 36 53 12 14 43 97 74 94 
73 32 52 63 62 23 92 12 81 16 
35 68 68 32 87 60 40 60 97 14 
34 38 87 55 51 13 31 69 54 64 
24 28 44 94 94 88 87  4 19 76 
80 72 52 29 96 31 93 50 85 95 
95 17 39 20 42 38 88 67  8 92 
13 91 54  5 24 81  1 99 52 27 
24 78 83 49 95 57 15 84 98 87 
75 21 68 64 72 96 20  3 84 18 
15 64 56 49 38 90 33 51  6 66 
31 49 32 34 58 25 80 33 51 60 
41 78 32 11 74 63 78 66 67 88 
72 60 17 75 76 80 78 88 64 41 
33 67 90 62 59 39 13 44 22  5 
59 51 49 70 48 71 90 40 74 16 
26 32 52 15 13 68  5 38 20 18 
50 10 84 44  9 47 16 41 27 24 
27 31 86 82 69 39 60  6 53 63 
88 52 16  7 93 21 46 42 75 72 
40 76 37 43 66 68 89 18  1 71 
39 55 83 73 86 90 16 62 61 96 
10 90 99 52 25  2 90 98 87 93 
 4 48 10 30 14 60 72 59 60 44 
32 15 63  7 76 99 87 20 51 81 
99 19  8 18 48 46  9 39  4 32 
39 87 20  2 22 54 72 13 36 55 
86 23 68 71 53 24 53 56 51 11 
23 68 28 82 30 86 77 39 14 36 
12 60 91  9  5 52 40 91 71 97 
38 33 68 93 96 52 14 94  8 92 
76 79 67 57 70  1 31 24 17 39 
64 13 73  1 95 19 54 72 11 21 
46 35 18 94 48 48 25 89 28 35 
34 61 15 18 17 41 38  4 58 38 
53 95 69 56 55 12 26 11 17 67 
62 84 70 55 75 53 31 99 68 55 
81 20 46 31 60 48 44 49 99 55 
50 62  5 16  6 86 83 55 92 39 
69 45 37 100 43 72 99 22  8 11 
26 48 71 18 65 37 45 27 40 99 
83 10 69 35 90 45 67 96 92 49 
43 18 89 38 99 41 22 30 44 96 
54 51 58 25 63 46 98 92  8 60 
81 44 32 60 73 40 15 31  7 67 
79 65 93  8 42 77 88 16 40 49 
82 60 87 74 100 43 56 93 61 53 
13 52 40 53 99  6 67 68  8 39 
 8 70 46 45 66 97 41 76 96 28 
24 32  9 73 90 16 46 53 83 15 
93 25 92 58 75  9 30 21 85 75 
71 73 67 19 41 34 98 37  8 84 
16 99 93 94 91  2 35 15 33 18 
47  4 57 27 96 71 16 28 17 61 
86 27 82  4  1 38  8 37 10 100 
80 32 66 63 89 46 39 18 69 60 
53 84 62 31  8 20 50 86 29 93 
100 96 97 48 19 89 20 74 43 72 
29 86 18 42 69  6 43 40 85 42 
88 24  5 66 95 68 29 74 24 34 
57 37 20 91  6 55  6  9 97 64 
 7 55  5 70 82 41 30 21 85 72 
16 63 63 78 67 49  1 33 76 53 
47 96 43 81 78 33 88  7 48 71 
74 99 43 34 89 12 69 16 74 49 
77 84  5 49 87 86 92 98 58  7 
75 50 45 20 62 33 38 34 12 62 
58 26 24 86 34 33 81 75 30 35 
72 42 20 75 84 57 19 36 97  4 
71 77 97 94 91 38 29 60 55 73 
36 75 41 18 63 22 68 96 14 47 
15 10  3 28 52 13 98 66 31 82 
12 95 64  6 54 46  5 29 92 15 
88 73 80 15 56 24 61 47  3 58 
 5 65 87 89  3 19 13 55 75 47 
80 10 57  7 24 69 14 35  2 13 
92 59 34 27 99 78 31 68 87 66 
93 56 17 55 18 56 84 27 100 74 
17 91 96  6 43 64 13 68 20 66 
86 47 28 68 44 40 92 15 22 76 
30 51 53 69 53 39 83 15 69 79 
74 60 22  8 56 92 54 81 40 43 
78 71 27 50 68 24 12 73 97 57 
55 24  9 36 93 95 78 57 77 30 
67  4 44 30 70 42 89 71 15 34 
73 13 51 83 46 69 57 40 28  2 
31 34 77 86 98 23 76 44 60 67 
73 31 94 17 64  4 49 84 40 38 
76  8 77 11 52 95 40 77 26 96 
83 16 32 70 42 49 24 86 90 40 
82 47 48 89 20 98 20 35 34 66 
 6 99 38 53 18 68 41 23 69 57 
96  7 49 63 74 69 64 56 74 14 
 4 27 24 15 16  4 37 62 99 21 
15 53 78 67 77 79 31 61 77 51 
96 69 24  3 59 34 25  7 44 80 
14 78 79 98  3 34 54 63  8 44 
23 81 43 45 81 31 81 64 27 85 
77 40 21 16  3 49 82 35 84  3 
15 85 97 48 98 22 54 36 88 86 
 2 39 14 25 75 15 55  2  2 22 
87 85 54 82 98  9 81 99 45 14 
10 40 49 16  9 15 15 39 13 29 
 2 90 63 28 67 69 18 81  3 92 
75 26 48 11 22 99 41 84 31 17 
55 74 31 69 28 79 94 30 69 26 
25 54 74 19 66 40 48 27 34 69 
30 39 10 86 40 60 27 42 72  3 
 8 88 57 28 71 58 100 70  1 36 
23 67 75 38 36 10  1 96 78 21 
72 62  6 73 35 10 37 53 91 97 
30 83 100 13  4 53 28 54 60 63 
81  9 29 45 88 84 46 11 43 44 
63 72  8 19 24 60 50 55 33 79 
12 84 55  3 47 71  6 95 79 31 
16 55 85 96 59  4 99 36  5 88 
 6 19 39 17 70 82 32  8 64  5 
85 14 19 87 54 91 72 27 60 76 
91 81 46 89 10 60 88  9 69  7 
36 51 98 86 36  9 32 52 31  3 
75 58 62 45 75 18  8 95 66 73 
67 11 47 98 68 51 30  5 86 77 
97 60  6 88 39 75 47 35 35 26 
85 27 48 26 85 73 17 70 10  7 
56 56 84 81 28 64 24  2 74 33 
35  2 99 50 94 58 63 52 54 67 
23 38 19 58 59 76 18 23 88 26 
66 29 76 92  7 45  7 50 16 94 
29 82 16 48 90 15 72 20 58 11 
37 29 23 60 93 33 22 60 81 43 
64 27 22 83 47  9 17 17 98 73 
74 74 80 82  2 71 16 91 99 81 
85  8 82 97 55 72 24 50 54 15 
76 79 62 88 14 44 59 52 14  8 
