20	50
1	12	17	13	20	4	12	18	17	13	11	20	4	13	15	1	20	4	16	11
2	14	10	17	11	6	9	4	4	15	9	19	5	18	20	6	19	18	3	2
3	8	4	4	20	11	4	20	10	11	15	17	20	7	20	8	2	1	2	14
15	9	15	2	4	13	15	7	13	9	3	3	1	14	8	15	11	6	17	20
3	9	15	14	1	13	19	18	18	13	4	19	16	10	8	15	13	3	20	8
16	18	8	1	8	12	16	7	19	6	17	16	4	2	12	7	15	2	1	12
14	18	9	20	6	5	8	12	7	14	3	8	7	9	5	5	2	15	6	10
17	13	20	13	16	8	15	14	18	1	1	12	2	9	15	19	9	8	15	4
4	4	20	6	3	9	10	15	18	7	5	20	16	12	16	1	18	17	4	18
10	15	14	6	14	11	7	18	15	6	17	15	20	2	6	13	14	14	10	8
19	20	16	12	17	1	17	11	13	15	1	13	4	18	14	10	10	14	13	13
3	12	1	12	10	11	1	14	6	3	8	5	7	17	20	11	19	3	10	13
15	17	6	1	5	5	11	2	9	17	3	20	2	18	5	7	19	5	2	6
20	3	5	11	7	17	6	7	19	4	12	8	5	20	18	7	7	1	7	6
20	20	6	10	20	8	3	10	13	14	12	14	1	4	14	12	12	15	14	9
19	4	3	6	5	16	16	3	20	19	20	19	18	17	7	1	18	16	11	19
14	17	15	6	12	18	7	1	6	7	16	13	7	19	7	16	17	20	5	5
13	1	10	15	14	13	17	5	18	14	15	16	4	15	15	3	10	18	14	8
9	15	17	14	4	8	12	19	11	11	4	18	12	7	7	14	8	1	12	19
1	3	4	13	13	20	9	13	5	5	7	20	7	18	16	19	4	17	11	7
2	19	15	7	10	17	4	18	9	1	16	10	6	15	7	6	11	4	1	4
20	20	15	6	5	5	12	15	11	8	11	11	10	6	18	3	9	18	4	16
16	11	5	4	10	17	14	13	11	10	8	20	16	8	7	3	4	9	2	5
6	10	7	1	11	5	20	20	17	4	18	14	1	6	8	9	15	12	17	8
12	19	4	2	1	11	16	2	19	16	20	1	16	19	11	7	5	5	13	5
18	14	16	7	13	15	20	11	1	19	8	13	12	15	14	7	6	6	20	1
9	18	2	2	5	18	18	3	15	1	5	11	19	12	11	18	4	17	9	7
11	6	2	1	8	7	9	2	5	4	1	20	5	13	17	20	13	15	3	16
17	18	16	20	15	18	15	1	4	17	4	9	17	14	10	4	17	1	14	19
9	17	18	11	1	5	6	6	16	12	5	10	15	14	11	14	10	3	7	11
13	9	18	9	1	13	3	12	4	13	3	13	1	4	7	20	20	5	20	10
12	9	5	13	12	14	14	3	4	16	14	15	15	3	6	1	19	10	10	9
3	15	2	3	9	13	9	11	7	11	15	5	3	18	19	4	4	6	17	8
19	20	8	9	19	9	18	19	19	7	2	11	16	12	8	18	7	2	4	19
6	3	17	14	1	9	12	17	4	2	17	13	13	3	10	3	7	14	4	1
15	11	13	1	9	5	10	12	11	2	17	2	2	18	3	16	4	15	8	10
17	1	15	17	10	9	18	13	2	5	11	14	18	4	5	15	11	17	5	17
20	20	7	3	5	15	11	15	1	15	19	13	7	15	4	14	17	16	11	20
7	18	11	6	11	4	5	18	14	8	5	8	10	11	11	18	15	12	12	15
18	4	13	7	7	19	8	4	1	11	19	15	6	6	11	2	10	2	12	2
11	14	2	13	10	12	3	16	4	6	20	5	4	16	2	4	6	4	20	13
17	1	18	4	10	10	2	5	1	9	8	14	1	11	5	5	3	20	17	15
16	13	1	15	11	14	12	11	4	7	17	6	3	19	6	11	16	18	4	1
10	19	15	15	19	7	5	14	12	18	2	6	8	5	17	4	20	3	13	17
19	12	2	15	12	2	11	2	6	15	9	5	17	17	6	18	19	6	17	5
9	19	19	6	6	12	19	18	2	2	11	14	6	7	2	19	17	1	3	17
16	3	8	18	9	17	10	11	19	20	6	15	6	8	8	1	13	16	9	1
3	13	20	4	4	16	20	10	16	8	2	19	4	20	10	7	11	2	18	9
2	9	20	3	17	17	8	18	20	1	6	1	12	2	14	3	4	5	14	14
18	20	16	12	18	8	11	6	19	2	11	11	19	20	20	15	14	17	8	8
