10	50
1	18	3	1	13	20	15	6	7	3
20	10	13	10	1	14	19	18	17	12
18	17	3	5	5	4	11	9	10	13
4	3	13	8	20	3	17	20	4	7
17	16	12	3	3	10	16	7	15	3
4	8	12	1	4	5	15	18	17	10
9	6	17	15	19	17	17	5	11	18
18	19	15	10	15	3	5	20	2	15
8	4	14	7	9	17	12	13	4	15
9	19	4	14	19	11	20	18	5	6
13	11	17	18	6	5	14	2	6	2
20	15	17	2	2	5	13	10	6	3
6	5	2	17	9	19	16	1	12	4
3	7	16	16	3	18	8	16	2	4
4	11	7	3	15	14	2	3	13	14
19	11	13	2	1	8	10	20	9	7
10	13	10	2	19	14	20	1	19	5
17	18	8	2	20	16	19	19	2	16
17	13	9	19	6	13	15	15	16	16
9	8	7	15	15	11	1	5	4	2
14	2	5	8	17	2	3	12	2	5
10	11	19	14	10	18	5	11	17	7
19	5	5	4	17	9	11	13	8	10
15	14	16	20	2	16	9	1	2	5
11	4	13	11	6	18	10	14	6	18
6	10	9	18	4	10	17	1	12	9
11	10	4	13	11	16	15	20	12	15
9	5	10	12	17	16	13	15	18	19
20	18	8	10	4	6	5	19	17	13
19	8	9	14	14	1	20	20	1	10
3	10	3	12	9	2	1	17	1	8
17	3	4	14	9	14	3	14	9	5
12	17	4	19	16	2	16	16	19	16
17	13	14	8	16	10	15	17	2	3
5	9	18	9	16	17	5	15	5	1
19	6	12	16	19	7	7	4	16	7
6	5	19	6	12	5	9	16	19	19
19	6	13	7	1	3	20	15	3	19
18	1	11	18	18	11	2	19	10	9
4	12	1	15	17	1	10	13	18	12
9	9	17	7	2	13	14	5	16	16
8	12	2	17	10	6	14	1	9	1
4	11	6	10	16	8	6	18	11	20
14	8	18	12	11	9	5	5	17	5
18	18	3	14	2	12	10	4	6	12
7	9	4	17	8	18	3	8	12	14
8	16	14	16	2	1	15	10	7	2
1	9	5	4	3	7	8	13	8	4
18	2	13	20	13	6	4	1	4	13
6	18	14	4	18	2	4	7	12	2
