20	50
18	10	10	17	5	17	3	5	9	14	17	9	18	10	14	16	18	11	6	5
5	1	12	2	3	7	11	3	7	6	6	9	3	10	16	3	8	4	7	3
19	13	16	15	15	14	3	6	10	15	16	17	5	16	5	17	19	9	14	19
6	20	18	4	8	9	6	9	14	11	9	14	5	3	7	12	6	18	7	10
5	6	14	13	11	10	4	8	6	20	5	19	10	8	18	20	15	13	7	7
8	14	12	19	7	2	12	2	10	13	12	2	2	5	15	1	7	6	13	19
5	19	4	15	7	10	5	17	6	8	18	13	11	20	2	11	14	15	7	9
19	3	18	13	8	4	17	6	14	17	14	10	20	9	2	9	11	18	12	17
18	15	17	3	15	20	11	3	3	5	8	12	20	5	1	3	1	11	8	4
13	20	4	9	15	8	13	2	19	13	20	16	4	10	12	4	7	16	19	9
13	15	3	9	10	2	11	16	9	19	9	1	11	8	5	19	12	8	9	8
7	10	5	11	5	12	8	10	14	17	17	6	13	19	12	18	17	15	19	13
18	18	13	20	5	20	6	16	5	13	12	19	8	11	2	3	11	13	5	19
14	1	3	12	3	3	9	12	16	8	2	17	9	16	10	10	17	5	6	6
6	13	6	1	5	19	19	2	17	9	7	5	11	20	19	17	16	2	18	2
12	14	20	18	12	16	10	12	2	13	7	7	7	19	14	2	16	2	8	4
5	7	15	8	1	17	7	9	18	13	15	16	8	4	15	12	13	9	9	10
9	7	20	5	3	1	19	13	7	18	2	14	15	14	18	5	19	13	17	15
10	1	15	9	19	12	19	4	4	2	9	8	14	18	16	19	7	11	6	20
19	14	3	1	11	1	2	14	7	11	14	1	12	14	1	8	13	12	7	11
2	15	9	6	9	15	1	17	18	20	18	9	8	18	17	16	19	15	18	18
11	6	18	14	9	8	16	20	17	9	6	16	5	15	18	4	6	17	12	17
1	5	16	7	13	5	14	15	18	6	9	19	14	10	1	17	18	15	17	1
19	2	20	10	14	3	4	13	20	14	10	2	3	2	17	7	10	11	2	4
15	2	2	12	20	8	3	16	15	2	6	11	20	11	18	20	5	6	14	11
1	1	16	5	16	7	16	12	13	15	7	8	14	14	7	17	20	9	11	7
1	9	19	18	8	19	3	13	5	18	2	4	18	12	3	15	7	18	16	13
12	11	3	1	15	19	18	7	5	1	1	17	16	7	11	12	2	18	18	18
5	4	8	16	13	4	11	2	11	12	11	2	13	19	15	10	7	19	4	9
1	16	8	4	17	5	9	11	2	11	13	10	1	19	8	9	3	7	8	12
9	17	16	13	11	19	5	17	12	1	6	4	15	9	17	10	16	4	19	9
15	1	1	1	20	1	2	14	11	7	7	20	12	12	1	5	1	16	14	19
1	13	19	1	6	10	16	13	3	19	13	20	9	20	18	9	16	16	14	10
18	11	6	6	15	6	13	3	8	12	9	20	11	1	8	3	2	20	16	10
6	9	12	13	15	8	12	12	15	13	10	6	3	4	1	11	7	14	7	20
18	13	5	12	10	13	9	8	12	16	7	17	20	4	4	9	20	13	11	7
14	1	8	15	3	4	18	7	20	18	16	9	13	16	13	13	4	20	4	2
20	5	20	20	7	13	6	20	1	12	11	14	3	1	6	17	6	11	9	6
16	2	9	15	20	19	4	5	11	12	6	20	10	10	8	10	1	8	9	10
19	18	7	8	7	2	6	13	10	16	8	14	12	18	7	18	16	6	1	9
9	2	9	10	7	12	5	14	13	17	17	18	2	20	8	18	16	1	9	18
13	12	15	15	4	12	9	13	4	10	14	16	8	1	1	17	9	18	1	15
18	13	20	14	20	10	12	12	10	9	3	16	17	3	16	18	8	15	6	16
4	13	11	4	3	1	10	2	19	11	9	18	1	14	1	1	13	1	16	14
20	17	3	15	8	19	19	6	5	4	10	15	12	6	12	6	3	17	12	19
1	11	13	19	20	5	15	4	2	16	6	7	20	12	16	7	10	16	16	4
3	4	18	16	2	15	7	15	2	16	19	17	9	17	14	10	4	4	15	3
5	16	4	9	18	4	16	1	10	6	16	7	1	9	17	17	14	18	18	6
19	1	2	7	18	10	18	3	18	7	3	7	1	13	20	7	20	9	18	18
19	7	6	17	20	12	16	1	1	18	16	7	6	10	5	4	14	18	12	9
