2	200
29	81
22	99
38	91
90	26
98	82
90	48
89	30
87	2
35	10
14	26
16	22
76	94
8	24
20	1
48	76
76	52
94	28
2	64
57	45
74	49
12	95
59	77
67	53
21	20
23	37
22	80
40	2
53	8
6	28
91	14
71	89
78	23
6	38
55	62
29	23
46	91
36	66
14	22
63	99
27	56
4	100
78	12
54	96
13	92
76	94
59	29
54	61
79	24
17	37
71	29
98	60
92	1
92	32
44	75
88	32
45	7
1	36
10	71
11	67
69	11
26	63
86	35
65	17
37	76
87	91
5	27
29	98
58	44
9	78
20	23
53	39
5	45
50	52
28	19
52	8
13	51
69	61
4	35
74	57
36	75
96	69
88	97
27	19
79	3
78	67
62	34
47	46
58	88
59	42
86	13
89	18
25	79
79	55
59	69
95	23
71	52
43	45
28	84
51	9
18	32
74	25
42	85
47	80
4	23
3	17
77	32
72	23
87	78
45	10
18	73
61	10
9	55
97	11
91	3
19	74
37	50
25	54
40	64
77	40
33	100
51	36
66	78
46	39
80	20
59	50
40	42
91	45
72	64
17	87
89	36
89	2
5	29
80	28
8	18
84	23
2	6
77	19
23	25
45	31
9	58
31	72
44	69
35	96
60	80
83	76
48	90
51	97
11	49
32	37
99	19
32	62
37	37
49	35
65	72
23	47
20	87
79	32
6	18
59	36
95	84
68	28
36	9
75	13
55	80
9	74
94	8
32	91
27	69
35	8
21	1
31	88
58	37
56	62
12	20
92	94
91	96
43	15
51	4
27	29
62	37
80	86
64	49
54	12
55	88
5	37
83	51
16	94
54	81
70	100
53	14
1	36
88	15
84	98
65	18
40	24
42	7
47	85
21	46
25	10
83	44
