5	50
58	100	63	57	64
65	35	57	21	56
51	33	63	72	34
85	61	92	15	70
9	19	91	31	29
69	77	18	59	53
55	65	81	96	95
75	80	42	26	14
45	56	44	37	54
33	19	21	86	18
33	49	46	81	55
40	9	32	29	95
89	18	98	68	2
86	52	67	78	59
6	19	66	2	25
54	75	55	78	97
51	56	33	42	21
6	19	1	41	55
67	48	14	31	26
27	59	77	36	68
82	52	44	27	13
14	83	45	56	2
65	55	55	33	45
33	86	57	48	96
67	51	26	23	92
58	6	36	77	99
95	99	19	10	16
99	13	6	30	7
24	74	46	40	90
12	94	82	86	93
42	2	30	40	1
31	26	21	35	55
9	48	69	57	7
67	36	46	18	47
20	81	27	41	73
93	6	87	33	81
65	24	50	84	58
93	70	80	9	85
74	93	71	75	99
76	6	89	33	24
77	48	65	40	73
61	76	89	68	9
25	39	88	55	90
85	99	86	100	14
98	57	37	33	73
28	10	52	43	98
88	18	55	10	4
17	60	10	11	97
18	81	12	1	61
35	5	16	86	14
