2	200
34	56
26	83
27	34
92	50
96	29
35	99
45	79
42	15
17	24
69	63
50	71
74	69
58	13
61	23
37	19
50	39
72	91
19	96
23	66
52	11
67	40
76	16
43	18
71	29
41	54
83	88
98	12
68	64
82	58
26	14
73	69
13	78
79	96
27	55
61	47
93	51
73	59
97	11
95	58
26	40
43	33
82	84
36	63
42	61
23	56
14	65
40	39
38	98
27	99
37	47
91	17
69	95
62	32
16	40
16	58
69	24
32	87
71	41
88	30
42	17
55	67
32	6
33	28
12	34
21	99
84	97
22	79
49	26
64	87
22	5
47	2
45	66
87	91
34	54
68	98
10	97
57	21
92	25
86	64
62	35
21	83
19	17
74	73
3	53
39	45
77	1
9	38
71	53
23	67
19	43
94	58
66	23
89	87
40	1
87	25
41	1
25	87
84	65
84	28
92	15
88	81
16	24
22	9
89	20
50	40
3	19
45	20
42	63
17	97
29	88
33	2
66	15
4	76
77	23
54	7
70	95
75	5
56	13
43	43
1	81
99	21
52	48
22	23
57	6
46	22
48	87
100	4
82	86
16	2
20	47
33	67
67	44
70	8
44	40
64	29
21	75
96	49
90	13
51	18
93	82
19	71
78	32
60	83
95	72
23	70
98	42
24	55
48	33
55	9
79	15
79	17
42	17
2	74
92	52
15	70
36	98
9	38
28	63
89	35
85	87
13	73
18	95
31	79
51	42
1	57
59	42
40	78
4	3
29	61
31	86
92	44
57	54
34	1
33	86
27	85
44	20
25	92
2	6
100	48
87	23
23	51
51	58
12	94
58	31
35	26
35	29
4	99
96	70
17	64
61	31
46	66
15	17
14	39
18	48
77	98
4	81
75	8
64	42
94	99
43	41
