10	50
5	12	1	1	3	15	10	8	17	1
7	8	8	9	11	11	9	16	16	10
12	3	6	7	16	7	15	13	17	10
6	16	7	1	13	13	4	3	19	10
7	14	4	9	17	15	14	4	15	7
2	6	2	20	17	2	7	14	5	16
20	18	11	8	15	11	1	7	16	18
8	7	18	6	4	18	20	18	10	1
14	12	18	11	9	20	15	8	5	11
7	10	18	3	11	10	3	17	14	7
15	7	8	17	19	16	8	16	17	19
3	9	4	5	3	9	20	1	20	15
17	14	2	6	12	19	9	16	16	14
16	4	4	4	7	7	4	2	12	13
12	19	11	7	8	18	6	14	20	2
10	2	18	19	10	1	6	2	5	1
7	13	1	3	3	20	6	1	18	16
5	19	10	7	4	18	4	15	18	15
13	15	17	14	5	14	6	5	14	7
2	2	17	11	7	20	19	8	5	9
12	5	16	4	18	11	13	11	16	13
18	11	5	11	8	12	17	7	18	9
14	1	7	12	15	3	3	19	20	4
20	16	11	10	3	9	20	13	17	15
1	15	10	2	9	11	18	7	4	15
4	13	11	16	15	11	19	5	9	15
9	15	12	12	13	2	1	15	8	20
13	4	10	4	8	19	12	5	3	5
5	16	16	6	1	7	6	15	15	12
10	15	4	2	6	7	4	18	9	8
10	4	19	4	3	20	3	7	8	17
19	14	2	4	11	13	20	6	12	7
17	7	1	16	11	18	1	9	18	2
15	15	16	16	16	2	18	12	4	2
5	19	7	19	14	16	14	20	12	14
8	19	7	3	11	3	4	3	14	5
19	15	9	7	2	5	18	7	9	9
16	8	3	10	2	18	1	3	3	15
5	1	17	5	15	17	9	14	5	13
19	15	19	19	3	10	11	20	17	9
19	7	12	4	18	20	16	17	2	14
3	1	20	20	1	19	19	5	13	6
17	5	2	16	11	1	10	4	7	12
8	1	6	15	16	18	10	14	7	15
1	12	13	12	10	18	15	19	19	5
12	6	7	11	13	14	6	16	13	18
11	13	10	10	6	3	15	6	4	3
9	5	18	19	5	5	13	10	6	13
6	11	5	3	1	2	14	15	2	2
13	14	1	10	5	9	2	3	7	8
