5	200
19	13	3	9	16
11	17	12	14	12
6	18	18	13	4
19	13	7	10	14
13	14	2	20	14
20	11	1	2	5
5	1	6	2	19
14	12	6	12	13
11	1	18	17	19
2	5	6	8	5
10	6	12	7	16
5	12	3	15	17
1	16	10	9	8
6	13	16	14	11
8	7	15	17	3
13	16	5	1	12
15	6	13	17	16
19	9	19	7	15
2	9	12	16	13
16	11	10	10	13
10	10	12	17	18
3	12	15	5	4
9	7	2	4	3
15	4	13	14	9
17	14	10	19	9
19	16	20	4	8
2	7	15	9	3
6	14	16	20	13
8	15	15	3	7
16	8	8	13	18
13	18	16	2	16
16	20	13	9	19
7	12	12	17	2
2	12	14	1	17
2	8	14	1	1
3	20	7	13	14
12	9	8	6	16
5	11	14	13	8
6	1	8	2	7
17	4	18	2	5
4	14	8	16	17
5	5	16	2	14
16	14	1	15	7
19	5	6	2	18
11	19	1	14	12
1	20	12	15	4
20	3	6	8	11
19	2	12	10	11
1	16	13	20	12
13	1	14	16	8
13	18	16	4	15
5	14	14	5	17
6	13	2	18	14
14	8	13	5	9
18	14	17	12	18
16	7	2	2	19
20	7	17	7	12
2	7	2	14	7
5	8	7	13	6
8	14	15	7	18
5	9	10	7	11
19	2	4	7	19
18	13	12	6	17
19	16	16	6	12
8	7	19	18	4
11	7	4	7	10
2	12	15	4	15
12	18	10	17	13
1	3	15	15	9
13	16	2	16	7
12	19	10	15	11
19	10	12	4	20
13	19	17	17	18
6	18	8	12	6
1	7	19	13	12
5	12	4	10	11
15	6	8	1	18
4	3	1	13	17
2	7	7	17	1
3	6	19	18	3
16	8	10	10	6
6	20	17	4	7
7	6	2	14	6
8	11	17	19	14
4	18	16	16	5
15	1	3	13	9
19	14	7	8	15
7	16	19	15	13
4	6	17	7	10
17	6	13	12	13
13	10	20	4	20
19	13	15	6	12
6	17	5	15	9
14	20	15	19	19
13	13	3	7	11
18	1	9	7	8
10	8	12	20	17
9	15	3	8	17
15	1	13	4	7
7	2	2	18	16
17	11	15	13	1
20	8	13	14	3
18	4	9	18	3
19	6	6	18	20
20	17	7	2	4
12	20	19	20	4
16	19	11	11	12
19	13	19	19	17
2	2	9	6	19
11	13	15	1	9
2	17	4	19	17
20	4	13	9	10
1	9	13	11	7
20	14	18	7	4
6	8	7	2	18
18	8	2	4	14
19	6	18	12	2
20	15	13	14	12
15	20	10	9	17
14	10	19	19	20
18	15	8	18	3
15	10	3	1	20
12	3	10	16	11
15	11	2	9	8
5	1	5	15	10
7	18	19	5	5
9	10	3	5	17
5	18	1	9	8
11	12	12	15	1
12	11	15	18	3
3	8	11	12	16
17	11	14	8	17
17	11	19	16	12
3	20	6	20	7
17	10	14	1	18
13	9	10	15	18
17	4	1	2	3
1	19	12	9	20
15	5	14	13	12
20	14	17	4	18
13	5	16	11	6
13	15	11	14	3
8	1	19	11	1
13	10	17	14	11
4	8	17	20	13
13	17	1	9	18
19	13	7	18	6
12	9	11	17	10
7	9	18	7	12
14	7	4	12	19
10	17	3	13	14
5	9	16	19	14
16	14	2	17	5
16	14	2	5	10
5	20	1	4	4
16	10	11	8	19
6	14	9	11	9
2	11	14	4	1
3	13	12	3	15
14	8	2	3	17
20	6	19	3	15
11	17	19	10	19
15	18	9	20	8
2	5	12	8	3
6	1	18	5	7
12	8	18	10	11
9	9	9	12	20
1	16	6	16	19
6	12	5	6	6
6	5	13	16	13
9	17	14	1	11
20	8	14	17	4
3	20	10	19	11
7	10	17	1	8
6	19	16	10	17
15	17	13	20	1
7	16	3	17	3
13	15	9	1	20
13	3	9	13	17
7	2	6	15	19
16	8	12	8	7
10	1	5	4	17
4	16	15	16	17
7	18	13	17	19
13	2	17	1	15
4	10	4	14	11
13	11	18	1	6
19	4	15	10	13
12	10	5	4	17
18	8	14	16	10
9	10	9	17	6
15	12	12	14	4
1	17	11	13	5
13	18	15	11	19
3	3	3	5	7
3	17	13	4	17
17	17	8	4	2
4	2	2	15	12
7	13	2	7	13
15	19	13	20	5
