20	200
4	19	35	43	14	40	19	6	49	50	48	41	22	11	11	30	9	27	3	2
30	26	37	20	11	22	33	47	30	26	38	50	3	6	11	6	2	21	32	16
33	35	41	25	29	2	19	39	47	35	44	1	8	12	42	28	33	16	32	43
7	23	26	24	12	48	38	16	1	5	28	39	46	37	19	45	36	13	41	10
4	45	1	45	32	38	42	42	15	33	24	36	39	39	10	11	9	18	13	31
14	3	38	42	8	6	6	22	43	47	43	21	26	23	40	13	23	32	42	25
6	47	2	18	32	43	50	7	28	9	37	19	50	10	46	1	7	9	38	27
32	21	49	18	41	4	11	16	50	47	39	28	26	38	26	18	2	20	11	15
6	49	44	35	11	24	21	16	27	40	6	14	44	15	43	36	49	34	28	29
33	34	8	31	20	9	43	13	35	29	50	37	49	23	22	34	27	14	8	17
34	45	40	11	41	25	34	12	45	40	19	18	43	33	33	22	42	13	15	2
32	8	32	48	40	20	16	21	43	10	9	35	27	11	46	38	45	47	41	46
26	32	19	45	10	33	45	17	41	1	42	14	49	7	36	26	14	42	21	22
10	14	19	35	32	35	41	32	38	45	27	45	23	20	27	1	40	37	38	8
25	50	31	43	19	45	37	21	26	20	25	4	27	19	36	12	13	34	14	26
42	14	29	46	24	47	42	29	30	36	37	28	4	13	47	11	34	27	17	37
49	20	6	18	21	24	19	4	35	15	38	6	23	13	17	12	21	35	19	22
4	8	41	41	34	48	50	14	23	26	29	37	18	28	28	22	8	12	26	1
29	38	45	16	48	31	5	42	47	36	40	49	8	45	33	41	30	16	35	24
24	5	32	9	36	1	39	45	35	45	5	10	9	19	43	17	13	25	43	3
43	9	18	37	36	30	30	23	46	37	43	43	27	3	27	24	6	36	31	47
42	11	7	3	32	31	41	39	3	17	28	5	23	32	32	15	38	45	24	6
22	17	50	48	2	12	33	7	42	20	11	28	45	47	11	33	3	15	6	5
40	41	21	30	10	39	20	45	22	13	37	12	13	26	26	26	11	9	1	20
49	34	47	33	6	1	10	27	22	49	12	23	39	19	16	31	47	21	39	14
42	38	36	30	34	50	15	19	21	36	22	44	15	37	7	6	45	38	24	9
29	44	24	23	1	14	23	45	10	45	30	40	21	38	28	11	49	17	50	7
36	42	6	37	28	19	9	3	12	10	37	9	48	30	35	49	14	13	30	21
27	20	10	27	6	32	24	28	10	46	7	28	38	17	23	38	39	38	45	33
5	21	33	1	8	21	43	41	3	30	48	37	38	30	30	16	32	29	31	46
45	32	44	17	3	10	22	31	7	47	10	27	18	48	16	7	37	10	20	36
39	34	25	30	49	21	40	8	38	7	6	10	8	50	38	24	28	17	48	48
49	13	34	6	20	22	19	41	15	24	29	23	10	45	8	11	8	14	18	33
20	14	44	50	42	1	19	19	10	43	29	21	12	22	37	27	50	19	10	28
3	50	44	14	29	33	50	13	42	28	16	14	50	16	29	36	20	34	15	20
3	50	31	22	45	9	11	39	8	31	11	39	4	41	30	21	20	30	22	9
1	6	27	32	27	15	22	47	43	2	8	17	4	41	25	3	19	22	19	20
22	11	6	12	17	27	11	9	36	8	16	40	12	7	19	48	24	49	46	30
38	15	46	7	24	45	35	13	17	28	2	48	11	3	37	40	1	16	16	50
5	13	12	36	36	18	5	48	23	28	30	20	27	39	32	8	16	49	38	23
42	48	43	9	7	19	29	10	20	29	47	8	34	46	26	26	4	11	22	7
41	38	41	39	48	32	22	22	22	29	25	3	29	44	8	7	21	3	30	18
39	46	29	44	31	22	37	31	14	7	5	5	27	32	33	5	8	4	11	25
47	8	38	41	4	45	30	41	39	20	5	1	32	4	18	46	9	47	8	26
46	41	9	16	25	20	26	48	11	3	49	17	43	6	21	32	8	38	40	37
43	46	43	45	2	5	24	23	14	37	46	12	46	35	29	7	49	23	17	35
20	33	30	36	21	39	8	27	34	37	39	22	7	22	34	1	48	15	15	20
47	3	34	25	8	38	22	8	27	15	33	35	21	6	18	10	17	8	24	14
47	48	40	27	49	25	6	25	2	29	9	34	9	48	38	17	49	6	29	34
17	1	50	19	4	4	2	1	5	24	35	41	42	1	24	49	13	8	26	33
33	47	6	49	7	49	26	24	18	1	12	11	30	41	47	46	49	21	23	46
24	5	20	28	44	18	43	8	25	40	5	42	31	46	1	21	45	1	13	5
28	28	33	5	13	24	12	1	5	28	1	42	35	30	10	28	28	28	6	39
7	18	50	29	46	21	31	35	40	27	1	48	9	19	18	46	22	16	16	21
7	43	4	47	39	13	7	1	36	24	44	18	46	25	49	10	29	4	9	43
44	27	12	29	27	3	34	17	13	15	7	12	13	35	32	14	15	3	41	33
14	30	50	17	34	34	3	34	20	8	17	18	8	24	27	31	31	25	21	36
30	41	39	21	17	32	5	11	44	35	46	27	14	26	30	15	28	46	46	43
1	50	48	5	49	39	5	40	9	2	34	40	32	5	4	24	41	29	50	2
29	43	41	35	13	41	5	32	45	13	3	36	30	28	36	30	44	35	23	29
28	16	2	42	2	6	45	9	23	7	24	49	46	45	14	8	9	13	42	8
35	23	45	47	49	48	11	5	20	24	30	7	7	22	24	14	41	49	34	8
46	46	10	39	39	4	40	36	14	28	21	31	43	15	45	5	21	6	44	4
46	41	40	49	27	18	43	25	21	1	18	11	30	35	12	39	14	7	8	45
9	25	41	42	3	50	15	42	28	19	43	35	6	30	12	6	6	12	12	22
12	15	16	14	10	11	2	8	4	6	42	15	48	49	46	21	1	48	46	27
3	1	48	2	9	34	5	1	24	7	33	2	45	37	34	44	10	28	33	42
49	8	39	22	27	28	37	7	35	42	6	9	16	36	19	11	18	14	5	27
7	1	35	47	23	41	20	11	16	3	11	23	16	4	29	46	13	26	25	31
47	49	16	32	1	25	37	10	19	24	27	46	23	6	36	48	23	42	50	37
9	26	42	33	32	33	43	12	7	23	48	42	40	24	31	9	35	3	46	48
5	10	43	43	26	15	50	10	19	32	23	21	27	38	23	21	7	34	1	19
32	25	4	47	26	35	7	50	26	28	13	21	46	3	33	49	34	50	7	17
33	33	44	25	50	28	16	2	1	10	2	1	3	28	16	31	7	46	17	42
9	1	35	41	20	3	25	24	5	25	38	8	28	34	36	50	31	29	48	49
20	5	49	16	26	12	18	19	37	3	42	38	33	15	9	33	49	4	6	47
3	42	47	27	23	45	24	19	42	17	50	29	49	19	22	4	2	19	15	8
36	7	38	3	33	50	25	14	26	4	1	28	23	1	47	28	9	23	44	32
39	50	27	21	3	14	39	14	43	5	32	30	39	49	12	46	5	45	44	24
20	10	43	38	16	23	6	49	23	45	46	29	26	34	20	37	30	17	50	20
11	12	21	21	23	22	40	25	40	1	24	14	30	21	13	29	7	39	5	31
8	41	42	49	10	3	4	5	29	26	16	38	45	24	13	8	40	22	16	45
34	32	9	22	22	32	49	6	21	42	30	41	13	20	12	21	20	22	12	21
18	35	46	15	36	36	19	6	8	5	39	35	24	11	47	26	32	20	28	29
4	48	35	38	46	25	26	26	13	42	39	18	11	46	27	50	37	45	37	36
13	44	49	17	3	45	18	2	23	37	39	50	45	33	17	21	1	8	19	11
10	44	44	16	17	21	24	29	35	48	40	37	34	42	17	11	50	18	36	1
8	25	3	26	4	39	24	29	29	6	49	29	26	27	27	19	50	33	50	32
21	40	18	26	47	3	17	4	17	7	21	33	23	19	3	36	41	18	13	28
48	46	50	29	49	11	12	7	16	48	11	18	19	4	30	19	8	28	30	2
22	21	12	23	36	17	7	8	24	41	28	33	20	22	34	26	40	39	27	36
41	11	38	19	47	3	15	20	39	35	29	14	39	12	7	28	34	28	43	33
5	4	34	25	20	28	48	47	20	5	29	19	1	45	11	12	33	43	27	33
3	37	19	39	13	15	45	9	16	7	42	13	46	45	31	38	27	14	50	19
6	19	50	35	7	10	14	44	2	45	46	41	1	11	30	19	35	45	12	6
34	40	31	14	14	16	24	6	14	23	35	19	44	8	28	35	38	35	33	4
1	1	7	21	12	1	12	36	15	13	3	33	3	44	36	16	38	37	21	41
37	8	31	29	11	27	48	44	33	46	31	50	13	9	5	33	33	11	3	13
4	38	42	2	20	3	17	1	23	12	47	2	15	42	17	44	20	29	11	35
4	19	4	19	33	4	20	44	40	3	34	28	34	8	37	50	17	30	9	9
11	47	21	21	49	29	36	21	42	11	13	5	1	18	10	36	35	23	19	17
33	23	12	21	29	20	18	7	6	18	28	41	20	2	24	7	49	33	20	4
18	50	2	29	40	29	28	16	49	2	15	44	11	43	26	38	36	50	42	30
12	30	16	25	34	23	36	49	44	4	37	2	3	16	49	34	21	34	32	50
43	2	9	4	3	34	31	27	26	37	21	49	41	41	43	39	34	28	45	17
44	30	22	45	15	13	42	45	44	43	18	3	19	43	38	10	22	13	22	50
43	9	23	8	34	39	12	12	24	11	1	43	39	15	7	14	31	14	40	40
43	36	34	34	20	18	31	49	4	33	18	22	7	46	25	35	7	15	11	26
2	30	22	33	43	25	15	4	36	25	30	8	23	32	8	7	26	39	39	16
9	13	9	41	44	29	37	43	41	22	7	16	4	14	39	13	15	1	42	45
4	27	13	30	4	10	49	25	39	18	10	19	26	46	18	40	22	31	40	14
38	22	13	15	18	14	5	10	44	45	43	25	48	44	13	32	50	30	37	34
31	12	5	24	13	39	41	9	46	49	42	34	12	28	8	32	14	49	12	41
6	39	32	44	25	35	21	32	33	37	40	42	44	6	33	27	18	40	2	30
23	47	15	45	4	9	14	20	37	32	18	2	19	47	28	42	31	11	49	28
18	9	26	10	10	1	41	7	45	31	15	25	47	33	18	10	25	37	41	17
22	2	46	1	19	39	24	48	28	42	47	7	42	25	12	15	21	5	36	4
19	8	25	6	18	44	5	37	29	19	17	44	21	33	6	17	14	25	41	22
28	44	29	4	35	9	33	23	21	4	40	21	2	38	48	15	27	40	34	25
34	37	19	10	25	3	36	10	19	46	2	46	14	15	27	26	29	21	21	10
11	32	16	26	29	47	42	34	35	42	40	25	42	16	38	41	25	19	29	32
23	24	5	26	3	45	7	38	12	23	36	6	19	25	14	3	21	43	32	29
12	3	25	28	6	27	4	48	27	36	1	10	43	39	37	38	28	41	24	35
41	4	22	12	6	34	6	17	2	36	20	33	38	1	21	21	49	28	20	26
41	9	12	26	23	27	14	30	38	27	25	31	20	47	38	9	31	14	22	23
22	38	46	42	17	18	23	42	19	17	40	1	22	49	44	32	43	47	40	30
20	26	30	26	11	40	14	41	13	13	40	36	6	48	4	4	13	20	10	5
4	23	12	22	38	24	9	21	4	7	16	35	24	43	3	46	8	21	31	28
5	32	29	7	28	4	46	25	46	41	20	23	38	35	26	47	15	9	39	38
31	43	38	7	47	6	12	14	45	8	46	43	40	33	50	23	45	5	44	34
29	35	26	13	38	43	48	40	17	6	32	50	32	44	47	12	44	22	10	22
43	33	31	38	46	27	34	5	35	4	3	10	15	6	9	47	18	26	20	4
9	23	47	39	26	46	11	47	36	38	29	23	45	23	41	47	5	38	18	11
10	43	5	14	4	23	36	27	36	1	45	19	3	7	14	21	36	42	12	50
17	38	20	47	25	30	15	43	15	12	43	30	9	9	44	16	18	33	35	4
11	34	11	36	44	10	21	39	9	21	12	13	27	18	45	23	23	9	39	25
8	44	13	24	8	15	11	44	13	48	3	3	7	9	39	33	27	35	4	15
9	26	34	44	1	30	4	41	15	22	43	10	45	11	46	18	22	38	28	29
50	28	27	12	18	9	6	18	30	12	47	39	5	24	16	33	11	19	24	28
12	21	29	42	5	44	9	47	13	22	12	40	7	26	16	32	50	23	26	42
25	36	12	4	25	5	5	21	45	14	8	3	14	50	17	30	49	35	7	25
50	9	6	8	50	8	32	30	9	35	33	38	43	32	4	26	10	25	17	1
39	39	2	49	15	9	26	8	9	37	33	16	16	2	43	16	31	4	4	18
23	26	13	11	32	20	11	32	46	42	20	25	18	6	36	11	8	7	43	42
32	25	22	22	3	18	22	41	40	38	46	6	22	50	29	14	27	41	18	46
49	45	12	18	17	9	48	11	17	32	9	24	12	13	36	48	5	41	9	15
48	20	43	9	46	15	3	19	28	22	35	17	40	48	44	38	13	4	5	44
20	12	25	8	30	23	45	9	14	31	10	36	33	3	48	30	2	4	22	3
6	29	34	46	47	42	34	14	20	49	36	1	36	15	45	37	46	35	29	23
21	45	6	47	13	50	35	37	50	14	36	10	32	3	39	42	29	30	11	38
39	31	40	16	46	10	50	18	9	12	34	17	25	50	32	12	24	37	33	48
8	48	15	6	13	26	19	34	26	4	8	16	25	41	35	41	5	40	2	4
50	17	29	39	31	19	35	33	21	28	18	43	47	14	31	42	17	35	3	20
41	17	43	5	4	19	43	34	15	42	7	34	35	30	48	41	19	26	26	45
41	36	13	48	36	16	20	12	11	43	24	20	38	33	13	34	25	24	35	13
26	2	18	29	21	35	8	17	16	41	23	41	10	9	29	6	4	45	20	39
49	32	24	23	19	38	46	3	18	14	16	46	42	14	19	40	18	35	28	1
9	3	46	20	21	34	10	30	4	8	31	31	4	46	14	45	28	46	11	34
39	5	50	2	25	27	49	47	40	39	38	20	18	19	31	46	36	4	2	35
28	17	49	11	34	36	42	46	50	24	12	23	24	44	13	4	4	45	45	44
35	14	40	15	20	11	14	35	16	18	10	25	45	26	6	22	6	39	18	40
35	4	47	17	28	15	47	24	7	27	42	42	9	9	50	15	28	35	41	24
23	7	30	32	15	38	29	48	38	41	48	15	27	6	9	32	17	24	38	5
15	40	29	40	27	19	16	36	27	42	45	22	49	45	18	28	24	16	2	41
37	49	36	16	30	27	15	4	50	18	48	4	47	36	9	33	29	41	6	47
23	43	22	47	46	26	17	33	39	31	9	2	22	48	19	16	4	13	10	50
4	12	37	9	45	42	25	14	36	35	50	33	10	6	18	45	28	40	21	4
11	32	16	19	10	47	33	50	18	43	29	16	31	7	43	11	6	14	2	5
2	4	47	4	32	27	42	16	30	24	39	15	43	7	39	22	47	19	49	48
9	26	47	43	7	35	2	4	14	8	40	15	38	16	3	8	36	13	38	34
5	18	20	44	5	15	23	25	18	21	14	38	15	5	46	26	8	4	47	47
25	38	2	23	35	25	27	27	5	32	37	35	31	16	44	42	6	3	39	43
12	28	37	44	44	2	50	34	21	27	1	32	16	41	9	18	16	48	9	30
38	46	20	36	34	30	7	49	12	5	20	5	16	5	36	47	1	9	29	33
25	43	7	28	32	6	19	41	7	26	27	9	44	9	5	17	9	2	10	14
46	2	23	16	7	46	17	12	6	13	17	7	19	27	6	45	39	42	5	29
11	16	43	36	28	12	11	7	50	19	39	50	50	15	38	24	21	42	21	36
39	8	36	45	10	20	40	18	4	11	28	17	47	32	4	30	9	38	39	46
35	10	13	37	24	17	8	5	39	33	25	48	21	19	40	4	31	49	27	9
23	44	4	39	42	23	3	19	12	8	15	34	4	26	1	30	46	49	21	43
13	36	29	21	36	30	46	28	42	1	49	11	11	30	23	42	7	24	45	2
15	40	43	32	18	42	45	46	19	11	8	33	28	35	47	38	16	33	3	13
27	25	27	12	9	4	23	24	3	9	23	23	4	19	29	23	43	47	4	45
35	1	10	32	43	17	34	27	34	36	27	25	21	33	26	40	14	31	23	15
19	22	43	10	38	36	29	9	7	24	45	19	30	8	28	27	16	46	19	43
21	46	40	17	33	49	3	21	44	39	10	13	25	39	27	14	8	50	44	8
39	25	21	11	42	9	46	13	6	50	24	18	12	31	44	23	33	26	28	40
33	8	16	18	15	32	44	41	32	14	19	17	2	12	4	47	26	29	26	25
4	41	16	45	16	42	1	44	46	4	32	33	23	5	25	31	10	4	47	10
15	5	31	43	31	8	17	1	27	48	48	4	1	3	37	43	43	21	3	23
32	1	46	29	33	37	44	48	37	24	37	22	33	16	11	49	10	23	14	8
26	1	18	48	6	28	32	21	18	33	39	39	2	24	29	15	10	3	11	45
15	19	14	4	11	27	21	35	43	38	33	20	8	45	48	32	33	48	23	5
5	24	30	5	36	49	21	9	38	46	39	8	13	19	44	7	37	14	38	30
8	48	28	31	50	19	32	8	27	47	32	13	30	6	41	41	39	10	19	13
6	12	47	47	50	26	7	39	1	41	45	20	11	44	47	7	46	50	5	17
17	14	33	42	15	27	28	8	29	3	19	27	46	25	24	46	2	32	31	25
12	44	7	37	3	12	3	37	9	34	46	39	6	3	47	43	30	6	32	24
48	50	10	48	23	18	24	36	20	2	6	15	19	30	5	23	7	47	39	3
24	42	49	46	8	30	22	44	28	32	17	46	50	8	28	13	34	9	14	35
