20	200
17	5	13	9	15	12	17	9	3	6	14	19	4	18	9	14	11	9	13	2
16	11	5	19	3	12	18	11	14	12	2	6	6	17	18	13	11	4	11	5
15	1	20	1	3	11	2	11	13	6	5	2	3	9	18	6	1	15	6	4
15	7	16	12	5	8	14	7	20	16	3	8	18	9	8	16	12	5	16	13
10	8	18	8	8	1	4	17	19	13	13	17	18	7	11	8	5	9	16	15
18	15	11	17	4	18	4	15	2	3	15	16	19	14	14	7	9	8	4	5
5	17	8	7	4	6	10	11	18	20	11	3	9	1	15	16	17	1	5	10
17	9	16	17	19	17	19	5	13	4	19	17	5	12	10	2	7	4	14	18
8	13	17	2	12	12	7	18	19	19	11	9	3	15	8	17	2	12	9	7
8	6	18	15	1	14	18	17	12	14	9	13	8	7	3	5	12	14	6	7
10	1	6	15	13	11	15	11	5	14	20	16	16	7	11	2	15	3	2	18
14	10	7	5	11	18	2	16	13	4	6	8	6	3	18	8	20	4	2	11
20	8	13	18	15	13	18	1	17	1	10	9	13	8	13	1	14	2	4	16
10	19	19	2	9	13	10	13	10	4	2	11	2	12	19	7	18	9	11	18
1	1	20	12	14	17	16	19	10	17	14	19	1	7	1	2	9	12	10	2
4	5	12	13	19	19	8	2	9	7	3	5	11	7	15	9	19	7	8	12
18	12	4	13	10	4	11	16	11	18	18	7	19	9	15	16	10	7	13	15
9	14	10	4	15	9	8	15	12	13	3	2	4	18	5	12	1	19	4	16
9	13	12	12	9	17	7	3	12	20	20	13	15	13	4	4	3	1	19	2
16	17	4	19	16	16	3	1	5	4	15	11	4	18	7	17	3	18	15	18
3	6	3	12	13	10	8	12	15	1	9	1	1	2	1	12	9	14	17	14
15	6	18	9	5	10	10	18	6	8	2	5	7	1	20	10	14	12	6	6
8	12	7	5	15	15	10	2	17	15	8	9	2	2	4	18	8	15	8	3
1	11	6	8	19	5	14	20	3	11	19	17	8	12	6	3	19	14	15	11
1	8	1	11	1	13	4	6	18	3	2	20	5	4	5	18	7	20	6	10
1	10	20	6	17	11	2	11	17	1	19	15	20	18	3	14	11	15	7	7
1	9	3	1	9	19	13	4	7	9	17	20	9	5	10	11	8	15	14	10
12	14	9	18	4	8	1	7	2	12	8	12	13	20	10	12	8	19	17	19
18	18	4	8	4	20	7	15	8	12	6	16	1	18	15	8	20	5	17	2
19	6	3	15	1	6	7	10	16	18	4	9	18	16	12	14	10	2	14	5
2	6	19	10	7	12	12	16	5	2	12	3	3	16	20	13	15	10	7	19
13	17	20	11	9	17	19	5	6	2	19	19	11	13	1	14	7	13	9	10
14	12	5	15	6	1	7	3	16	20	19	1	15	16	12	5	7	9	2	10
14	7	10	3	4	13	12	10	16	7	6	3	1	18	5	2	13	5	5	8
10	16	9	6	3	19	5	16	2	16	7	18	12	20	17	8	2	2	12	14
10	18	8	10	15	17	20	17	12	10	13	2	5	15	20	18	18	4	1	5
8	17	9	20	20	8	11	2	2	18	20	11	14	12	18	13	9	20	12	7
19	9	5	12	4	6	14	17	20	19	10	18	2	7	6	14	9	9	10	7
6	19	16	15	10	2	8	14	17	8	9	19	13	14	7	20	12	18	16	15
15	14	2	3	8	3	9	8	6	5	4	1	10	6	1	20	14	11	2	2
18	1	1	12	10	12	6	8	20	6	2	12	13	16	13	12	17	13	7	8
13	20	8	12	5	9	9	7	14	7	7	2	16	14	17	15	14	11	13	17
17	2	9	1	4	12	8	15	13	10	4	1	4	14	9	19	13	9	8	2
3	19	15	13	19	20	17	20	20	19	19	7	20	11	11	12	12	7	9	13
1	15	14	4	4	6	19	3	5	19	2	5	4	12	14	18	7	16	2	4
16	9	15	15	11	17	2	14	3	18	7	6	1	15	2	8	6	11	10	13
2	15	16	2	17	14	4	9	17	14	6	17	6	5	18	12	20	20	14	7
5	5	20	8	12	16	4	9	10	7	13	17	7	9	3	2	14	14	18	18
14	13	17	10	13	11	1	17	18	10	8	7	18	3	9	17	15	8	10	2
10	15	19	11	1	9	10	17	3	17	19	7	2	16	14	13	8	10	16	2
16	8	12	1	19	7	19	5	1	6	7	6	4	17	8	20	15	7	9	4
1	4	15	2	11	2	5	2	10	17	9	5	13	9	7	3	4	18	13	15
11	6	17	17	10	13	4	6	9	15	18	2	2	13	1	12	14	11	10	17
2	18	16	5	17	2	14	15	11	5	16	17	15	15	13	15	8	18	12	18
19	20	14	15	19	8	4	1	8	15	10	13	8	16	13	14	11	12	20	8
20	9	15	4	19	2	7	8	20	6	4	16	19	13	19	3	4	1	6	10
19	13	8	16	16	4	9	20	2	20	5	17	18	4	18	10	5	10	17	18
2	17	2	3	12	14	15	16	17	11	10	11	6	11	10	8	2	20	9	16
13	7	6	20	2	8	18	15	15	10	18	15	4	9	8	2	12	5	5	3
9	14	4	11	11	15	11	8	15	11	9	6	1	2	6	15	11	2	1	4
16	20	2	8	14	15	7	18	3	8	16	17	16	7	7	20	4	16	10	7
18	11	1	4	1	12	14	2	4	14	12	11	5	1	7	10	12	16	18	16
8	14	5	7	16	13	11	15	16	6	11	16	13	15	7	5	20	19	7	2
1	6	14	9	17	6	13	15	20	18	8	9	18	14	19	5	6	14	8	9
2	20	7	18	4	17	18	10	15	2	10	13	9	16	15	3	20	16	11	11
20	16	15	19	19	3	18	19	16	3	19	6	11	19	1	2	19	16	6	20
8	3	1	18	8	15	20	2	19	17	5	10	4	18	9	6	5	9	20	1
19	19	15	13	4	5	3	11	16	14	5	4	11	11	3	18	16	18	11	4
4	16	1	20	18	9	2	14	10	15	18	11	17	6	2	10	9	8	15	3
13	9	7	6	13	1	20	13	15	12	10	8	18	17	18	3	19	16	15	15
4	9	2	2	16	14	8	5	10	14	10	8	3	9	11	15	10	15	8	17
10	9	19	18	5	11	14	20	9	19	11	13	14	1	20	5	8	5	10	19
14	16	4	2	3	2	5	10	7	3	14	4	9	18	6	15	10	4	17	6
1	8	17	12	3	17	15	2	9	7	8	5	6	9	4	14	6	18	16	4
6	5	14	7	5	8	5	17	16	6	15	4	9	4	19	6	20	13	19	7
8	3	1	1	15	9	18	20	14	12	9	13	9	14	20	16	14	10	7	16
12	19	7	4	12	5	17	2	10	18	15	13	19	9	16	4	5	14	12	17
10	6	3	5	17	2	16	16	5	3	12	10	7	4	15	9	17	17	9	11
13	17	10	17	17	16	14	20	18	17	12	1	18	10	6	7	17	2	7	10
9	1	18	8	7	6	7	16	14	8	7	8	6	2	5	14	16	6	8	1
8	16	19	8	12	12	12	17	18	9	13	15	11	19	2	12	19	3	11	12
10	19	7	10	11	5	16	17	6	13	11	11	15	7	2	14	3	11	16	15
14	10	18	5	15	13	17	7	1	13	15	14	16	16	12	9	10	9	18	7
17	16	12	6	19	3	1	4	18	8	10	9	7	16	18	20	2	2	16	18
8	9	16	13	19	18	15	19	15	13	5	14	14	10	19	19	19	12	7	13
13	14	10	13	4	6	7	1	19	12	8	8	14	20	19	8	20	20	8	1
8	2	10	5	3	16	16	18	17	20	2	10	15	4	6	15	20	3	9	13
11	14	1	4	6	17	1	14	11	12	20	20	5	6	5	11	4	6	10	9
11	10	4	19	11	18	14	11	14	5	8	17	11	16	10	15	1	6	19	6
15	2	7	6	1	3	6	10	19	16	11	15	14	20	2	2	10	2	14	9
4	11	1	7	4	3	9	10	16	11	10	19	7	4	15	10	3	19	19	9
12	4	12	19	14	14	4	11	14	9	5	20	13	11	3	4	1	1	3	18
14	17	14	9	6	13	8	10	6	13	20	12	4	5	17	1	20	3	13	10
20	19	16	8	6	11	6	17	2	11	9	3	16	2	15	16	11	4	14	1
6	15	6	1	9	13	17	8	15	3	5	19	8	13	18	15	1	7	3	15
7	12	8	15	5	18	16	2	10	1	10	16	9	12	4	6	14	15	19	14
15	18	2	20	7	10	15	3	5	20	16	4	2	19	14	15	8	11	17	11
18	15	18	14	13	9	11	16	10	13	2	6	8	10	1	10	10	8	8	16
3	13	18	10	6	7	15	11	18	10	19	3	19	9	16	20	20	9	8	19
20	20	14	12	19	11	17	12	19	5	5	20	3	2	9	5	18	9	9	7
14	20	18	20	15	20	7	20	14	1	10	2	20	10	16	4	19	6	12	15
10	3	12	14	6	19	20	18	20	12	3	12	20	2	6	20	2	15	18	19
4	18	19	18	15	3	1	14	6	5	6	12	17	14	17	11	8	4	15	16
20	10	20	2	19	19	2	18	5	17	2	5	8	13	12	12	5	15	19	3
19	6	12	16	7	11	16	7	5	15	12	18	20	3	20	14	19	18	20	17
2	3	10	10	3	1	5	4	2	5	7	14	6	13	18	15	18	4	16	9
3	16	13	10	5	4	6	6	14	18	14	8	15	3	2	16	16	3	13	6
7	13	5	20	9	18	13	8	5	6	17	15	2	12	14	6	10	1	5	20
16	19	10	5	12	20	20	4	12	2	19	15	12	10	2	11	12	13	2	8
12	19	1	9	2	19	6	4	9	16	7	16	19	14	11	8	3	20	9	10
19	10	16	4	7	3	4	12	10	3	14	17	20	18	8	17	18	1	4	13
14	16	15	16	16	3	16	18	20	15	9	12	5	12	9	2	3	18	2	20
16	14	14	6	3	10	17	2	6	15	11	2	17	16	16	4	15	1	9	5
7	6	13	16	15	3	13	8	9	7	15	20	20	5	18	20	2	9	14	6
7	15	12	5	4	7	15	9	16	6	7	2	10	18	13	10	1	19	11	20
18	9	13	20	20	11	3	13	19	17	2	6	8	4	19	13	14	8	12	9
8	4	12	4	20	13	11	2	12	8	19	4	19	14	8	18	2	13	6	14
4	2	10	20	4	1	15	7	20	1	16	13	7	3	12	15	18	9	20	8
1	1	2	12	18	19	8	14	16	1	12	2	3	19	5	7	14	13	1	19
18	4	3	12	12	6	17	16	2	13	20	13	14	18	14	4	1	19	3	6
13	1	11	19	10	15	11	9	18	6	1	6	9	1	10	17	18	11	20	12
3	12	12	4	1	19	9	6	6	2	6	16	11	16	6	17	13	5	2	17
16	8	18	17	13	15	5	13	8	17	6	10	19	11	3	2	9	8	18	11
7	5	4	17	20	6	16	14	15	14	4	13	9	4	17	15	15	16	11	7
15	16	18	9	16	16	18	20	13	5	8	6	8	12	11	11	4	2	17	8
20	11	18	15	13	13	2	16	15	9	8	14	17	11	17	11	8	16	2	4
8	16	1	10	6	19	6	18	13	6	11	13	20	4	7	4	19	4	16	3
15	3	6	5	18	15	9	17	16	1	4	9	20	13	20	5	11	8	10	15
8	5	3	9	18	15	14	13	5	13	13	4	20	19	10	6	10	17	12	11
11	9	2	13	3	2	14	8	5	3	14	11	15	1	15	11	20	18	7	4
2	16	13	3	8	20	10	1	4	15	15	15	16	19	5	20	3	11	7	16
1	7	9	3	20	3	10	19	5	20	6	13	10	9	10	15	17	20	5	3
13	13	5	10	8	19	15	16	17	16	8	10	11	11	3	15	7	11	4	6
10	11	17	4	9	3	5	8	9	10	3	4	6	4	4	9	3	20	16	1
9	15	3	9	12	17	2	19	6	15	9	7	16	20	14	3	17	1	1	5
15	7	8	7	14	5	4	7	8	15	13	8	15	4	17	16	9	9	13	13
1	6	3	14	2	17	8	6	11	2	13	2	19	11	6	2	7	16	16	7
13	16	12	11	3	1	12	13	3	18	14	8	8	9	5	9	5	14	6	17
18	18	17	7	3	11	10	5	18	15	9	14	13	7	20	6	15	12	12	1
6	16	4	13	8	5	15	10	6	18	18	14	10	19	10	16	19	6	9	12
12	7	16	8	10	1	15	2	9	20	15	13	2	5	12	3	15	4	19	19
17	20	20	1	18	15	4	15	18	5	7	9	4	20	10	19	1	16	4	7
10	13	2	7	3	6	12	6	8	7	1	15	7	11	16	12	8	16	11	15
18	1	5	5	13	7	10	3	16	13	3	20	1	13	9	5	19	13	18	12
4	18	7	11	4	13	3	14	4	18	12	6	5	10	9	9	8	17	14	17
17	10	11	16	5	2	15	14	2	12	14	15	18	20	12	20	15	15	1	1
4	16	19	18	1	18	16	12	4	1	17	2	19	1	16	14	8	12	6	2
19	9	12	13	5	18	8	5	18	9	15	14	16	14	13	1	11	13	15	8
7	3	10	2	16	13	16	17	5	18	12	3	9	19	3	16	4	7	14	3
10	11	14	15	6	3	6	6	9	15	4	16	17	19	16	16	19	11	18	12
3	11	1	1	18	12	5	18	12	17	17	4	20	12	18	17	10	15	16	13
7	11	9	10	14	17	7	11	4	7	18	14	10	2	1	20	10	14	18	15
19	9	14	12	19	20	16	5	1	20	6	4	16	6	6	13	3	12	7	1
6	14	14	5	20	4	15	18	12	19	7	17	18	2	14	19	17	17	12	14
2	2	10	5	1	15	18	5	17	9	17	19	7	18	10	5	15	9	13	15
6	18	13	3	13	10	7	15	12	7	16	6	20	14	20	4	4	10	4	5
6	11	2	4	2	9	10	20	13	10	4	8	5	17	9	4	10	8	13	12
9	4	13	10	13	11	19	14	19	6	1	6	5	8	10	15	17	10	1	4
20	7	3	3	4	8	2	4	5	17	15	16	18	13	17	3	18	12	11	11
10	17	2	7	9	18	4	18	8	14	7	20	8	9	12	2	1	11	7	5
10	16	9	2	12	6	9	13	11	7	17	5	19	10	15	4	5	17	15	6
5	5	17	12	10	15	9	9	2	15	2	8	6	7	2	15	9	20	15	4
9	11	7	1	18	2	1	19	15	9	17	5	17	1	20	6	19	18	13	18
17	20	11	17	5	10	20	13	9	20	15	6	3	11	17	14	19	16	14	9
14	10	15	14	18	18	11	6	7	16	16	12	8	17	7	10	1	10	16	8
3	9	11	15	14	12	3	6	4	7	8	4	4	5	4	8	6	18	19	8
20	14	6	13	4	4	18	6	5	8	14	9	1	7	6	5	20	20	20	7
16	5	2	1	8	13	9	4	14	20	4	3	12	8	9	9	3	18	12	11
14	17	2	16	13	20	3	17	19	19	8	6	18	12	13	15	13	6	5	11
15	15	13	6	5	12	17	13	19	17	3	2	9	10	13	19	4	6	8	9
10	12	5	15	12	18	5	1	16	14	17	17	13	1	16	20	5	16	12	2
4	11	19	2	17	7	18	9	19	14	12	7	19	17	2	4	10	18	14	7
7	17	17	5	1	6	9	8	14	14	14	8	14	7	5	20	14	4	19	6
1	16	2	2	3	10	19	16	20	13	10	8	3	6	15	8	14	14	1	12
18	11	16	5	1	4	14	12	13	2	11	7	20	9	7	11	15	16	3	12
7	13	8	2	4	7	6	9	13	18	6	20	3	8	9	10	1	17	2	19
16	8	4	18	3	4	9	15	20	4	13	19	11	10	5	5	3	14	2	15
19	6	19	15	17	11	4	12	20	17	11	19	14	4	16	20	10	11	20	1
18	11	9	10	6	7	9	13	3	4	8	7	16	7	20	11	9	10	2	12
1	17	15	4	14	14	5	7	14	6	16	13	15	1	17	8	17	10	9	11
2	11	10	17	9	4	4	8	5	5	11	1	10	8	1	2	17	6	17	13
2	3	20	18	9	15	13	15	10	13	15	19	1	11	11	10	8	19	15	10
10	18	3	10	15	16	4	8	1	16	12	12	14	17	10	20	12	12	8	14
12	10	18	12	11	12	1	19	17	11	14	19	11	7	3	4	20	11	3	14
12	5	14	14	1	3	6	4	2	12	18	16	11	1	19	1	1	12	19	3
16	6	11	11	3	13	1	7	15	6	1	2	9	15	3	7	16	4	11	8
7	17	17	6	14	18	8	11	9	2	4	9	12	20	19	7	14	4	12	8
3	19	9	16	12	17	7	16	18	12	5	17	1	11	17	19	9	6	18	5
5	11	19	14	3	12	10	10	17	17	13	13	12	4	6	9	9	2	14	17
11	13	13	17	17	7	9	1	4	20	19	9	7	8	3	13	20	16	14	20
7	18	20	2	20	13	5	18	6	8	11	7	12	1	14	13	18	3	17	16
4	10	6	17	18	5	7	5	1	13	9	13	8	15	11	14	14	11	17	5
2	12	15	16	10	12	17	6	14	11	15	17	20	18	16	17	13	3	5	15
6	1	17	13	19	18	20	18	11	1	20	7	6	12	15	13	15	10	8	7
9	2	12	10	19	13	13	10	19	14	1	11	7	3	20	2	15	2	18	12
13	19	16	14	11	9	12	8	4	4	3	3	16	18	7	5	10	8	15	7
6	10	20	17	20	9	1	4	13	14	19	13	13	16	15	10	6	18	19	11
2	6	7	16	12	19	16	9	17	16	12	7	7	11	7	3	20	19	14	2
8	8	16	11	5	10	11	1	4	17	19	12	9	5	6	20	4	4	6	2
14	12	8	18	2	12	6	2	9	12	11	7	5	18	3	14	10	16	11	2
