10	50
18	16	14	20	18	1	11	13	6	17
19	17	11	19	8	16	4	18	7	6
19	9	15	7	9	12	11	13	3	6
9	3	9	2	19	2	3	11	7	7
16	16	7	18	5	3	11	8	11	15
16	12	14	3	6	10	2	8	12	6
10	18	10	20	8	16	9	10	20	6
14	13	11	20	11	4	3	17	2	6
2	3	3	9	11	18	10	6	16	10
1	15	20	1	18	18	6	7	10	9
15	2	9	5	1	4	1	14	13	2
8	5	6	6	5	7	16	2	10	11
7	3	14	10	6	19	13	11	3	13
19	16	7	14	12	1	15	18	8	8
17	16	14	15	3	16	9	14	16	11
3	4	17	20	3	13	8	19	20	2
11	11	12	20	4	12	19	13	15	5
12	18	15	3	15	11	9	20	7	10
11	20	15	13	10	15	19	8	11	20
13	17	19	6	17	7	5	15	12	12
18	16	19	12	19	6	10	15	5	13
4	9	12	10	12	11	16	19	10	9
13	11	3	16	13	16	19	9	6	9
6	15	8	16	13	15	1	4	14	5
6	5	3	19	16	4	6	9	14	6
11	6	5	3	19	7	14	4	19	4
7	1	9	17	7	9	1	16	17	17
11	13	6	6	4	9	9	4	1	9
11	11	16	20	18	20	11	6	17	7
2	18	5	11	18	5	16	6	12	7
3	10	12	17	16	19	1	19	20	11
19	11	4	10	13	17	6	9	20	8
19	16	20	11	16	14	8	15	9	19
13	3	12	14	7	2	19	19	5	20
19	13	6	7	8	11	15	15	19	1
20	8	7	5	9	8	10	1	2	2
11	7	10	1	19	17	19	10	4	12
19	8	4	20	9	6	10	13	4	6
20	13	17	8	20	6	16	7	5	20
12	18	18	3	9	13	3	6	9	12
12	5	12	7	3	13	4	8	16	3
18	18	18	17	3	18	11	3	1	14
1	12	5	5	20	2	11	1	11	17
4	5	5	12	14	15	2	10	6	8
2	9	12	3	2	15	20	2	1	12
2	1	5	16	11	1	20	7	8	1
2	3	17	20	19	14	13	6	3	8
16	1	17	14	12	13	1	3	3	6
2	9	1	20	15	4	20	10	2	14
16	16	3	6	6	20	12	13	4	9
