10	200
30	45	7	19	16	20	87	91	9	57
61	22	45	77	98	54	17	55	31	82
97	60	13	46	66	31	65	90	5	18
13	7	58	9	20	77	43	68	67	32
81	97	6	33	51	99	51	24	54	44
32	69	39	23	91	71	32	61	53	86
55	97	87	91	44	54	65	37	57	21
12	49	89	99	2	100	54	80	96	68
80	42	37	62	87	45	69	36	18	50
46	83	16	82	78	84	11	16	90	98
35	15	68	33	32	83	80	40	22	91
17	52	65	85	6	14	60	26	5	99
86	29	19	8	76	30	34	8	22	18
90	39	91	99	34	66	74	5	30	4
66	29	15	28	33	94	18	31	76	65
25	86	12	91	13	6	97	60	57	3
50	72	19	4	2	79	62	67	51	41
40	56	97	1	34	57	15	91	75	83
12	3	33	58	94	5	27	100	87	29
69	15	48	27	55	94	10	11	26	55
33	51	80	36	25	69	90	12	58	56
92	6	86	75	91	47	40	62	11	98
52	62	81	23	72	26	8	70	46	41
47	4	66	20	50	62	23	97	33	25
16	16	43	31	37	63	29	74	37	9
54	49	1	29	4	71	71	57	64	100
62	20	66	17	9	88	41	67	25	30
24	44	30	86	83	36	20	50	87	10
97	34	34	38	87	99	4	37	16	80
91	66	33	33	64	96	50	26	23	49
23	63	49	7	85	11	20	15	46	69
51	21	71	55	3	28	87	29	30	11
85	4	51	46	39	59	11	97	23	87
86	95	27	38	87	35	86	27	53	77
79	89	92	48	29	70	95	79	30	37
10	22	96	13	65	19	13	4	68	26
1	24	93	60	83	57	95	34	68	69
42	60	76	54	32	96	13	3	18	70
64	32	67	86	78	65	100	15	74	69
23	82	59	27	77	56	97	33	66	72
76	62	12	62	95	50	46	42	81	69
7	10	86	99	63	69	57	7	82	19
58	80	60	100	46	60	1	49	78	77
100	81	37	46	94	2	21	6	91	28
19	58	35	5	63	13	97	60	65	8
99	90	51	48	15	97	2	13	16	35
50	97	65	4	69	26	74	41	6	61
49	52	17	55	100	100	46	55	38	33
64	41	85	70	78	11	30	90	31	98
100	9	90	57	79	22	93	31	37	37
40	57	55	4	60	48	74	97	48	15
52	48	75	84	71	9	13	96	26	59
97	84	10	9	61	40	62	60	76	79
8	15	19	1	93	8	87	81	10	31
37	34	42	16	46	53	34	7	86	70
9	97	5	78	41	57	47	46	44	20
87	14	21	70	8	37	29	74	91	64
23	33	87	96	22	63	42	94	63	9
7	56	75	7	70	11	10	42	61	37
61	41	38	90	45	24	13	73	9	10
25	60	16	23	48	77	11	10	56	78
15	54	84	36	14	31	40	15	1	98
27	87	14	54	3	82	96	97	52	99
51	70	85	54	84	48	40	52	59	93
100	1	86	84	23	8	58	3	77	14
85	99	73	12	83	38	47	63	21	66
82	15	58	57	28	46	69	31	52	67
91	88	56	8	98	27	1	30	32	95
25	93	21	39	15	52	98	74	71	46
1	78	32	94	12	86	43	30	57	77
39	27	51	10	23	98	43	65	14	56
37	17	31	26	41	89	95	20	43	76
48	96	60	6	66	13	56	63	96	13
85	72	74	55	57	98	43	11	16	18
10	33	60	16	9	84	48	7	53	24
91	23	87	81	30	44	68	46	45	10
42	81	69	2	72	66	44	76	70	44
47	84	5	26	67	15	36	45	97	82
66	49	10	73	22	62	86	93	26	13
31	98	67	6	76	30	64	59	44	44
41	72	38	10	78	7	19	61	15	15
9	24	49	63	45	94	71	97	80	10
80	52	51	57	14	49	18	99	50	38
52	77	1	53	42	95	11	1	95	15
44	25	78	12	5	7	49	5	62	83
59	68	79	35	65	90	21	82	97	29
90	20	12	78	64	32	24	96	21	50
83	71	2	65	66	56	74	40	53	7
1	14	38	68	79	84	99	66	89	53
74	30	5	67	26	25	14	100	49	74
84	54	84	12	1	89	66	14	69	10
16	82	30	91	29	77	82	44	100	80
34	58	7	69	77	53	66	36	40	42
42	74	92	79	23	47	31	26	68	91
19	85	97	80	37	93	1	15	39	50
43	70	1	69	41	27	48	15	36	48
23	31	75	28	68	43	91	51	68	82
46	57	77	9	62	49	61	28	33	85
52	52	98	91	99	72	74	23	39	97
100	16	91	20	68	88	10	70	13	95
2	51	47	57	4	87	94	92	8	92
66	21	83	52	96	71	33	85	29	96
70	68	12	71	83	31	66	57	42	74
39	91	15	39	83	2	5	42	87	13
79	82	16	47	32	80	33	39	24	98
55	26	42	17	26	35	39	77	74	73
21	37	51	34	53	75	6	45	70	95
66	92	98	17	18	88	53	65	40	4
98	28	34	44	19	13	50	99	14	49
64	29	68	15	92	42	31	82	95	57
75	89	70	30	32	64	29	25	100	38
82	74	37	71	75	94	4	7	16	41
25	7	32	22	31	37	25	83	25	76
57	71	71	84	29	9	58	4	12	56
84	25	100	76	67	91	93	98	40	99
39	24	67	55	32	68	58	49	99	96
40	47	1	24	81	11	3	54	42	67
36	100	95	60	57	1	8	56	55	41
45	27	44	26	38	33	5	17	53	62
52	10	5	17	17	38	25	76	96	56
88	39	56	74	64	39	30	7	99	32
61	3	94	59	51	13	3	75	87	48
7	86	2	81	15	27	95	78	44	19
76	32	60	100	54	6	71	71	63	100
4	99	19	21	1	49	16	47	67	4
36	50	90	48	50	2	38	76	59	37
44	52	63	80	56	30	43	95	6	45
42	33	13	88	44	8	68	81	80	67
11	49	12	41	84	27	42	12	50	52
68	95	12	26	56	53	37	39	66	71
7	22	42	22	63	3	38	3	5	43
35	58	97	93	27	96	40	23	97	30
89	31	45	54	77	47	21	87	32	91
72	29	16	9	61	89	7	90	78	81
90	39	8	8	18	11	99	20	99	61
13	14	43	37	83	76	77	89	46	16
82	51	72	14	71	6	43	88	33	39
90	51	45	16	41	50	24	38	37	67
49	2	88	72	78	58	87	79	26	85
13	19	45	63	99	39	68	94	37	12
69	11	88	61	72	63	70	27	97	34
52	40	52	79	68	81	64	100	36	14
20	64	63	48	27	72	6	82	18	2
82	30	1	26	98	38	15	27	1	16
89	60	83	93	34	73	67	66	96	19
76	68	58	24	92	6	49	40	35	100
57	88	10	95	52	22	39	27	82	30
66	37	100	21	25	60	81	70	15	54
5	41	87	99	27	14	73	77	34	93
90	75	93	1	59	1	51	89	42	12
35	41	85	67	53	39	69	38	99	33
26	80	26	82	96	17	2	11	68	38
50	63	93	89	40	92	44	100	63	25
9	92	29	4	19	64	56	21	47	88
46	35	78	2	68	11	49	11	5	42
100	41	21	4	62	72	49	96	27	61
95	70	76	75	24	34	51	23	63	32
61	82	65	81	92	15	85	91	22	30
43	34	95	21	26	69	71	25	42	48
16	61	94	86	93	77	60	3	79	34
60	27	49	73	81	19	77	41	12	47
88	58	75	97	19	62	76	56	50	55
63	27	81	16	17	1	88	79	88	16
56	82	12	88	71	16	85	22	40	8
93	31	13	95	61	58	86	98	67	31
1	5	54	25	72	34	46	34	57	80
31	98	54	97	92	6	46	87	27	3
78	54	16	43	63	33	15	87	56	60
16	91	12	57	16	51	29	88	17	38
71	52	66	60	77	95	77	17	4	55
12	100	71	65	54	48	89	11	63	39
19	60	78	97	65	41	86	97	81	42
77	59	71	90	33	26	89	57	66	68
56	98	83	1	48	16	20	48	4	69
62	18	26	78	19	12	74	69	95	37
9	80	36	62	79	54	30	82	33	29
59	33	46	95	83	22	77	78	50	50
21	39	94	13	81	60	33	93	72	22
52	21	62	30	59	77	63	21	23	95
87	39	16	75	10	29	73	32	95	97
35	97	20	46	17	71	87	23	82	19
21	37	11	12	77	39	71	16	36	7
60	56	56	55	63	82	24	19	4	52
88	2	98	75	87	55	1	17	14	89
90	40	39	4	75	51	29	5	99	72
59	57	96	89	38	79	42	65	84	35
48	68	20	31	32	19	39	36	25	22
38	55	3	47	17	20	18	52	80	12
54	19	21	33	94	31	7	10	37	9
14	36	34	79	42	23	21	9	72	56
12	93	80	77	34	5	55	49	72	19
62	91	86	72	82	29	47	87	38	2
13	29	100	16	9	2	21	24	6	95
99	9	80	24	1	61	39	45	100	89
76	58	39	18	48	24	51	63	98	14
76	35	71	71	44	83	93	64	68	32
84	31	44	77	21	53	11	62	71	21
90	3	88	49	26	56	91	82	69	86
51	59	27	93	19	65	39	9	81	18
68	76	77	68	6	45	14	62	98	95
