5	100
13	23	49	24	12
29	28	8	31	45
32	43	48	15	29
21	33	1	14	4
28	48	36	33	20
47	26	47	4	16
2	37	5	23	36
13	6	16	37	4
28	32	6	50	7
6	26	47	29	29
19	30	17	42	38
15	37	16	4	15
4	32	4	16	44
46	39	25	29	17
16	17	14	10	27
47	43	37	26	15
22	29	18	26	48
22	20	14	35	22
26	41	13	23	1
46	28	40	6	12
17	2	18	12	14
2	16	7	15	42
23	50	40	39	44
25	15	29	19	22
26	26	40	8	42
26	5	42	10	31
19	3	32	15	49
20	12	6	12	46
6	13	49	43	49
26	1	24	29	27
32	50	22	34	36
41	12	10	21	39
47	25	48	35	24
21	19	26	40	24
13	9	17	23	17
14	28	47	10	17
25	32	13	34	49
19	32	48	29	8
9	3	36	24	50
32	15	15	20	29
7	25	34	6	14
24	33	49	18	23
14	15	50	5	14
16	12	15	36	5
39	22	48	33	16
11	24	44	24	36
49	14	28	32	10
50	48	8	20	26
37	33	30	6	45
45	3	31	10	35
21	1	29	16	40
36	28	2	40	4
50	39	26	33	25
1	38	19	45	14
18	4	45	10	18
6	42	43	38	22
8	43	35	39	16
49	35	12	42	25
23	47	18	17	26
48	8	48	31	45
7	34	37	46	18
17	6	20	48	34
44	36	15	19	46
8	5	37	18	27
16	26	28	20	42
22	36	29	34	21
49	44	12	43	15
24	6	40	22	49
43	16	15	8	32
38	33	50	21	19
44	21	31	5	30
32	7	17	4	47
32	27	36	28	36
50	25	22	5	22
2	15	16	19	34
1	12	20	39	5
40	37	8	16	27
28	14	7	14	33
18	40	36	26	18
17	31	37	23	32
14	11	45	50	18
29	6	12	22	30
21	38	29	50	7
45	20	21	1	9
37	18	8	23	5
13	30	41	2	18
20	25	48	8	42
29	43	9	48	48
23	2	36	35	13
30	11	36	19	23
47	11	36	14	46
46	4	23	45	6
50	15	11	4	10
47	41	21	9	29
3	12	23	4	37
35	33	23	10	26
2	45	23	29	21
10	39	34	13	46
25	20	14	43	49
8	41	32	26	16
