5	50
28	76	27	48	42
90	21	4	54	61
65	32	72	66	59
63	80	14	23	69
27	42	76	74	64
100	44	93	54	15
31	77	13	61	70
29	59	85	97	41
35	1	37	82	41
53	75	17	92	17
38	76	58	14	57
87	100	53	84	43
46	28	51	40	31
88	19	11	97	30
4	95	17	83	34
27	5	95	33	12
25	27	2	37	77
55	20	99	5	83
30	6	2	55	95
8	51	97	51	54
34	65	21	62	14
44	59	76	80	30
83	5	20	73	18
20	26	15	64	76
69	21	7	14	100
98	94	63	88	27
76	8	44	80	79
61	7	40	23	34
96	44	20	75	1
26	87	30	37	76
82	37	34	75	85
14	59	7	63	16
50	96	89	54	55
75	61	40	95	58
14	86	92	31	81
25	1	32	14	75
12	65	27	13	45
40	75	69	96	65
3	100	78	8	84
100	56	66	21	27
65	47	35	79	62
96	45	3	95	61
13	27	94	88	5
85	70	76	9	16
1	92	45	30	56
14	9	85	47	81
69	35	12	87	10
66	30	49	51	49
95	72	75	35	53
76	7	90	3	99
