20	100
8	33	30	43	32	47	29	22	17	14	47	3	50	36	2	24	42	38	34	32
13	17	8	3	43	39	36	45	22	27	37	30	48	14	46	25	39	43	7	11
19	49	10	20	20	38	39	37	7	15	50	14	39	6	24	41	26	28	50	43
11	35	50	40	27	17	6	37	41	27	36	50	31	24	14	14	8	38	33	6
50	50	38	7	28	23	42	42	41	5	50	12	43	14	50	34	49	20	44	3
33	3	47	31	30	50	33	16	43	10	34	38	45	45	44	12	48	43	12	5
26	15	46	37	28	24	8	18	24	30	16	38	45	31	23	48	3	8	28	29
40	27	50	31	21	12	17	48	21	38	37	7	9	40	28	19	7	11	4	6
42	16	42	13	45	46	43	15	22	47	9	40	16	34	15	49	15	15	16	16
7	10	47	36	43	9	30	6	3	5	41	43	4	22	37	25	35	37	37	26
20	3	26	25	30	48	41	26	25	29	4	42	45	39	49	33	19	7	20	36
17	38	12	18	6	16	36	44	47	41	15	29	29	40	47	5	34	23	7	46
19	5	31	25	2	49	48	16	23	5	6	29	17	1	9	32	42	9	19	14
12	47	29	35	15	25	14	6	42	45	49	47	50	25	18	13	7	37	17	8
18	21	22	43	35	36	12	28	32	15	13	26	5	44	35	22	26	46	10	27
36	43	24	28	6	10	30	43	34	47	25	6	43	12	46	41	26	36	50	30
14	36	24	28	33	23	42	7	40	47	37	12	27	40	22	26	47	45	37	26
7	20	45	36	40	7	34	44	49	44	47	40	46	31	14	1	20	47	45	34
18	24	3	37	10	14	29	3	40	21	45	32	50	25	23	44	41	39	38	26
40	49	8	47	1	47	16	46	27	22	7	50	50	4	9	34	18	8	26	27
29	31	4	29	49	15	41	22	9	20	10	31	10	19	44	19	16	7	37	13
49	33	26	18	14	46	32	46	16	40	27	33	14	11	48	10	46	30	48	36
7	44	38	8	13	26	41	31	11	41	18	12	22	14	29	46	5	37	15	4
34	45	6	19	44	27	18	49	22	34	24	37	9	2	7	5	46	19	5	39
6	1	36	26	23	16	12	1	33	2	5	9	15	45	2	12	38	20	14	36
9	42	10	27	17	32	3	20	8	24	1	36	32	27	49	33	10	31	46	29
16	17	16	20	30	15	22	15	50	45	18	26	5	20	30	14	42	9	9	41
13	42	43	10	2	19	27	39	46	19	3	8	24	36	21	42	27	40	48	2
11	39	21	13	7	25	32	13	47	36	42	1	22	6	16	24	25	6	18	11
39	33	19	31	42	10	3	19	50	38	38	2	12	8	31	25	22	31	4	28
38	15	43	11	28	2	37	19	21	47	18	21	23	38	14	29	20	40	21	47
23	13	14	10	48	40	40	15	25	42	3	44	3	41	23	24	41	9	3	41
24	34	49	4	20	17	30	25	44	3	5	32	10	7	5	26	2	33	13	38
13	23	44	29	44	24	19	32	16	41	38	12	37	31	24	39	14	11	40	32
11	16	21	23	37	22	35	46	36	47	23	8	46	16	28	2	41	21	10	47
49	49	9	4	15	44	45	29	34	17	12	41	44	32	28	48	2	22	42	22
40	23	46	19	18	31	16	22	4	23	49	44	1	44	34	13	7	18	8	44
27	7	12	20	35	32	14	15	38	30	50	19	29	38	7	26	3	41	36	35
29	24	26	12	18	19	41	1	49	16	42	34	14	49	46	33	12	26	34	36
17	1	34	24	23	30	15	13	37	8	10	17	33	24	16	4	31	1	3	17
42	14	17	23	39	17	6	31	43	25	15	28	7	50	18	28	40	2	39	38
4	28	15	41	6	26	2	40	34	42	3	11	24	18	45	3	35	11	36	7
25	35	21	13	44	33	10	33	7	38	14	29	12	15	14	14	50	27	18	13
15	17	47	1	22	4	5	40	6	15	43	29	17	33	14	19	8	2	47	23
16	20	34	46	28	24	49	9	5	31	4	9	44	23	42	8	38	20	41	41
29	21	27	42	45	35	12	30	2	45	6	48	30	45	48	46	34	2	23	49
5	46	35	25	12	35	36	45	41	6	31	38	12	7	45	46	43	42	1	44
12	20	7	10	26	6	29	49	26	47	25	37	48	43	36	33	36	2	31	10
50	18	39	46	14	18	37	24	1	2	3	42	1	30	37	35	40	26	50	6
7	38	20	45	32	45	41	20	21	12	11	41	12	41	45	45	32	12	47	8
20	5	48	24	44	33	36	18	6	1	44	11	3	25	3	12	48	44	14	20
27	18	4	39	42	12	30	11	36	43	4	28	29	43	36	3	40	47	1	49
10	24	14	20	19	1	39	37	38	33	47	38	48	28	31	3	1	9	33	33
4	26	33	13	48	17	32	11	40	1	22	2	43	16	10	4	4	35	21	42
24	44	23	3	46	17	30	2	12	33	3	31	14	19	46	35	42	1	23	2
19	29	48	38	11	46	45	33	18	27	50	16	39	42	10	11	3	30	18	31
37	30	49	7	48	41	38	25	20	26	13	3	13	19	23	45	46	35	43	1
23	48	35	36	34	38	43	23	10	36	32	13	34	42	16	40	31	42	41	20
9	21	13	42	15	47	4	20	20	15	15	18	38	18	9	39	45	14	23	11
49	15	15	35	45	50	20	21	4	33	15	5	45	23	42	3	36	44	21	37
35	24	4	46	21	14	26	17	34	28	45	18	19	31	22	44	7	29	47	15
28	33	16	37	50	11	24	15	26	7	4	2	43	36	27	25	12	19	14	31
25	4	38	27	39	48	36	15	1	49	46	8	47	6	10	2	8	18	46	11
41	11	41	28	24	43	25	33	4	48	32	38	15	17	41	25	45	40	48	3
26	9	15	27	11	47	6	38	27	25	17	45	24	3	40	15	13	10	3	46
24	3	11	3	18	9	43	31	16	36	7	18	20	43	36	33	46	15	18	28
38	37	7	30	32	38	14	12	27	27	12	36	38	3	30	23	48	13	10	2
5	26	23	41	18	49	26	31	18	8	19	49	43	25	9	37	46	32	22	31
45	31	4	40	24	22	31	18	14	13	35	34	5	17	24	13	15	16	13	33
12	34	45	19	8	14	44	13	44	43	27	17	41	30	7	24	22	34	18	46
19	9	18	5	23	36	44	27	2	47	23	31	19	39	19	12	37	35	32	11
29	18	24	21	37	19	43	26	10	50	41	31	49	17	15	4	17	40	46	22
20	17	12	48	21	47	48	3	12	45	37	37	2	7	17	1	35	47	19	5
43	19	17	2	6	42	32	3	25	15	46	48	39	10	41	12	6	26	50	40
21	41	15	16	14	4	30	43	50	14	20	20	21	42	29	2	1	11	43	30
15	46	28	47	50	40	48	42	16	6	46	9	47	29	35	3	4	2	39	2
12	40	3	11	46	26	27	48	31	40	12	46	34	21	26	25	13	18	16	24
6	38	27	45	19	11	24	42	7	27	48	50	22	41	18	26	44	17	2	24
14	50	11	27	45	50	26	27	4	10	40	36	36	16	47	25	14	8	43	35
3	35	42	5	42	12	24	44	3	50	32	46	17	43	10	6	27	50	1	19
35	48	39	48	37	13	14	7	45	44	13	36	25	17	22	29	9	7	36	33
26	32	24	4	29	45	20	44	6	41	48	14	8	24	1	6	47	44	18	30
48	17	50	10	38	46	22	1	22	32	48	21	15	18	43	4	24	35	20	43
43	21	2	5	46	49	28	2	17	16	33	15	39	7	36	10	33	14	17	33
23	20	23	25	43	28	49	41	31	47	32	13	25	26	37	27	16	46	15	39
19	21	34	6	49	33	32	9	33	34	21	11	18	37	20	24	49	28	12	18
1	38	21	20	35	21	41	14	20	9	45	38	49	28	14	3	36	18	26	11
47	40	8	47	27	22	45	38	6	14	29	38	34	48	39	31	50	15	22	29
43	18	40	25	40	34	12	41	24	17	38	32	3	2	21	11	31	24	44	13
27	3	8	7	30	7	4	2	40	34	4	22	46	47	18	29	1	33	8	43
11	4	15	39	26	48	35	33	27	28	1	27	22	9	3	41	11	33	46	33
30	10	2	40	14	17	36	6	34	42	10	48	16	1	2	23	38	19	31	32
22	21	25	12	34	27	1	37	45	28	19	19	38	25	14	1	3	26	26	10
12	30	50	35	18	3	11	21	7	31	3	42	2	14	11	9	35	40	6	38
16	49	12	6	24	42	10	42	37	2	20	12	44	22	21	43	22	41	44	32
17	30	31	15	25	28	17	25	14	5	17	14	20	38	44	14	19	45	12	27
43	20	34	6	11	41	48	31	44	19	38	45	47	25	22	36	19	47	31	46
26	36	28	33	35	7	43	7	28	7	25	27	29	18	39	47	46	25	4	34
31	36	32	46	17	22	18	45	17	8	46	22	14	16	1	8	42	2	21	5
49	42	4	37	45	12	17	29	37	25	41	44	43	47	16	41	4	33	17	14
