10	200
77	35	49	89	16	13	26	72	80	51
24	22	5	41	70	40	51	62	35	16
3	97	75	81	42	28	5	39	33	45
26	78	13	86	46	63	71	12	26	37
62	16	16	74	26	52	51	88	6	74
41	12	96	39	10	80	60	69	48	89
9	87	39	36	26	46	10	19	95	7
70	39	36	99	54	88	82	2	55	90
78	17	34	60	4	14	82	75	77	67
3	2	65	38	28	75	77	81	49	80
43	32	94	99	4	2	76	97	85	23
98	59	14	58	11	92	54	80	32	12
64	35	43	28	4	68	75	99	71	79
11	2	53	76	48	47	24	35	56	2
38	86	90	55	70	45	88	8	28	37
22	97	49	37	16	8	89	66	96	36
28	78	26	6	12	97	6	39	11	64
69	19	25	31	74	79	46	89	59	60
80	68	72	35	58	14	53	17	60	41
58	59	40	20	74	61	60	84	43	73
39	50	98	64	68	3	73	19	64	38
62	1	7	36	57	61	7	91	49	98
44	90	80	70	7	11	79	5	57	14
19	63	46	87	21	31	70	8	68	56
41	35	53	23	79	58	52	5	64	14
54	70	36	45	29	50	71	28	58	58
25	69	62	51	19	100	55	21	16	26
91	99	24	94	58	10	37	57	92	49
59	75	41	44	60	50	27	2	58	72
61	43	51	11	32	73	73	3	4	80
4	32	89	39	23	56	46	43	88	20
13	14	36	9	99	50	28	18	92	70
73	54	63	45	66	48	48	14	63	85
37	35	54	13	46	28	86	3	22	5
4	85	14	39	59	47	7	43	12	82
45	55	12	35	7	50	69	45	73	75
8	33	81	4	83	79	61	24	64	71
64	25	97	87	66	88	41	25	86	19
42	6	2	81	40	83	23	19	6	96
60	42	31	47	97	72	5	11	57	81
86	83	79	42	18	21	59	25	70	20
10	44	60	54	34	2	31	100	64	100
56	43	19	68	12	23	95	50	90	94
83	30	69	5	34	59	28	60	63	20
24	99	50	87	86	16	83	77	14	96
41	6	47	57	26	44	65	12	31	96
26	9	35	76	37	80	76	55	21	75
75	72	37	45	77	58	93	33	82	96
40	18	36	95	54	78	84	12	80	90
95	17	30	67	94	16	64	74	50	7
40	29	57	39	22	70	69	3	81	69
52	32	30	36	57	9	73	41	23	60
97	64	76	32	81	59	42	71	51	61
94	19	83	76	56	12	62	98	73	84
9	81	32	12	38	63	87	95	11	86
43	24	52	91	10	76	54	25	59	64
28	99	52	20	75	33	50	54	80	45
47	76	68	39	51	16	33	64	94	18
72	48	60	66	19	71	68	93	67	80
59	38	39	10	57	11	30	13	37	6
14	34	15	66	40	68	56	13	41	95
44	90	32	41	93	80	39	87	2	5
66	57	88	1	87	10	38	59	83	41
87	21	27	89	5	38	34	95	27	52
15	55	52	73	36	70	6	98	18	77
72	44	12	33	40	57	47	15	80	30
30	98	30	100	9	24	63	43	37	55
47	45	60	50	90	11	6	16	65	18
4	40	42	7	69	43	9	94	49	49
92	20	16	97	22	18	25	53	64	13
7	64	62	63	31	27	84	62	44	30
52	32	50	62	27	91	56	24	32	66
15	69	95	88	64	27	30	63	29	72
87	54	52	52	12	41	78	79	77	42
59	48	51	20	97	61	70	54	71	31
62	2	21	99	98	38	69	75	100	4
98	21	33	73	44	99	80	99	51	87
14	77	48	90	7	68	19	76	92	3
58	76	93	99	10	85	33	53	55	74
72	4	80	74	45	39	15	78	77	99
81	72	4	85	17	86	55	32	92	31
20	94	83	97	46	23	29	35	63	59
67	28	44	78	15	11	98	75	46	69
53	41	99	93	23	87	73	9	82	25
31	1	61	25	55	78	21	83	28	22
10	81	16	18	33	53	28	26	70	7
88	80	87	24	78	79	96	91	74	59
50	21	53	38	28	67	67	20	23	38
90	15	47	24	59	72	26	82	61	70
60	47	39	76	38	51	14	38	47	76
83	31	10	69	73	90	29	78	90	66
87	8	3	32	17	73	34	64	66	7
54	14	30	5	100	3	82	78	1	77
53	30	74	48	56	60	6	78	51	69
44	48	92	95	84	52	44	8	59	65
18	50	73	41	23	69	2	5	69	70
9	51	77	14	14	58	35	56	77	58
68	56	13	97	63	6	23	35	21	49
60	75	19	37	60	3	58	34	25	88
59	1	10	82	61	93	71	79	82	27
17	89	31	2	97	63	38	76	78	17
46	67	85	21	11	34	32	40	54	11
100	1	32	89	99	67	47	32	36	70
35	45	54	95	32	71	44	18	41	97
66	82	57	8	42	92	17	89	72	27
61	32	25	71	27	16	58	43	3	30
17	7	41	8	83	2	14	90	89	40
91	15	100	57	46	19	45	24	48	7
51	58	60	9	10	4	21	83	69	17
14	2	15	11	81	59	41	49	26	41
79	28	1	32	37	47	32	68	26	8
71	35	96	97	80	59	47	32	99	79
82	32	22	73	26	89	100	90	76	87
78	97	98	7	29	23	58	29	73	63
73	53	58	61	46	80	7	19	31	23
13	10	51	48	60	48	6	29	6	48
47	42	92	39	30	75	37	89	69	58
2	19	60	36	7	29	75	61	27	47
83	82	59	54	74	69	47	51	47	81
17	29	23	25	17	31	61	19	31	71
43	18	51	74	21	95	51	15	42	31
74	46	2	60	66	65	83	39	65	62
29	87	42	88	41	73	97	36	20	76
68	56	31	56	4	65	32	86	33	80
19	32	10	17	8	72	28	64	59	52
48	23	54	69	43	57	77	63	34	49
98	16	96	66	64	18	15	46	56	1
34	98	6	85	44	97	78	26	81	69
45	34	77	68	29	46	3	62	14	48
89	69	53	85	83	3	37	45	53	90
57	83	8	58	19	50	18	69	26	47
79	51	83	65	4	65	39	28	37	19
16	54	33	8	13	65	46	22	3	41
60	34	73	91	12	63	26	19	50	79
28	34	36	67	70	39	87	88	81	18
64	10	8	35	75	4	51	100	46	55
5	96	66	85	88	46	78	93	54	42
40	21	79	58	91	82	18	66	39	75
78	58	41	86	77	50	26	39	16	9
13	26	73	96	74	32	69	52	79	24
61	95	35	40	78	44	32	51	45	94
86	85	62	72	77	48	56	80	8	38
20	40	77	45	29	15	48	84	84	59
13	67	87	15	14	84	24	2	8	34
19	76	94	22	23	29	65	2	19	27
77	89	44	42	5	21	18	90	11	64
97	49	67	86	81	20	98	47	58	93
25	54	73	75	20	45	46	55	23	1
50	46	65	58	82	25	23	46	11	93
67	34	92	45	37	71	10	8	41	4
31	18	44	27	3	24	17	70	23	61
75	63	68	10	14	51	84	10	5	57
98	52	36	66	27	91	63	28	38	49
36	39	14	19	70	32	3	38	56	59
9	53	24	51	18	4	67	82	31	87
87	1	4	85	7	80	83	79	100	12
62	89	32	74	26	37	49	49	41	82
49	47	55	46	49	45	28	85	48	24
25	81	98	52	63	35	35	30	13	91
50	25	39	44	98	20	22	51	26	82
55	18	42	49	39	41	47	58	37	62
52	98	31	77	88	81	91	80	12	91
2	20	36	51	33	24	8	11	49	29
23	78	59	67	69	7	40	50	14	22
89	77	93	52	39	52	94	62	56	18
29	42	40	36	80	36	82	91	16	15
33	36	10	9	39	74	39	65	9	81
41	42	67	90	2	26	27	85	12	81
31	47	56	31	100	82	39	24	88	34
26	50	34	100	90	54	68	85	13	65
13	30	54	75	78	87	76	50	35	54
9	97	80	36	85	86	81	79	9	58
36	16	78	75	56	92	9	67	100	48
59	43	73	47	68	1	94	81	54	13
6	89	89	34	26	29	70	99	16	4
74	89	77	55	30	98	52	79	20	87
79	9	51	88	96	67	25	33	68	84
93	100	26	96	53	48	27	45	50	28
22	11	52	97	74	70	66	19	18	71
49	16	61	68	35	98	39	2	38	59
5	37	31	32	12	74	64	81	3	83
71	8	29	93	65	68	57	54	14	27
1	6	16	97	35	77	40	58	62	56
9	26	7	91	23	85	80	21	86	100
7	86	16	36	100	42	88	69	3	67
41	85	88	12	59	99	22	34	98	35
35	6	20	48	74	45	1	38	70	80
88	37	69	15	20	16	91	81	98	94
90	72	55	95	15	24	39	96	33	25
64	47	23	52	66	1	66	69	62	56
41	50	99	23	80	4	17	74	92	44
9	42	37	5	45	64	51	26	33	50
6	6	6	46	17	42	15	18	49	19
50	22	19	42	53	41	73	32	16	12
8	66	5	90	16	23	10	19	7	2
50	40	36	13	50	36	45	53	7	38
90	99	25	73	94	87	23	95	52	4
91	19	11	22	42	41	2	17	30	94
32	96	11	47	69	11	87	7	93	18
96	20	26	78	23	9	42	32	96	30
