10	200
58	15	98	92	58	4	1	80	81	63
28	99	3	9	75	98	5	91	82	3
14	73	73	62	15	59	91	45	24	100
93	31	24	7	8	95	60	44	98	59
70	11	47	30	62	75	53	25	33	20
10	65	34	52	57	86	42	36	77	100
14	57	57	81	70	97	76	97	2	80
38	61	94	23	33	4	26	43	1	40
6	66	12	4	91	29	97	72	51	22
54	24	68	99	46	14	54	66	60	65
100	57	24	54	82	49	72	11	19	54
60	99	36	37	94	48	46	53	91	42
100	4	46	80	27	15	94	95	78	20
50	60	84	36	41	50	43	59	22	42
58	87	53	98	63	55	89	31	5	98
69	2	76	19	65	96	11	44	27	68
56	77	34	100	4	100	16	100	96	44
6	88	31	49	84	14	52	49	18	72
27	63	91	80	51	49	85	65	71	46
40	99	32	55	87	82	53	54	94	63
40	89	35	61	93	82	71	27	36	51
45	62	27	55	42	93	86	54	49	56
16	51	29	51	5	7	56	77	63	3
62	98	56	55	33	39	28	31	88	70
78	58	30	21	2	79	72	77	14	94
96	100	5	38	48	89	60	85	57	86
26	94	65	34	90	47	6	73	23	4
66	56	66	79	78	58	22	9	50	26
35	79	64	69	7	62	94	18	8	44
79	44	74	2	45	85	94	96	31	55
73	100	55	10	29	41	34	26	60	90
68	51	35	31	52	47	30	97	27	29
54	88	66	80	25	22	82	65	35	94
64	26	79	95	53	36	25	54	40	66
28	68	58	18	76	28	9	43	51	98
55	98	69	3	2	85	35	75	86	7
59	70	92	67	27	42	73	41	79	16
23	77	57	62	1	86	31	48	4	97
14	39	14	38	40	67	57	77	94	68
2	51	69	33	7	59	77	92	92	34
56	69	65	35	76	79	41	8	2	16
55	87	72	89	94	21	57	54	28	60
86	96	47	11	15	73	8	24	55	43
10	39	57	70	42	45	74	79	63	61
26	49	75	78	14	15	79	80	40	87
3	23	64	32	49	60	22	54	21	4
71	18	54	60	7	16	30	2	48	49
47	78	92	67	35	37	22	70	98	100
94	29	85	68	41	87	75	26	22	82
24	20	59	59	91	9	96	15	71	98
85	78	32	91	41	25	31	98	98	12
39	52	57	21	10	43	33	87	20	20
41	5	81	67	26	27	19	33	77	26
42	7	99	1	15	16	97	95	28	16
57	78	28	10	44	72	64	39	49	49
77	9	95	52	57	81	98	66	65	14
6	98	22	72	71	32	53	57	6	95
46	38	59	5	64	64	78	71	24	55
63	81	84	28	50	33	12	48	44	35
18	31	31	14	10	59	57	56	39	12
19	8	33	55	3	39	51	91	89	94
4	27	43	10	51	26	15	94	23	38
20	6	13	72	77	16	7	46	95	5
8	22	33	12	36	56	49	30	26	11
83	22	60	51	32	92	89	21	63	85
45	63	34	1	92	14	95	61	78	88
32	6	96	84	86	82	95	32	74	96
77	85	68	13	56	99	47	63	41	86
27	87	83	11	61	45	88	32	20	23
61	88	52	39	79	78	26	76	65	50
97	57	47	68	9	60	95	22	46	93
68	33	21	92	61	46	24	86	23	42
95	64	12	52	35	89	33	30	34	79
74	71	98	91	90	71	40	15	3	2
50	67	87	27	56	29	67	60	78	33
54	40	53	24	56	34	46	96	34	20
27	66	88	67	20	98	36	31	3	91
7	9	84	22	92	28	77	85	96	6
22	74	53	2	25	35	18	74	36	56
26	44	81	83	75	85	80	20	8	59
94	37	57	88	27	46	56	32	33	29
57	61	100	28	98	54	14	86	42	85
80	62	95	48	66	63	28	2	48	7
48	57	78	38	13	85	17	65	76	80
79	86	42	8	99	65	45	54	85	21
72	95	78	23	79	32	42	10	23	64
18	55	84	26	81	1	84	63	16	13
38	49	11	63	7	94	20	88	50	1
19	75	17	27	36	54	80	55	60	82
43	7	43	12	62	25	3	17	27	99
82	83	39	72	84	23	84	16	17	85
12	55	61	22	46	43	39	58	90	28
21	30	3	34	70	31	7	100	1	83
92	3	61	51	20	37	37	45	43	13
71	64	38	75	70	89	47	21	66	19
87	45	28	100	78	53	80	5	2	54
17	84	15	35	93	9	94	10	3	10
7	94	15	78	57	58	92	29	65	82
84	86	35	82	97	47	76	62	74	67
58	33	44	89	96	87	50	4	83	61
96	38	18	56	13	93	31	50	43	21
62	51	40	21	71	31	50	33	38	46
34	33	37	36	53	74	51	26	82	71
8	88	47	5	86	47	69	79	69	4
17	27	19	53	6	7	93	23	19	66
38	17	67	37	28	64	1	83	4	40
43	5	69	73	13	75	5	36	35	24
63	71	64	35	30	7	14	84	30	47
82	28	8	16	33	92	21	10	77	23
46	86	76	30	61	13	58	46	41	32
2	57	89	95	3	67	54	33	7	21
50	17	53	57	59	16	98	53	40	22
54	95	60	12	78	77	95	34	74	18
50	68	44	99	45	25	40	13	14	67
38	89	3	57	74	30	34	20	72	46
15	5	7	19	79	7	98	77	17	26
73	20	59	90	71	83	74	54	12	34
77	85	40	74	84	65	92	3	39	49
44	76	62	29	3	45	62	25	21	39
27	63	96	88	94	19	30	14	86	92
57	80	8	39	69	30	66	33	35	14
15	95	38	69	83	97	58	31	88	27
21	49	34	74	8	14	90	52	80	66
35	79	18	48	93	64	69	24	60	73
80	29	91	7	24	32	25	28	5	98
61	100	27	60	71	9	47	34	31	56
41	14	54	70	79	37	78	91	76	20
29	34	72	15	47	93	59	27	51	76
90	63	47	83	5	36	53	59	78	85
18	35	94	5	33	66	76	21	29	88
55	35	52	86	69	28	28	12	13	78
50	20	84	56	66	79	67	71	66	44
85	20	13	91	2	94	41	68	82	81
18	38	99	64	22	55	11	62	15	77
8	41	46	100	35	99	52	38	39	55
100	5	56	85	3	35	22	61	84	75
87	61	31	32	61	13	21	21	34	12
68	6	57	89	36	44	74	13	57	4
43	3	30	28	82	13	83	14	61	87
33	50	78	40	90	48	11	14	40	23
78	31	5	27	87	95	49	67	50	59
61	9	5	81	32	85	32	3	51	48
30	7	61	47	79	18	28	17	99	89
34	61	74	34	26	12	99	3	41	87
65	16	65	2	27	24	46	97	9	6
16	8	63	93	93	72	71	58	48	69
67	33	69	62	26	1	36	71	55	20
86	29	62	64	84	14	42	59	21	56
73	31	9	93	73	27	98	82	42	55
42	42	55	72	21	32	48	4	76	26
88	75	43	89	21	88	46	100	9	79
30	12	37	93	97	36	25	76	90	100
4	55	30	1	79	45	74	90	44	52
67	39	83	95	68	98	89	20	73	86
81	99	73	63	25	30	5	63	76	86
8	73	15	77	23	34	46	42	11	76
14	57	57	58	13	91	30	42	26	99
47	5	3	5	19	5	83	67	77	50
40	12	15	58	44	95	25	6	73	34
53	48	10	98	72	25	43	15	51	34
1	63	38	78	39	4	70	10	59	18
52	80	66	61	36	2	42	99	14	19
67	24	70	92	47	100	95	6	33	95
63	68	17	43	49	78	75	37	20	41
25	15	48	55	83	73	83	49	62	71
83	44	2	32	68	78	93	46	31	40
9	65	78	64	55	85	63	23	13	59
27	6	80	74	94	52	76	16	10	74
18	47	45	62	13	19	66	85	76	72
85	29	7	80	32	61	38	85	100	98
11	60	37	3	44	78	65	28	39	17
3	78	37	58	23	63	21	16	51	36
19	79	48	41	74	99	99	100	42	34
14	91	16	12	64	58	10	42	19	36
55	38	47	59	70	8	93	50	58	70
41	22	34	64	80	32	13	97	30	46
79	66	87	5	3	12	63	26	94	65
53	79	98	16	82	81	32	89	71	67
7	50	42	72	94	93	57	52	33	32
46	14	12	74	57	89	52	42	57	59
45	67	56	94	18	62	25	19	83	99
100	24	26	63	40	29	25	15	12	11
55	11	94	63	20	40	68	24	59	94
30	91	33	13	22	40	95	49	55	32
68	39	70	34	32	22	88	50	35	29
64	37	30	46	4	35	73	94	74	78
95	1	60	89	70	10	92	14	42	100
35	77	61	81	43	16	42	60	31	99
52	18	90	31	30	93	62	87	9	88
67	2	76	77	38	67	80	81	65	23
30	75	9	35	94	88	77	50	3	89
94	14	63	75	26	77	12	29	59	77
48	6	5	54	33	34	2	84	43	77
36	61	96	9	69	78	10	56	37	42
17	13	84	20	95	54	39	1	51	61
56	51	23	89	75	25	70	55	2	61
87	93	7	27	53	34	18	54	6	49
67	57	92	18	60	36	22	85	60	80
95	1	33	82	21	86	39	7	35	45
8	56	54	77	56	24	7	57	68	61
