5	200
20	14	16	8	2
6	3	17	4	17
11	19	5	4	19
11	6	4	5	8
8	11	13	20	3
9	6	15	7	16
4	9	19	5	12
13	16	15	3	9
19	14	19	3	16
2	3	10	16	11
3	9	11	4	14
9	2	16	5	13
1	8	11	9	14
3	1	20	13	6
16	12	2	17	10
14	12	11	5	2
7	17	20	16	14
16	18	16	11	3
12	20	11	10	9
11	4	11	10	14
1	3	18	11	16
12	7	15	15	1
17	11	11	4	7
4	9	15	15	18
5	6	10	10	15
16	2	12	9	19
11	2	1	12	1
5	20	10	1	3
9	4	1	11	6
1	9	7	4	5
3	10	16	12	10
16	13	8	16	20
11	16	7	16	10
16	11	20	3	3
5	20	14	13	10
1	5	20	4	14
8	15	8	4	17
2	6	10	3	6
12	12	14	2	13
13	18	6	1	11
11	10	5	1	20
3	16	4	2	9
11	14	4	3	13
16	8	3	20	9
11	1	18	17	11
13	7	13	1	17
4	20	20	14	4
19	10	7	4	14
6	3	8	14	15
19	9	12	9	17
6	15	6	12	1
10	13	8	10	8
17	3	3	6	6
12	15	11	19	15
6	1	19	6	4
8	13	4	2	13
5	16	4	5	12
9	14	8	13	14
6	2	17	17	18
3	20	3	9	4
5	18	13	15	11
5	17	1	9	13
18	9	7	18	3
2	20	19	15	17
18	7	18	5	9
5	4	2	8	1
8	11	16	19	9
7	3	9	14	8
13	14	20	1	17
18	16	20	14	17
4	2	9	12	6
18	1	8	7	7
1	15	13	9	5
7	14	8	9	17
19	11	5	7	5
5	8	18	9	11
9	5	9	12	17
7	3	5	13	11
7	15	3	8	7
19	1	12	16	10
5	8	12	18	18
14	18	2	7	2
11	3	20	16	19
17	7	2	12	19
5	9	16	18	10
5	9	17	1	7
4	16	3	19	7
1	13	11	14	4
9	2	18	11	1
4	16	7	10	10
13	19	20	17	6
16	13	14	8	14
6	1	1	1	18
15	1	1	10	18
4	16	9	9	10
3	12	6	18	7
9	2	8	11	15
6	17	6	13	12
9	20	3	20	18
9	1	18	14	6
4	15	18	12	7
17	11	12	7	3
5	7	16	2	5
4	13	10	6	13
19	15	9	19	10
5	13	9	11	2
3	14	12	13	4
15	5	17	5	18
15	6	20	10	7
2	5	2	15	15
16	11	12	1	7
9	7	20	2	3
4	2	1	6	1
11	16	4	19	11
20	17	6	9	18
14	16	19	12	9
1	12	15	17	6
12	3	12	6	15
9	5	15	3	14
14	5	14	10	16
7	1	4	5	15
20	6	4	4	14
14	9	8	14	3
13	8	5	1	10
9	5	18	4	3
15	3	4	15	4
10	2	9	16	2
20	9	10	2	7
7	20	8	13	2
1	18	1	1	1
7	20	14	1	8
3	4	20	3	20
17	3	9	20	5
12	20	13	13	4
5	18	3	14	3
10	17	5	2	3
18	3	3	14	18
10	8	9	9	20
16	9	8	3	10
5	11	8	9	11
1	5	9	18	17
9	17	1	18	18
6	20	19	1	2
15	20	15	2	15
4	11	4	13	8
17	11	1	4	19
19	9	16	12	2
13	15	6	18	9
13	8	11	11	14
17	10	7	1	16
5	17	6	15	7
10	2	16	10	20
19	16	17	19	19
18	4	7	20	9
1	14	17	14	2
16	20	14	20	12
7	4	1	9	14
3	3	2	5	12
12	19	17	18	11
17	12	12	12	17
13	4	8	12	16
12	20	13	13	11
10	8	16	18	14
16	16	9	6	17
15	2	2	8	17
2	17	20	4	5
5	8	2	4	19
4	16	9	13	3
3	10	10	15	2
4	4	20	5	16
1	3	7	16	2
12	2	1	15	15
15	1	10	8	7
3	7	12	19	11
20	8	16	4	14
6	12	8	7	14
18	18	15	9	4
2	2	6	3	8
2	16	14	19	8
3	1	2	8	20
18	12	1	15	16
14	8	4	2	17
20	14	15	2	17
18	6	2	5	5
1	1	10	12	9
4	15	17	16	12
5	11	1	7	17
7	18	1	13	11
15	18	5	7	8
9	2	12	3	11
17	19	18	4	19
17	2	9	6	12
19	11	8	11	12
10	14	8	6	10
20	6	10	14	11
4	17	4	5	20
3	3	15	6	16
7	13	17	9	20
5	10	16	1	12
4	10	14	15	18
