20	100
2	8	17	17	16	18	4	8	13	13	19	20	1	17	20	18	11	12	9	7
18	20	3	19	19	7	13	17	16	3	10	16	19	16	1	12	12	1	9	3
19	17	12	12	5	16	4	4	11	11	9	12	5	2	14	3	6	18	18	9
6	7	12	11	4	3	2	5	17	9	6	11	3	6	8	2	9	12	15	4
3	9	7	6	14	18	12	17	3	19	6	14	3	20	18	13	6	2	8	2
15	20	8	2	6	19	10	19	15	13	14	14	4	15	6	17	20	7	17	6
12	5	3	19	3	12	8	3	9	16	16	8	4	14	10	4	2	6	20	15
9	13	3	11	5	13	11	9	15	1	13	19	5	3	11	10	17	9	19	14
12	7	11	20	17	7	11	11	6	2	15	14	7	2	18	19	3	13	15	11
2	19	9	8	3	18	3	2	3	20	8	14	8	7	4	2	3	4	14	18
2	1	4	13	7	19	12	3	5	12	8	5	15	8	13	13	19	4	17	20
5	10	8	6	15	2	7	1	19	17	17	20	19	17	10	2	16	17	2	5
6	20	17	12	12	3	19	20	15	11	4	20	7	15	14	12	13	18	18	5
12	12	5	9	16	9	6	18	19	12	18	2	3	13	14	5	13	17	15	13
3	8	6	8	14	18	13	4	4	18	9	19	20	17	13	14	16	9	16	4
17	2	2	4	14	2	17	14	1	10	20	17	4	5	2	5	7	17	15	19
16	3	14	1	3	19	3	6	1	1	9	5	1	11	16	2	6	3	14	12
1	20	3	15	19	12	16	15	15	8	7	20	14	18	9	15	8	1	1	16
20	12	14	1	2	16	17	14	10	1	19	5	3	4	19	16	20	20	3	11
4	8	11	13	14	10	11	4	2	1	15	6	2	19	13	9	6	3	13	4
16	2	5	15	10	3	17	11	19	13	16	8	19	11	12	12	1	1	7	12
5	14	12	10	7	14	3	4	12	10	11	17	7	19	16	2	3	16	4	11
13	1	5	9	5	7	8	12	8	1	8	6	16	2	19	3	11	16	9	17
20	13	20	10	3	20	1	20	15	10	9	6	18	16	19	5	9	3	5	20
6	12	17	11	2	5	1	6	1	13	12	8	7	8	12	1	2	15	7	6
6	8	17	18	12	3	8	20	3	15	14	8	12	10	11	9	16	9	8	18
19	16	20	3	19	2	19	10	5	19	4	15	17	19	14	18	16	19	19	20
18	1	4	6	20	4	17	18	18	3	5	13	8	9	8	11	9	15	20	11
5	19	16	5	11	20	12	13	16	13	14	18	10	9	1	18	12	14	3	15
5	1	13	3	14	11	7	8	12	4	10	1	19	9	15	20	6	20	15	20
12	5	3	5	10	8	4	20	9	10	20	16	12	5	6	4	6	14	11	20
13	5	1	12	4	13	19	2	14	2	12	13	19	4	4	1	19	8	13	7
8	8	20	2	5	14	10	14	3	12	14	13	9	16	8	8	4	11	2	18
9	3	6	7	18	7	17	9	2	6	6	18	1	5	13	5	5	19	8	10
3	5	19	2	8	20	4	4	16	16	18	8	7	16	18	6	2	13	5	18
18	2	12	18	7	17	13	5	3	3	3	5	4	12	15	4	4	4	19	19
4	14	13	7	8	18	12	6	8	7	4	12	15	11	13	2	13	2	16	12
8	19	1	14	13	13	5	15	1	14	3	19	15	6	14	4	9	6	10	9
5	7	18	16	20	11	11	14	20	14	11	3	9	7	12	5	13	20	14	16
14	17	5	14	5	5	18	9	17	9	13	8	12	8	7	1	2	5	15	2
3	12	16	8	3	1	10	8	15	10	12	10	13	15	16	9	2	4	12	15
14	2	17	12	1	4	11	1	20	11	4	8	5	12	14	2	2	18	11	5
16	11	14	8	17	4	15	18	13	19	19	18	14	20	9	1	15	4	7	20
10	10	8	5	6	5	5	2	2	14	8	5	14	8	20	3	8	10	15	17
10	14	9	2	12	6	14	6	3	13	8	18	11	12	15	6	3	10	2	13
19	14	16	20	12	15	5	7	1	6	13	6	10	11	11	17	1	7	13	1
11	20	19	9	6	10	14	2	13	14	1	19	9	3	19	16	18	9	11	18
1	8	5	17	20	3	8	1	2	19	5	17	18	1	2	20	15	7	14	2
1	4	14	8	6	15	18	8	12	15	19	12	16	16	1	4	16	2	10	4
3	13	20	15	9	4	1	8	1	20	1	12	16	9	17	18	14	18	12	6
6	1	9	8	20	14	1	3	1	19	4	13	18	11	20	9	4	20	19	3
14	10	8	13	14	8	17	8	19	3	11	19	11	5	19	2	5	13	15	16
3	19	7	2	16	9	14	5	10	9	15	14	19	9	12	16	13	17	14	13
17	14	4	19	9	6	2	14	13	18	4	11	5	4	20	16	4	7	18	6
14	12	18	11	9	17	20	3	14	3	10	8	19	3	19	10	15	9	13	10
7	1	13	13	5	4	9	15	10	16	12	7	20	9	19	5	17	13	10	13
6	20	20	10	9	16	12	3	5	11	1	16	14	8	19	13	19	6	7	6
8	6	13	18	11	3	9	10	4	15	13	3	19	1	4	7	1	4	5	9
12	6	11	20	16	17	14	12	11	7	6	12	7	5	5	1	8	3	19	6
8	3	20	11	18	19	17	14	4	13	12	16	1	18	14	2	16	14	3	15
10	18	20	18	9	2	16	15	16	4	20	19	5	19	2	10	7	20	2	17
20	20	9	18	15	11	11	9	11	3	6	14	20	5	17	10	3	3	3	16
4	3	18	1	13	14	12	3	17	5	16	16	12	6	15	10	10	2	4	19
12	7	4	14	18	6	19	1	3	12	8	5	18	7	14	18	3	8	6	1
19	9	13	7	8	10	3	15	10	7	1	1	19	4	5	17	19	4	3	7
15	11	20	6	17	11	19	5	13	17	7	2	17	3	20	4	14	18	7	8
4	5	11	16	11	7	6	14	3	17	20	19	5	19	6	9	9	8	10	17
12	18	2	14	20	19	4	17	5	1	3	2	18	16	4	11	1	4	15	11
6	6	3	16	18	8	18	19	17	12	15	7	8	10	17	7	3	18	17	13
3	10	9	2	14	19	2	10	15	16	9	5	14	20	12	7	15	7	16	12
2	6	20	14	6	17	14	9	20	18	8	3	8	3	8	16	17	1	2	19
7	8	4	2	3	11	14	9	18	10	12	17	2	5	11	18	10	16	16	18
6	13	11	18	9	6	17	12	12	16	10	14	5	18	6	15	2	19	11	16
4	5	11	10	6	11	1	4	12	10	7	2	6	5	14	14	18	7	14	18
15	2	17	2	1	18	12	5	19	17	17	12	5	1	15	1	3	1	13	18
6	13	20	2	10	9	9	1	4	12	17	16	6	14	1	2	8	9	10	9
19	16	5	16	14	16	18	5	11	14	12	17	14	16	12	2	3	15	13	13
9	12	2	8	20	2	6	11	20	13	13	14	12	5	19	10	8	4	9	15
12	5	11	11	20	20	2	10	2	20	20	13	17	18	20	8	15	18	17	12
10	7	5	18	1	18	6	10	18	2	14	19	7	18	1	4	2	12	8	20
1	17	9	1	14	20	18	15	5	11	16	11	8	17	6	6	1	13	10	3
15	12	12	1	6	1	7	19	17	16	7	3	10	17	12	13	18	4	5	1
1	11	6	7	7	4	12	10	13	16	4	9	2	6	6	9	5	9	16	13
13	19	19	10	5	13	2	11	6	13	8	18	9	10	2	4	7	5	14	2
9	18	7	1	12	19	2	4	12	4	9	9	8	12	8	3	13	16	3	14
3	2	5	20	9	7	1	13	5	2	3	20	15	15	5	16	12	19	18	6
12	18	19	2	5	20	10	17	2	20	12	11	2	1	20	7	14	8	13	6
18	10	20	11	2	9	14	14	8	13	11	15	19	18	3	5	3	3	16	9
18	5	11	5	10	12	19	15	15	18	2	5	6	12	8	2	19	9	1	17
6	17	9	9	10	18	12	5	19	16	5	11	13	4	9	14	19	15	1	10
11	20	20	11	11	6	9	7	10	1	7	15	2	19	4	2	16	3	16	13
20	14	17	19	14	11	13	3	4	15	4	4	8	12	7	7	17	19	19	4
10	6	16	18	10	10	10	14	1	8	18	17	20	9	10	17	4	1	18	20
13	6	4	15	18	3	7	11	13	18	5	18	4	12	4	15	18	19	10	4
2	20	3	17	17	8	5	20	2	10	3	17	1	19	12	4	2	1	1	7
3	19	1	4	4	1	13	8	6	16	20	5	11	14	18	14	4	8	19	11
19	8	9	4	15	9	17	6	1	20	14	17	19	4	1	3	20	20	13	17
15	18	14	7	10	19	6	7	1	18	20	15	3	10	9	16	11	17	9	15
4	7	7	6	2	3	7	8	14	16	14	5	15	3	16	1	14	3	15	16
3	10	5	3	20	20	14	9	16	5	13	3	11	19	13	8	11	8	5	7
