20	100
10	13	12	25	11	17	21	45	20	47	6	39	23	48	43	24	39	22	26	13
40	49	32	34	42	22	14	32	12	35	18	4	36	13	33	11	24	5	3	28
8	28	44	48	31	33	6	11	17	28	2	8	7	39	28	12	32	28	33	39
4	39	34	36	29	3	4	10	16	33	50	35	20	49	6	13	6	34	4	10
17	3	16	34	33	11	47	47	36	22	29	47	22	14	24	20	44	8	19	29
30	46	46	35	29	18	38	9	34	16	7	48	25	24	22	2	24	1	3	19
6	7	25	44	4	4	13	6	26	37	19	48	16	25	30	21	8	31	6	16
23	39	13	20	16	32	22	48	43	23	47	44	6	50	24	23	22	2	32	25
5	33	33	48	47	9	32	1	44	1	44	43	45	37	47	17	45	5	29	22
33	16	14	3	41	25	43	17	1	8	50	6	49	31	12	41	6	15	24	7
50	22	4	42	29	4	49	19	3	8	28	18	23	10	43	40	19	31	8	22
17	16	50	37	2	38	44	15	26	7	11	30	31	22	23	11	12	23	25	37
27	24	14	43	30	33	34	40	39	23	22	26	8	2	41	34	22	18	40	42
10	35	44	47	48	49	37	1	38	32	28	47	7	21	46	44	3	7	7	20
5	5	26	4	35	35	23	30	32	39	39	45	33	34	27	42	31	17	46	32
47	33	2	7	45	26	20	37	7	47	32	16	11	21	37	6	10	41	12	13
27	7	20	50	44	34	15	24	44	4	14	36	12	25	23	23	3	19	9	10
15	36	24	35	7	24	34	12	47	22	33	40	6	33	6	40	13	3	14	12
12	47	43	3	34	46	5	36	48	15	4	41	32	3	48	41	34	35	43	21
1	3	27	23	22	24	31	29	20	34	10	50	6	47	49	19	43	21	2	12
19	48	14	33	19	43	8	4	35	16	6	29	11	43	12	9	21	21	32	11
16	27	17	15	5	4	35	36	5	30	48	13	34	32	2	3	40	44	5	30
16	27	44	5	28	31	39	13	36	40	48	23	40	41	46	43	31	49	28	15
8	23	50	6	18	43	46	30	42	9	20	27	17	2	45	40	33	13	37	24
16	22	50	15	32	26	24	43	36	9	23	41	16	40	23	43	28	38	37	35
36	9	22	28	21	22	6	38	46	7	11	19	13	5	50	36	23	35	24	42
20	3	44	33	37	29	11	27	30	3	12	45	26	2	38	7	1	23	45	11
21	36	47	30	49	5	29	12	41	37	20	43	15	46	16	34	15	39	41	42
11	29	9	44	45	16	43	11	17	43	36	1	41	14	22	35	6	14	35	32
1	50	37	44	33	19	31	31	37	5	42	12	32	3	50	42	27	4	36	34
12	18	45	49	2	20	3	2	24	32	28	1	5	10	41	12	43	16	11	26
35	13	25	13	1	24	19	38	14	31	8	2	29	2	21	34	5	39	42	14
17	29	7	5	27	41	8	23	13	38	49	12	43	10	49	50	43	33	48	28
2	15	39	44	25	27	23	3	40	8	8	5	24	48	10	7	7	20	36	10
17	46	26	26	32	46	10	20	3	21	41	22	41	15	12	2	41	13	31	1
19	5	34	5	31	45	39	45	50	43	44	23	47	38	12	6	40	13	12	29
17	4	1	19	17	36	14	9	36	9	16	44	40	36	42	12	12	21	46	38
8	15	20	11	28	18	25	3	4	7	13	29	1	2	34	16	5	16	39	45
31	30	10	42	28	1	34	12	47	50	44	19	17	25	22	3	34	41	42	49
12	11	6	30	47	37	43	38	2	27	7	47	33	2	7	28	6	29	33	28
35	14	7	4	13	44	12	27	30	32	32	15	25	40	34	20	24	30	46	41
8	46	10	21	43	47	37	16	19	45	48	6	8	14	15	48	5	3	17	3
25	17	8	21	45	43	23	43	18	37	4	26	34	43	20	39	4	37	11	16
8	47	9	36	34	27	7	11	25	36	16	22	13	43	16	42	38	40	27	1
25	44	48	32	41	22	23	16	45	27	45	18	43	2	46	29	8	23	37	18
36	12	19	33	22	33	14	41	27	28	1	15	11	11	42	14	49	28	46	13
5	42	17	49	42	49	30	12	48	37	34	16	3	9	15	13	26	16	11	9
9	32	39	17	27	30	8	33	10	32	31	31	28	25	13	44	46	21	42	24
4	2	44	40	44	35	13	2	46	29	39	34	17	38	5	24	4	50	22	12
41	47	2	16	7	3	39	29	47	21	17	5	24	37	5	7	38	49	23	42
18	7	37	31	43	47	14	41	20	40	41	47	49	30	33	7	1	29	33	41
46	34	6	26	13	34	10	31	33	49	36	5	28	30	45	35	11	21	24	11
40	49	10	7	30	21	7	44	5	49	6	10	17	32	46	34	1	12	19	9
38	34	9	21	4	37	20	19	36	48	46	30	5	23	2	48	25	49	46	42
28	16	26	34	43	27	39	46	34	11	34	49	2	15	24	6	41	39	4	44
2	38	9	7	3	27	5	44	30	49	9	3	17	27	31	22	9	25	29	28
49	24	35	25	15	48	28	41	50	47	8	37	45	2	41	40	8	20	31	17
22	45	16	36	3	32	33	25	34	2	48	16	11	26	46	28	4	35	43	6
49	15	45	34	42	22	8	15	37	42	15	39	44	12	7	4	9	50	23	34
15	3	7	48	50	42	27	19	7	14	37	24	28	26	19	8	1	33	45	31
24	19	39	43	38	9	23	49	20	42	20	4	13	9	42	46	8	47	35	1
46	40	9	23	5	42	12	19	44	49	4	26	5	42	11	47	15	15	11	41
19	29	49	16	45	33	12	19	35	23	1	5	49	45	36	35	11	16	39	47
47	5	6	22	38	44	50	21	49	45	32	43	36	44	32	18	41	43	29	22
30	44	34	21	49	50	28	11	7	27	37	49	26	14	45	15	23	28	28	1
34	41	20	40	42	8	19	6	13	19	45	18	38	18	17	3	21	35	23	39
17	39	15	23	9	33	17	22	49	18	45	13	16	28	38	40	25	45	29	42
31	22	49	38	33	20	12	9	48	42	44	39	6	40	35	46	27	47	32	10
41	47	7	46	25	32	2	10	30	28	29	27	7	32	8	45	41	27	41	40
21	9	25	8	24	7	8	27	44	43	14	28	14	20	2	35	16	4	14	1
18	3	30	21	13	18	33	24	32	40	5	1	7	42	39	33	23	50	22	18
25	26	16	38	15	2	14	37	31	24	30	38	13	41	22	19	29	5	45	7
25	34	45	4	38	13	22	22	31	20	12	16	32	46	26	43	38	43	7	12
5	46	44	9	11	18	38	16	20	21	4	19	5	16	44	42	31	12	50	2
31	42	7	12	12	14	6	17	15	30	32	37	48	34	3	29	40	37	44	20
26	6	2	11	16	44	12	17	2	35	13	26	43	6	32	13	40	33	47	48
13	21	2	41	40	17	21	22	14	16	2	44	19	31	26	25	41	46	46	18
3	40	15	30	18	6	45	43	2	40	40	8	41	47	8	5	5	12	21	49
24	40	4	37	34	19	7	12	30	7	23	44	38	29	45	24	7	22	23	34
23	28	20	24	26	45	4	23	23	22	21	30	26	48	45	13	36	29	47	49
49	33	14	45	18	47	20	12	2	35	49	33	39	37	26	46	20	30	11	40
16	35	40	9	37	43	18	41	35	33	38	29	26	24	36	41	15	26	6	30
25	42	21	39	23	38	41	40	22	50	44	7	18	7	34	14	44	5	9	25
29	30	28	20	48	21	8	15	2	36	32	45	24	31	15	25	15	1	36	50
3	29	19	36	40	32	11	19	41	22	48	10	18	32	2	45	14	2	42	3
31	26	38	37	18	49	33	37	43	9	50	43	20	9	23	50	12	43	31	17
10	40	25	30	38	22	28	43	30	21	11	13	10	33	20	27	41	33	18	41
49	25	27	32	22	5	41	9	10	2	34	22	22	26	44	41	2	9	49	47
22	40	7	22	49	38	34	37	40	46	9	29	26	40	18	35	13	44	8	33
32	19	34	28	38	40	42	35	40	29	26	33	35	22	19	10	18	5	33	35
22	4	19	14	44	5	47	32	9	9	29	8	1	16	15	3	7	30	35	10
46	49	47	12	20	27	45	5	22	8	17	8	11	24	12	28	1	20	35	33
43	11	27	32	50	18	33	19	7	17	4	39	21	24	39	23	7	8	45	17
11	42	11	1	42	21	48	28	5	37	3	37	46	2	17	36	23	16	12	2
45	26	48	5	5	29	37	37	35	39	22	43	25	18	23	2	50	26	40	30
21	6	15	20	15	17	44	20	8	4	1	41	47	44	23	36	45	6	46	13
34	12	43	17	16	10	12	28	29	16	36	48	27	32	32	40	11	29	41	38
36	18	30	32	39	31	47	32	45	38	8	45	30	27	46	10	13	49	5	5
5	16	41	42	18	4	15	15	12	34	25	16	15	9	28	17	32	12	29	35
14	31	33	42	9	42	18	50	37	23	27	13	24	37	33	20	27	39	14	36
