20	50
32	26	70	31	8	14	50	100	53	96	86	9	85	32	7	81	28	58	94	72
39	6	45	6	94	80	85	41	58	28	14	67	5	56	17	53	84	78	5	45
3	43	62	72	25	50	74	30	52	3	3	76	6	64	24	27	81	65	38	28
29	9	42	26	83	19	4	30	15	55	97	50	53	49	70	96	45	74	82	45
7	56	89	55	26	38	62	42	32	91	72	20	41	78	16	94	1	37	90	6
46	44	15	98	6	53	24	57	95	28	83	8	84	93	22	74	21	87	100	46
58	63	98	25	83	78	9	76	33	76	96	9	84	76	100	63	41	91	50	73
15	5	47	5	8	65	37	48	56	43	74	14	37	45	48	83	47	91	16	29
44	48	25	20	33	75	24	8	94	60	33	31	38	28	31	53	16	94	17	18
41	62	20	91	2	82	72	40	28	17	17	51	75	22	29	67	81	28	73	34
41	30	54	97	10	44	77	10	14	96	67	53	74	98	89	83	28	34	18	51
3	85	80	78	43	83	56	17	99	65	73	89	21	83	78	11	8	24	82	59
6	63	27	33	51	64	78	77	33	47	40	48	10	22	32	57	50	77	54	27
88	60	11	50	23	79	33	91	21	78	76	5	52	60	46	41	59	48	28	80
6	79	84	53	26	26	79	99	52	22	62	31	70	55	71	46	52	78	11	72
32	87	57	56	71	35	96	51	77	92	98	3	50	75	22	10	77	59	24	98
100	34	39	100	16	45	35	97	90	100	89	82	38	56	49	19	23	28	82	91
30	29	23	61	24	60	82	96	34	61	70	93	54	13	73	98	48	57	41	27
1	99	61	77	3	17	66	95	27	4	87	49	78	34	68	72	12	79	76	57
64	40	64	29	31	96	28	25	84	51	71	67	88	55	91	32	68	46	58	7
95	88	70	30	75	21	16	20	46	1	87	70	81	84	64	62	35	33	46	8
89	41	12	76	34	21	62	23	44	37	5	66	22	70	63	76	71	35	55	11
81	9	80	83	65	2	86	4	92	29	97	35	100	51	18	54	76	94	97	54
60	93	77	9	97	22	49	12	22	88	92	1	79	36	27	81	62	29	12	33
36	58	32	15	40	70	66	71	52	9	100	77	38	1	51	88	32	71	86	43
53	74	82	4	38	97	57	64	24	38	93	48	83	65	19	3	61	62	70	27
56	78	60	14	88	15	63	79	86	40	49	91	43	69	80	62	76	29	77	43
14	2	48	15	16	53	94	74	82	49	27	71	2	60	88	76	14	69	16	24
35	78	79	85	89	3	5	15	85	58	27	33	86	27	14	54	31	46	98	35
21	89	98	38	13	79	89	84	81	5	48	7	13	54	9	36	24	63	27	14
49	80	89	24	22	95	85	76	46	35	45	69	72	81	3	46	81	42	72	10
14	21	34	81	11	20	21	32	18	78	30	68	20	84	87	42	100	74	16	19
94	14	38	47	60	79	36	32	52	63	55	83	91	17	1	28	47	9	14	3
75	54	58	68	5	77	50	89	95	61	46	8	27	54	16	100	83	87	21	32
85	89	81	55	23	48	77	3	83	59	95	92	60	13	44	41	57	70	43	84
30	48	37	91	17	48	57	38	1	2	45	60	88	83	18	86	73	3	45	58
1	47	6	36	67	55	49	14	10	76	43	13	45	38	2	38	52	91	38	76
92	40	3	82	14	36	4	77	95	59	69	54	25	86	83	84	43	2	25	63
100	43	28	26	59	32	15	50	82	81	34	83	65	70	66	61	44	24	22	31
51	72	19	52	8	90	88	60	55	18	96	51	67	76	77	49	13	77	24	82
21	55	96	15	25	86	89	56	20	23	40	19	80	94	12	29	25	76	19	69
45	56	96	64	86	84	17	90	93	18	49	68	100	40	11	97	76	5	27	22
1	33	41	33	78	77	72	73	64	49	25	37	59	55	38	66	59	33	29	42
70	100	63	3	75	73	19	40	83	16	53	21	50	98	69	12	15	63	86	10
12	44	27	45	93	12	10	46	2	46	38	43	76	85	52	2	70	39	58	5
58	32	91	49	96	5	88	61	87	27	51	97	47	20	30	27	74	19	10	63
64	74	38	37	78	11	45	65	46	68	43	77	5	82	52	81	53	79	50	89
25	49	59	76	96	42	97	56	56	26	28	52	29	96	42	84	94	54	71	86
60	24	16	19	84	74	92	66	69	50	74	96	69	21	39	16	15	63	42	37
14	90	9	21	40	92	48	10	41	68	87	100	8	65	30	1	33	41	93	22
