20	50
39	47	1	24	34	44	10	23	45	31	25	50	11	46	33	12	30	23	13	3
23	38	40	30	11	1	47	10	36	47	17	21	5	11	23	14	11	15	39	45
6	10	12	29	6	47	36	23	7	28	47	21	8	6	18	2	7	22	14	33
48	50	37	48	14	4	46	50	24	19	2	16	34	18	47	14	26	12	24	14
16	24	3	8	1	46	13	49	44	21	7	39	2	6	47	7	23	15	15	2
2	36	50	38	27	32	37	41	10	5	26	46	49	50	18	25	47	29	47	18
42	48	6	3	13	13	14	28	21	41	41	12	47	22	13	30	24	15	32	20
9	23	40	39	46	12	41	2	39	23	10	45	18	47	11	5	31	48	26	15
18	10	20	19	15	15	49	27	38	38	2	32	48	28	9	19	8	18	7	1
23	13	40	49	31	47	45	1	12	8	50	27	40	18	3	50	3	21	25	32
14	14	15	1	22	29	47	40	38	42	47	13	41	26	42	6	20	21	39	19
20	49	16	30	39	25	43	31	26	10	17	38	43	26	38	10	48	39	28	3
50	5	13	20	12	37	36	14	26	48	30	32	32	7	12	16	48	36	13	47
36	17	15	29	26	9	21	15	38	33	8	32	44	37	19	16	36	47	18	2
39	29	5	29	30	35	6	37	14	23	12	13	27	31	17	34	41	34	45	3
17	21	27	44	40	49	39	46	38	47	30	2	18	11	8	7	12	36	50	42
3	35	2	16	21	46	6	13	20	36	25	3	2	16	36	18	3	12	40	32
46	11	49	18	43	10	45	16	24	11	22	5	35	4	50	32	20	11	23	45
44	26	27	2	22	28	1	3	26	40	5	50	47	18	46	43	36	34	24	12
2	40	40	10	14	20	18	49	16	4	48	43	40	45	39	21	34	47	46	16
10	42	41	34	6	23	9	17	9	7	47	37	37	12	43	4	37	18	39	2
10	2	37	22	42	12	11	2	30	25	10	40	38	8	2	10	49	6	4	42
12	1	40	10	8	12	6	29	3	35	34	16	9	44	6	9	5	20	43	45
13	7	37	34	48	7	49	30	10	34	5	32	15	47	41	9	12	28	14	31
6	32	50	46	42	44	31	45	2	44	5	30	14	9	30	5	15	7	12	1
14	27	19	19	30	3	2	12	4	48	47	27	6	13	39	31	8	42	43	4
27	5	28	17	29	26	19	6	18	36	45	6	16	14	17	30	14	31	16	39
42	19	42	5	47	28	25	2	21	50	48	24	14	9	25	10	50	2	41	5
35	46	45	18	3	41	12	42	46	9	17	27	26	5	12	8	13	23	20	1
2	18	36	19	39	22	42	8	40	8	31	13	41	12	4	47	25	24	3	6
17	33	6	12	33	22	48	10	47	17	47	27	32	40	4	18	11	27	29	32
50	4	3	38	29	5	36	14	1	16	34	40	21	14	34	19	12	24	36	17
24	32	11	23	12	4	31	1	9	37	36	48	45	21	7	14	30	18	33	28
36	34	10	32	34	8	7	18	7	35	7	37	42	13	9	18	43	31	27	26
25	35	6	14	31	36	45	50	8	21	40	44	41	8	31	40	22	30	39	5
47	13	45	25	31	49	7	33	13	39	21	50	42	8	4	2	29	47	2	49
14	8	11	37	46	13	47	34	32	19	47	14	42	22	29	12	41	32	34	32
30	12	37	20	50	40	2	33	5	30	11	26	29	41	42	40	3	9	29	18
3	24	2	44	43	8	8	20	30	42	12	48	13	20	19	2	21	42	38	6
11	14	29	2	8	21	35	2	31	40	10	33	3	16	30	7	10	44	27	42
33	33	4	13	19	14	13	10	22	40	19	12	22	24	7	39	45	50	36	22
23	7	40	41	33	29	45	48	40	13	43	28	15	46	24	29	10	16	34	45
9	26	30	42	21	49	11	30	9	41	12	10	8	6	20	27	43	14	31	40
19	16	20	10	48	42	48	26	50	29	30	29	17	42	14	47	27	49	20	35
18	16	39	50	1	33	21	9	26	48	36	47	36	44	26	43	7	21	44	30
1	35	30	31	12	34	43	16	42	23	50	45	44	47	22	3	27	21	9	15
22	39	1	3	43	33	44	24	16	21	41	6	5	41	34	33	37	9	38	17
40	5	18	4	48	41	3	39	22	23	17	37	13	29	8	13	35	28	38	29
41	20	50	22	32	45	41	4	14	39	17	18	33	42	26	17	22	47	5	2
31	5	2	44	5	5	43	26	33	21	49	9	22	9	27	21	5	47	22	3
