2	200
14	13
12	9
20	17
15	12
18	7
19	5
10	7
13	16
11	8
19	3
18	14
7	9
20	14
15	11
9	14
16	4
8	3
5	16
18	7
14	1
8	11
17	4
1	2
2	9
19	18
19	6
12	1
12	20
6	4
9	6
3	4
3	5
12	15
18	7
3	18
19	5
15	19
16	7
18	4
8	19
13	6
13	12
16	11
13	7
12	5
10	14
18	8
19	4
9	13
12	6
4	15
6	2
20	14
11	14
6	5
3	3
17	10
14	17
12	11
10	2
3	11
16	18
8	5
7	7
1	12
19	6
12	2
15	18
20	11
12	2
20	19
1	8
3	7
18	9
15	2
12	18
4	10
3	14
20	9
14	15
8	5
13	15
7	17
12	15
16	16
17	1
19	8
3	4
11	9
16	1
7	19
13	19
20	1
3	2
19	2
19	12
18	18
14	15
6	7
1	6
16	4
14	19
6	12
19	16
8	20
3	11
13	13
8	10
13	15
15	6
15	10
16	14
17	6
4	2
14	9
18	5
8	11
6	4
6	14
14	9
2	7
15	20
19	9
19	5
10	5
3	12
12	16
11	7
8	20
3	1
8	18
2	19
2	19
4	3
8	5
5	20
2	7
4	8
15	17
15	9
7	20
13	10
6	7
13	13
20	20
17	6
11	13
2	5
6	16
19	1
5	16
17	6
1	4
10	6
12	3
12	12
5	15
14	9
6	13
14	15
7	11
4	9
8	19
9	9
5	20
3	20
18	15
4	11
3	7
9	3
18	8
2	17
8	5
1	17
20	14
20	13
3	5
15	15
13	9
18	3
15	1
1	12
1	13
14	11
11	3
6	19
4	11
18	19
10	7
1	4
18	12
10	12
1	10
17	14
1	10
19	14
10	7
9	17
7	10
17	16
