20	200
42	22	48	7	9	78	46	83	14	5	46	85	75	22	91	83	44	39	92	58
64	62	20	78	23	62	96	1	74	3	28	46	19	36	36	42	68	17	10	28
18	20	65	3	80	53	8	83	39	67	33	25	61	14	43	80	2	70	84	48
82	45	9	11	78	1	67	40	86	49	15	27	29	65	41	44	98	17	98	70
55	13	62	7	70	4	86	5	93	57	40	98	34	63	46	73	11	54	26	80
87	68	97	91	52	7	96	97	74	99	83	86	72	14	94	69	83	3	41	75
15	62	47	30	9	18	94	67	19	68	33	44	91	18	84	87	17	72	55	64
8	89	32	95	75	55	26	20	70	78	90	9	14	52	66	26	22	68	83	35
13	29	79	6	66	39	95	54	31	7	53	12	48	77	67	27	31	53	56	54
92	74	98	42	79	25	31	40	53	58	66	49	90	20	51	80	11	26	29	36
61	73	89	64	25	78	61	37	86	39	95	69	13	29	44	39	32	38	28	42
9	56	1	73	41	5	23	28	27	87	16	6	25	20	94	20	86	34	17	1
65	94	54	15	64	98	37	61	77	12	48	74	98	87	27	6	72	17	23	20
56	33	11	100	24	90	45	93	36	24	54	98	21	27	77	16	3	87	10	44
68	62	52	15	40	43	8	38	94	89	49	70	12	97	46	32	84	55	91	75
54	44	26	53	59	51	53	71	11	12	3	85	7	80	52	94	82	97	60	81
82	7	100	47	76	85	87	24	82	46	33	48	97	35	91	24	37	99	56	89
90	38	28	82	86	65	63	32	45	53	50	87	95	10	94	47	45	80	78	74
64	30	90	65	80	55	89	72	90	29	58	84	41	72	92	45	80	18	62	12
22	55	79	30	96	46	54	87	42	44	80	58	21	82	26	61	48	63	2	31
77	91	43	17	96	67	47	24	19	49	68	27	18	67	52	10	51	60	70	35
2	2	30	46	49	100	64	59	46	32	97	17	16	31	36	32	12	62	35	30
99	31	68	94	77	53	40	55	31	16	10	89	94	68	30	75	61	97	69	96
4	88	78	88	53	51	12	88	32	21	98	90	26	41	36	71	35	37	70	97
61	9	29	31	23	8	24	49	2	61	71	15	94	40	26	12	54	81	41	26
42	53	24	10	18	21	63	54	33	59	40	25	28	72	35	95	60	47	66	45
28	64	86	71	51	83	96	87	15	25	18	55	97	45	56	9	86	20	13	3
46	71	16	43	21	47	88	22	5	32	52	7	16	96	99	78	67	53	60	36
25	77	40	9	42	86	28	83	17	27	9	41	35	63	100	58	48	44	50	4
95	74	82	83	73	11	39	1	46	78	43	34	61	78	78	69	32	8	2	36
19	6	6	79	23	12	73	53	97	42	31	24	3	56	41	51	96	57	36	32
47	28	37	39	85	76	81	57	86	32	27	41	43	15	86	90	68	4	60	61
38	87	4	5	48	20	31	5	38	27	74	75	72	70	89	91	69	68	95	48
32	17	68	66	16	90	81	88	70	51	83	92	97	76	94	61	24	33	92	65
45	76	20	59	58	52	69	73	27	95	22	1	9	13	30	22	20	39	90	58
39	43	36	87	45	82	79	97	77	29	67	37	77	30	4	57	97	10	8	64
22	9	62	75	30	83	84	85	47	72	41	86	43	34	27	2	41	33	15	77
73	73	96	99	29	86	25	80	10	73	25	11	31	27	37	30	82	61	58	62
99	94	51	5	88	82	94	43	3	2	17	64	95	32	91	49	13	63	47	44
59	4	76	74	47	31	55	17	98	98	21	80	76	53	79	80	22	92	12	47
92	82	77	9	57	62	16	100	36	88	17	19	14	14	4	95	19	77	58	58
28	78	46	6	81	37	89	43	54	12	28	22	52	100	53	77	27	68	17	86
15	55	81	11	81	3	66	62	50	84	61	45	35	54	20	14	37	72	28	21
73	74	47	24	61	96	67	14	61	27	68	52	61	72	43	73	97	35	25	78
71	27	94	70	52	83	87	98	81	40	41	56	40	97	14	42	9	58	51	86
36	53	2	23	16	9	85	63	12	48	17	2	47	50	50	46	80	77	73	78
9	69	34	22	87	13	13	64	58	2	64	40	85	40	43	19	26	71	55	43
98	25	87	34	23	39	9	90	47	68	62	32	86	73	78	68	19	80	36	4
97	22	5	11	84	78	17	8	8	32	20	9	23	30	81	85	83	1	99	49
4	23	17	91	40	32	55	13	63	76	100	47	36	51	47	77	20	77	50	46
22	2	82	16	48	54	10	57	92	93	85	19	81	88	100	75	5	15	72	52
24	5	46	33	32	74	74	72	84	5	65	6	51	54	27	3	41	2	43	87
23	98	21	70	91	82	66	48	51	72	72	5	6	99	23	18	56	50	84	75
80	39	73	88	29	80	68	28	62	98	34	4	73	85	30	26	84	77	43	51
9	27	21	12	33	61	1	53	32	10	47	92	18	68	7	85	26	34	42	11
15	39	86	54	39	69	33	21	70	98	34	80	7	34	67	54	18	62	55	68
79	15	97	53	51	43	86	5	79	46	100	50	36	32	36	70	41	68	73	65
29	80	84	34	76	68	85	85	2	54	67	64	80	74	33	100	43	34	3	97
84	28	43	25	98	84	44	76	98	97	13	51	89	91	40	99	32	63	78	83
59	1	4	25	79	37	71	63	100	37	28	7	65	77	81	1	38	60	37	92
24	9	87	5	42	16	76	89	34	34	69	80	57	20	38	83	25	18	46	61
14	82	77	62	70	6	86	12	10	40	62	72	26	86	60	50	14	99	84	63
62	83	29	67	69	48	51	45	39	99	77	20	15	76	79	43	33	26	36	36
30	64	80	95	73	97	55	71	61	89	69	26	35	83	100	32	53	10	93	22
56	42	73	12	63	42	58	51	8	17	17	89	63	49	33	98	3	35	95	72
94	80	85	51	30	51	86	32	76	48	90	23	33	14	80	89	92	68	32	31
39	4	64	44	72	81	64	86	50	3	29	18	16	22	29	77	57	23	82	12
56	27	75	61	28	94	56	49	69	44	7	35	4	64	34	90	16	41	79	50
88	100	82	73	19	72	8	12	86	4	33	69	87	20	76	13	30	4	17	79
26	15	18	6	97	94	15	53	88	40	61	17	44	32	25	56	45	2	42	56
87	44	64	65	12	38	49	84	88	22	61	13	24	1	25	73	83	76	77	26
58	56	25	46	44	16	26	56	96	20	68	28	63	62	92	82	51	53	95	60
45	31	65	67	79	48	93	44	8	52	74	69	26	16	98	32	20	18	22	96
12	94	89	69	54	33	51	63	9	43	22	30	82	18	81	27	91	58	67	96
24	83	48	44	47	99	3	47	64	61	63	34	32	99	48	52	43	97	14	47
98	31	35	65	30	45	87	8	35	72	41	63	51	26	73	30	46	46	22	55
31	4	99	49	80	89	98	84	71	30	84	95	44	21	98	93	48	84	14	2
12	95	12	92	20	1	83	7	26	18	7	98	75	59	17	95	32	87	85	41
48	4	38	6	88	47	19	31	28	80	82	63	32	20	43	36	92	7	29	80
7	91	59	53	23	87	20	85	5	4	62	62	99	73	55	9	58	6	5	74
83	53	79	47	36	44	66	55	17	81	3	26	58	6	35	57	45	85	84	2
27	34	26	25	19	21	64	59	66	34	79	87	3	56	98	54	12	13	18	79
21	66	69	24	2	37	4	94	39	99	64	74	23	3	47	49	27	55	28	16
80	8	90	83	3	17	23	3	8	81	45	33	68	5	81	62	65	2	23	83
17	71	21	67	71	6	64	100	9	49	27	58	85	3	99	14	76	87	22	86
14	1	86	58	55	31	7	19	23	85	85	26	33	46	99	10	87	23	12	98
53	23	95	60	54	88	49	65	6	68	86	78	80	38	69	17	86	63	13	40
100	45	78	24	65	2	26	39	5	90	27	54	76	25	33	91	7	26	4	68
83	42	14	56	100	7	46	95	78	82	24	24	11	73	99	9	46	71	96	53
62	10	61	16	41	33	3	56	6	78	11	60	59	46	57	58	32	23	25	58
56	31	62	23	67	3	43	3	26	25	46	36	31	52	6	73	81	99	15	67
5	90	90	100	72	64	65	66	16	41	78	23	47	39	97	32	48	39	49	38
90	1	30	82	32	75	30	8	40	85	78	34	8	58	53	67	42	62	51	3
38	78	87	86	47	23	90	93	56	74	25	42	50	77	78	5	60	9	68	98
35	58	26	32	64	45	16	89	86	30	91	86	89	47	100	13	14	45	35	10
85	37	52	66	60	36	84	32	81	49	7	33	95	53	68	81	52	56	23	3
8	2	7	26	84	39	54	3	77	65	92	16	75	59	14	98	7	60	73	28
61	84	9	38	24	58	92	36	79	20	61	59	23	32	2	83	30	26	83	21
82	81	55	16	58	91	59	36	40	70	74	93	83	95	43	24	94	70	2	26
48	19	25	57	5	33	94	44	58	31	68	81	77	53	47	80	30	93	81	33
100	57	97	9	47	68	76	28	89	78	90	61	25	57	74	64	57	98	12	25
98	15	79	9	2	94	16	31	49	64	95	1	89	70	26	91	23	16	11	37
57	66	55	80	41	8	57	21	80	84	23	33	82	57	36	86	78	88	7	53
53	46	80	26	84	90	72	56	32	83	41	41	87	75	68	33	61	100	68	95
38	96	52	66	41	62	19	33	34	41	14	35	10	58	85	12	86	30	96	52
36	2	90	97	43	83	46	8	89	3	25	79	21	12	16	57	95	15	86	22
72	39	22	91	70	6	32	29	91	56	47	32	4	17	59	36	7	55	23	59
17	12	45	31	16	35	15	98	43	28	18	72	44	74	81	97	81	99	28	37
52	18	17	33	57	94	75	4	54	81	51	40	92	28	6	60	95	91	75	35
92	34	87	64	39	75	88	30	36	63	56	8	28	86	8	99	95	12	75	22
60	11	45	63	77	78	80	17	68	21	3	90	25	93	46	18	32	54	94	82
7	46	69	91	25	43	13	6	21	8	66	84	17	53	76	81	90	25	87	62
95	71	62	16	61	66	84	36	41	90	68	42	18	93	16	15	43	54	38	34
65	74	97	61	56	19	74	72	17	66	28	7	67	33	87	37	84	54	31	59
60	78	66	31	40	25	67	24	38	62	38	36	87	53	97	22	74	1	60	42
93	12	19	75	62	61	75	85	6	79	32	90	23	80	75	88	9	67	22	32
52	50	35	56	28	93	21	14	36	66	63	83	94	90	67	48	60	92	69	79
50	82	18	59	30	49	14	8	79	9	13	8	80	29	90	43	78	63	48	70
41	61	49	41	17	49	97	34	14	27	29	17	98	43	82	71	33	76	27	80
79	14	36	27	53	56	3	66	100	24	70	97	45	99	39	89	33	78	43	81
53	81	95	52	81	97	10	37	47	20	11	3	37	68	92	28	26	23	88	62
47	32	34	90	58	32	73	100	5	94	38	55	33	46	27	99	19	84	47	57
46	66	19	81	14	67	61	77	8	11	63	11	91	82	35	22	47	6	95	49
24	11	33	53	82	56	71	92	41	93	9	43	76	31	16	81	13	53	76	91
72	97	92	94	31	27	64	51	11	6	52	14	90	99	34	35	34	66	99	58
97	70	36	15	3	21	36	60	66	55	9	95	30	4	77	27	19	39	22	55
93	20	81	36	42	96	54	77	98	82	47	47	55	19	94	3	61	78	92	11
92	4	85	57	97	58	85	86	22	7	16	95	44	44	66	78	90	1	74	8
67	59	63	85	8	63	40	11	11	75	66	42	48	12	64	89	35	24	39	85
11	68	56	91	66	53	3	11	54	17	13	61	5	85	45	34	42	1	50	35
18	74	76	47	41	75	48	33	81	78	43	66	62	90	97	99	4	73	20	56
60	30	58	94	62	6	38	63	67	31	48	35	75	5	67	37	93	9	50	91
5	70	30	77	74	48	100	16	88	46	30	69	81	95	75	89	17	82	85	36
38	85	66	51	30	9	92	58	23	60	7	95	23	29	51	90	1	82	21	15
6	22	75	22	1	79	55	80	30	79	21	11	24	15	54	20	4	79	47	66
56	43	93	29	39	36	47	52	44	85	88	35	62	71	30	16	10	45	51	52
55	12	28	45	39	96	71	8	76	31	87	22	36	55	59	64	30	47	84	65
33	3	36	45	91	87	50	54	85	39	10	60	29	95	12	45	15	49	90	44
65	39	77	14	99	67	100	7	13	67	87	64	62	87	20	52	77	83	54	53
46	18	24	38	21	27	94	41	44	15	49	82	57	40	1	94	27	23	46	24
88	43	42	19	53	47	99	43	76	60	69	32	95	37	98	47	16	39	93	73
74	59	64	98	18	5	7	22	86	26	26	54	37	31	66	4	77	6	86	75
29	52	66	85	47	17	87	21	43	54	79	88	31	74	51	29	80	44	1	48
40	77	57	50	34	15	95	65	72	95	70	10	54	18	45	23	94	80	52	2
19	87	80	33	48	39	24	64	80	38	24	34	6	39	35	52	95	16	51	32
22	23	49	48	84	69	34	13	30	29	36	1	92	100	29	54	98	25	3	96
92	32	85	35	71	37	5	16	84	93	28	78	29	21	80	97	38	32	49	80
5	11	34	52	2	24	43	6	10	82	54	71	14	55	40	91	38	15	77	48
64	19	30	37	1	58	72	71	20	33	16	67	76	23	92	81	99	34	33	48
95	99	6	2	40	57	64	75	81	90	59	23	55	2	16	86	82	97	51	45
52	72	87	78	66	88	96	91	64	60	92	5	83	30	53	65	13	28	98	45
94	98	91	31	75	93	12	74	8	6	100	2	83	88	97	24	13	29	37	53
62	74	11	22	98	54	41	26	49	51	73	54	100	7	51	55	81	56	3	73
76	22	84	58	61	91	23	95	33	30	52	85	92	46	83	21	87	69	34	21
53	87	25	57	33	46	3	76	38	43	43	58	26	64	77	40	91	53	62	8
32	46	93	20	99	89	63	54	24	31	68	13	22	83	20	89	97	27	26	15
88	47	58	91	87	95	59	29	69	44	31	34	7	27	89	8	95	6	58	44
84	50	52	7	75	30	36	43	44	89	43	64	28	47	20	85	89	2	33	5
30	35	86	81	1	34	6	96	95	13	95	92	69	82	32	39	96	51	17	57
59	16	85	81	1	67	7	61	7	5	20	93	73	54	14	50	64	71	7	42
25	41	49	31	94	52	96	46	16	82	89	38	86	76	46	15	50	5	80	35
28	46	89	90	94	3	19	16	68	83	75	25	45	75	33	19	67	54	88	49
72	61	45	25	16	82	8	98	8	100	100	59	92	73	14	80	52	60	38	92
34	80	79	33	8	65	93	11	44	28	48	96	18	32	63	67	1	65	75	12
96	21	9	68	83	16	34	73	62	54	68	8	17	96	16	92	82	13	18	51
89	97	55	81	53	5	41	61	10	48	79	88	85	26	97	13	72	11	50	92
31	21	50	90	60	40	79	22	16	72	85	89	47	24	23	99	67	29	16	79
75	74	64	14	75	81	24	92	100	3	21	72	63	27	20	69	47	65	21	13
26	19	45	39	63	91	41	61	3	98	46	44	95	72	17	58	58	36	16	80
17	87	23	13	51	14	26	20	5	55	52	3	8	4	53	57	29	26	52	85
40	64	89	3	57	78	77	92	11	63	11	12	50	41	96	39	97	32	88	50
65	22	57	49	46	44	36	92	19	61	29	33	85	31	41	54	99	21	56	74
37	35	10	43	44	41	53	68	8	14	60	98	38	3	21	19	7	41	57	14
42	85	73	51	34	79	27	19	100	43	41	77	77	14	13	30	13	15	5	6
92	68	85	5	1	32	95	83	11	23	47	58	64	43	32	53	62	59	9	66
14	34	68	65	73	83	22	25	91	91	6	93	37	52	23	75	1	68	50	3
84	45	9	78	97	84	13	34	83	61	69	54	6	40	92	58	100	20	33	19
11	71	93	21	17	54	21	13	21	58	52	94	10	7	82	70	26	91	69	89
70	88	43	31	22	53	88	98	60	65	75	82	36	32	92	14	53	89	61	43
64	1	14	25	9	75	45	100	58	22	32	10	51	44	49	23	29	62	99	65
67	24	53	56	83	70	59	78	15	69	17	38	30	27	26	70	75	18	22	48
8	89	40	39	34	65	32	93	84	69	85	91	90	96	76	40	48	58	43	40
17	68	85	90	5	95	80	25	18	79	49	12	41	52	58	79	84	15	23	18
39	66	95	46	84	27	48	34	51	87	23	17	76	82	32	41	4	51	34	39
85	8	76	5	21	74	50	39	39	98	56	33	36	25	1	51	73	39	6	79
47	47	74	31	56	33	37	60	20	17	75	34	82	84	33	32	91	90	26	11
77	10	96	54	31	91	81	51	81	82	68	66	45	55	93	39	34	45	50	89
38	91	19	22	23	23	51	53	92	70	60	84	14	96	2	38	52	21	1	66
52	86	79	39	50	10	89	27	92	95	98	47	41	38	73	87	91	74	31	8
40	29	60	12	22	85	53	50	54	55	88	14	44	84	38	53	13	81	73	14
35	24	61	98	73	13	44	77	23	16	47	78	91	93	26	23	26	68	18	66
58	39	74	37	7	84	3	57	1	21	74	11	2	17	74	17	69	63	39	9
42	77	28	38	8	11	24	52	59	15	27	46	64	8	57	96	50	24	92	89
10	87	76	2	42	37	77	74	19	10	55	64	29	9	24	82	11	36	30	97
61	52	99	86	95	29	48	94	61	79	67	45	72	51	99	55	1	27	97	72
34	51	33	49	61	64	18	55	84	75	85	14	95	95	28	59	89	91	8	14
90	83	13	41	44	10	93	79	10	70	82	85	40	58	63	11	20	50	25	31
12	93	11	86	94	53	51	77	23	41	66	10	20	83	83	52	38	93	6	52
72	40	45	15	94	1	74	37	33	18	39	40	66	77	3	97	73	27	47	91
59	16	56	70	4	72	66	57	76	12	74	28	44	74	60	73	48	96	93	94
