5	100
16	40	40	24	37
64	55	65	29	7
100	62	70	64	22
45	37	33	26	54
44	5	1	49	60
83	52	25	77	60
5	18	69	35	26
68	14	86	34	12
53	61	36	68	48
36	93	42	21	62
51	58	12	25	68
11	39	91	65	54
13	31	89	70	3
83	93	35	39	55
32	52	99	15	1
83	69	34	2	25
91	10	4	15	9
47	6	44	67	15
29	23	22	81	99
23	73	67	66	65
43	58	4	67	31
100	60	97	24	85
42	6	90	41	64
4	27	74	62	56
77	49	68	25	26
9	31	19	16	79
11	3	68	38	82
33	6	38	85	9
88	9	21	82	73
23	34	82	17	96
96	99	5	11	88
94	90	80	41	22
70	42	82	46	75
40	39	52	59	31
98	90	89	53	69
69	29	86	52	4
75	50	2	21	84
13	98	58	50	88
44	27	97	64	40
46	28	75	8	33
85	82	23	87	98
6	10	53	43	20
66	5	28	38	47
21	41	61	62	62
42	82	3	72	88
71	93	26	14	23
41	54	78	19	19
93	27	15	23	78
3	46	15	30	23
39	100	60	17	19
6	67	14	46	92
3	80	51	99	28
13	84	40	21	80
12	27	9	19	54
94	26	39	84	60
97	67	73	50	49
71	34	10	95	17
75	41	32	28	16
14	76	16	95	65
19	7	95	51	11
13	92	41	63	26
81	28	30	87	95
37	8	2	51	57
80	75	45	4	6
71	95	81	3	41
18	10	44	19	41
91	72	22	39	36
80	93	47	69	37
47	11	46	34	80
6	75	66	39	86
45	62	91	46	40
19	11	39	23	8
71	84	11	47	4
65	87	64	15	77
87	29	76	68	59
61	50	48	24	36
44	44	6	34	97
30	82	76	99	18
70	55	24	62	66
63	100	99	30	16
20	12	51	62	99
16	86	24	88	80
70	64	15	88	65
27	79	78	51	75
84	11	65	98	8
33	5	15	3	97
61	51	18	9	17
33	94	45	36	81
45	58	89	20	48
6	40	37	97	39
84	23	48	56	32
9	47	53	54	66
11	71	22	91	20
19	46	7	72	33
34	35	42	70	31
26	23	46	51	2
93	69	18	65	13
38	3	63	77	8
86	41	91	70	71
74	37	98	1	29
