20	200
18	14	14	12	16	3	18	16	1	10	15	7	8	11	15	18	2	19	6	7
1	1	7	16	15	1	5	16	16	17	12	8	18	10	4	15	10	18	17	17
5	4	5	18	20	7	8	11	11	9	8	10	13	4	3	18	8	19	17	16
19	3	1	4	19	8	10	19	8	1	9	5	3	9	2	17	16	9	16	8
13	14	6	8	9	3	15	14	7	7	8	11	1	2	19	3	4	1	19	13
18	10	4	11	20	3	7	5	2	6	2	19	3	10	4	5	18	14	16	16
13	16	12	1	13	18	5	2	11	20	14	15	10	4	11	4	11	15	8	7
16	11	13	2	6	10	9	11	19	14	5	11	6	4	1	2	18	3	18	2
19	6	14	2	13	7	9	20	20	20	15	3	6	9	1	2	4	11	16	4
10	14	4	17	16	4	9	7	4	9	7	8	17	7	8	10	18	11	10	19
2	9	12	19	20	3	5	17	3	19	18	7	8	15	12	5	3	17	7	9
18	2	17	11	14	8	6	20	2	11	5	14	2	18	2	2	3	5	18	13
19	12	4	5	12	20	20	3	15	3	8	1	4	1	1	20	13	2	5	12
17	6	16	13	15	4	6	11	13	11	3	18	20	14	11	7	18	12	20	15
8	4	5	19	4	4	11	1	17	3	9	1	1	6	16	14	17	12	10	8
14	10	10	5	1	10	2	10	11	15	2	1	3	11	5	14	2	18	10	12
14	5	14	11	2	3	18	14	18	18	10	7	3	13	1	19	15	20	19	14
3	1	11	3	2	9	19	11	2	3	12	20	3	19	14	9	16	19	4	19
13	8	12	13	5	15	19	11	10	7	20	3	19	16	9	14	14	12	10	14
4	8	13	16	6	11	5	4	19	13	3	16	16	1	2	15	9	19	18	7
10	9	1	15	4	10	1	7	10	20	15	4	10	11	15	5	16	17	8	14
11	15	12	17	4	5	7	19	14	14	5	16	15	3	4	16	7	18	13	17
11	18	15	19	18	19	6	6	6	17	20	13	11	4	17	16	18	4	11	19
4	2	14	16	16	19	10	8	8	20	19	18	4	12	4	13	1	13	20	6
20	1	13	17	15	12	6	11	7	8	18	3	8	14	13	9	5	19	4	19
9	18	19	7	19	3	10	20	1	4	16	5	5	6	20	3	10	17	2	4
14	20	2	20	2	16	11	11	19	16	8	3	9	1	17	2	3	7	19	13
3	6	11	3	13	13	19	3	15	11	19	9	17	1	5	10	17	20	5	4
12	19	2	5	16	13	17	4	9	19	20	3	19	10	1	9	10	19	7	9
18	9	17	8	17	20	6	9	16	8	5	4	2	16	1	4	4	6	7	20
17	15	14	16	11	17	11	8	20	17	20	19	13	16	6	4	3	14	9	17
8	8	9	1	14	17	2	3	9	17	5	5	12	7	12	4	15	1	18	1
10	18	10	20	9	7	11	6	10	17	1	11	17	11	13	10	7	13	2	15
15	8	19	3	13	16	7	7	4	2	10	3	17	9	8	11	18	9	13	8
6	16	14	13	16	15	8	2	15	3	18	3	19	4	6	2	19	8	8	14
20	5	3	8	8	19	15	9	4	3	12	18	20	15	9	20	15	7	7	19
8	6	12	2	5	8	5	14	3	6	12	11	2	20	8	2	14	6	5	18
20	20	18	13	12	1	3	4	15	6	8	13	1	10	6	15	13	1	4	1
15	1	6	18	11	1	16	20	7	8	7	9	2	9	19	8	8	20	11	5
5	1	19	18	19	20	10	13	14	14	9	13	3	5	4	20	15	20	2	11
5	3	18	8	19	19	11	13	12	19	7	14	11	19	16	15	3	8	20	12
12	4	6	13	19	15	7	17	6	20	14	9	18	20	1	3	3	11	19	20
10	18	2	16	8	16	2	4	10	10	17	7	20	11	20	2	17	5	10	5
12	14	7	12	5	19	16	12	19	14	12	12	10	20	3	14	2	11	6	4
13	3	8	17	3	7	9	8	1	19	6	18	2	14	9	16	12	10	11	10
20	11	6	16	18	5	18	1	9	6	20	7	20	7	13	9	7	10	10	19
10	9	11	20	8	14	11	16	12	7	3	12	20	16	4	2	18	12	19	19
10	9	19	15	20	20	19	16	2	20	10	2	1	13	20	12	20	7	9	5
14	2	9	2	4	8	7	4	4	11	12	15	11	12	9	2	10	17	1	9
15	16	15	12	18	1	12	8	17	12	2	11	4	15	5	9	20	18	11	12
13	15	13	11	8	15	11	10	5	19	3	4	7	1	10	19	7	17	5	3
17	20	8	12	9	1	12	17	7	20	3	13	6	9	16	20	4	4	5	3
11	3	4	19	9	19	5	4	6	6	2	3	13	8	16	14	8	1	2	8
4	15	3	5	16	11	19	18	5	10	16	3	13	3	13	14	17	10	4	11
16	9	11	2	19	20	20	18	14	3	13	3	3	17	19	17	1	19	3	18
20	8	19	17	11	20	11	10	16	2	17	18	18	12	12	16	4	1	6	17
11	1	4	3	17	13	1	16	4	17	13	18	8	6	11	9	10	15	11	20
10	10	3	12	6	15	6	11	6	4	13	20	14	7	7	20	4	17	20	19
19	15	6	19	10	20	11	12	1	3	7	9	11	7	7	2	18	13	17	3
7	10	11	1	4	14	5	1	19	12	5	14	16	13	1	16	4	5	3	7
4	14	11	3	18	4	10	7	20	6	3	12	20	18	12	9	5	6	16	16
15	11	14	10	18	14	14	19	7	12	18	14	10	11	19	13	20	8	4	20
5	19	2	13	9	14	14	18	2	13	11	19	10	7	12	14	1	1	5	4
11	12	20	9	9	10	2	9	20	19	9	17	2	16	12	17	9	1	1	5
20	16	17	15	1	19	5	4	20	5	13	19	3	20	10	13	19	14	5	20
12	5	19	3	4	15	18	14	15	16	5	1	20	1	5	15	15	6	8	10
6	19	10	15	7	11	15	2	6	19	18	16	16	2	13	16	18	15	11	7
1	11	9	5	20	13	19	3	16	16	19	13	6	15	15	14	15	5	17	14
1	17	9	16	18	10	5	19	8	10	17	1	15	2	9	16	11	6	15	14
12	12	6	11	1	6	11	2	8	20	1	13	18	18	7	5	2	13	8	11
8	1	15	7	19	19	18	5	6	20	3	10	10	3	2	9	11	18	16	13
19	4	12	9	10	5	3	17	15	5	14	19	19	4	7	11	17	20	12	2
8	7	16	9	17	11	4	15	16	19	14	5	17	15	13	5	10	7	18	15
17	1	10	2	7	5	12	6	17	12	12	12	7	15	6	13	8	4	13	19
1	8	2	17	11	10	2	4	12	2	2	11	3	18	6	7	18	15	3	12
20	18	19	5	7	3	18	3	10	20	17	7	15	19	14	9	20	13	11	18
4	8	15	15	10	1	9	10	9	20	16	14	1	1	20	4	10	17	11	8
12	20	14	12	6	16	17	5	4	18	7	5	4	6	9	12	3	4	15	6
15	9	14	11	5	3	6	14	20	10	19	4	3	3	6	5	14	3	9	15
5	5	6	12	14	11	11	16	13	8	1	6	2	5	14	3	6	4	7	3
10	3	5	14	19	3	3	1	20	5	19	1	15	20	2	10	4	3	18	15
13	10	1	13	9	14	2	18	10	4	19	11	16	6	6	2	20	12	13	11
8	10	17	9	10	1	11	3	3	4	20	3	7	12	11	1	3	13	5	6
2	5	12	16	6	8	5	10	15	1	10	12	11	8	8	4	13	13	3	9
3	20	16	6	4	17	5	4	16	5	20	8	7	8	9	3	18	1	4	2
17	2	8	3	14	8	12	19	5	8	8	10	10	17	3	2	10	7	12	9
4	1	14	10	2	3	5	4	19	5	7	12	10	2	12	1	13	13	12	16
5	6	20	9	18	10	19	10	5	8	13	11	9	15	19	16	9	18	2	12
4	9	1	20	2	16	1	8	6	3	10	17	15	16	5	18	2	6	13	12
5	15	19	12	12	16	3	15	4	16	13	15	12	1	13	16	5	20	8	2
10	11	5	3	18	17	17	14	11	1	15	4	5	10	8	9	11	10	8	6
13	6	5	10	10	15	5	15	4	9	14	2	18	11	3	14	11	17	14	16
20	10	5	4	2	10	10	2	13	5	6	16	12	2	9	4	6	16	13	3
12	2	10	3	8	14	6	15	8	14	19	14	16	13	7	3	2	2	9	1
6	4	3	20	3	18	10	17	2	19	8	15	4	12	5	18	1	3	17	8
4	16	15	19	6	13	20	20	15	7	2	5	8	13	18	9	19	11	20	10
4	10	13	9	7	4	10	5	9	9	3	20	6	1	17	10	9	4	14	11
19	11	2	16	17	4	8	12	14	16	20	10	3	7	5	15	4	6	13	2
3	15	12	6	4	3	20	8	17	8	20	16	17	10	11	14	9	17	12	3
17	19	11	13	10	14	18	19	16	2	7	3	12	12	8	4	20	16	13	15
4	1	15	7	17	4	13	13	16	12	7	7	15	10	6	5	4	19	16	11
6	2	12	15	2	17	4	6	3	8	14	13	5	18	20	17	4	5	17	7
1	5	3	5	16	20	9	2	7	3	20	1	20	3	10	3	10	1	6	20
1	8	11	9	18	14	3	17	11	10	2	20	3	10	10	1	19	7	19	2
9	3	20	20	8	13	13	2	9	17	7	3	19	17	6	14	15	14	8	3
18	12	12	17	2	1	19	11	13	9	4	3	2	5	12	18	8	11	1	5
2	1	9	14	3	19	1	6	4	17	7	6	19	17	5	17	12	3	19	8
15	3	9	1	13	5	2	15	6	9	6	5	13	4	2	17	4	18	14	3
20	14	7	17	2	19	5	6	1	16	7	5	12	14	10	19	12	9	1	19
18	6	1	16	11	3	13	16	16	8	13	14	10	16	8	2	16	13	19	15
1	16	15	10	2	1	13	20	14	3	5	15	17	16	6	14	13	11	7	20
7	9	11	13	3	13	16	16	6	9	4	20	11	7	19	3	12	11	15	10
10	13	2	13	4	19	18	14	11	14	9	5	6	19	8	12	5	3	8	9
5	17	14	5	20	5	5	10	18	4	3	3	17	17	11	14	7	19	9	5
16	3	6	12	1	19	14	13	19	7	18	9	3	6	6	13	19	17	14	19
15	8	17	7	11	6	9	10	8	15	5	7	14	4	14	3	12	3	5	1
11	13	12	11	7	15	20	12	11	18	16	11	5	11	11	8	6	19	1	15
11	5	5	5	3	11	16	20	12	3	1	17	13	13	9	2	17	6	1	17
7	17	19	11	19	15	2	4	14	7	17	14	2	10	11	7	8	7	9	16
20	20	20	9	18	19	18	13	2	9	11	1	18	5	9	14	6	15	6	8
9	12	7	6	7	8	16	4	2	2	14	10	17	6	18	7	17	11	14	20
18	10	2	6	16	16	16	17	1	18	2	14	2	2	7	8	14	15	2	10
4	15	11	1	15	2	4	13	7	3	17	15	2	6	11	20	11	2	10	11
13	19	3	5	1	1	9	16	19	11	13	3	9	4	17	4	19	2	11	14
13	3	10	19	1	7	13	16	11	8	18	13	5	12	17	6	12	7	20	15
14	9	14	17	10	15	6	18	10	8	1	9	11	17	19	10	9	4	5	15
8	13	5	12	13	1	18	18	7	11	12	13	2	17	1	4	9	14	10	6
1	16	6	4	7	9	3	9	14	8	17	9	3	6	7	1	4	3	4	10
17	9	11	20	17	9	8	14	16	15	1	16	15	19	14	13	8	1	5	5
18	10	5	20	14	3	11	16	11	20	20	7	10	20	9	13	5	7	8	19
1	9	13	19	7	2	15	4	13	15	14	4	18	20	12	8	4	12	6	14
18	12	4	16	15	15	6	15	10	2	8	1	14	6	4	10	17	7	13	13
9	8	4	16	7	17	9	11	9	2	9	14	2	14	2	9	6	18	4	13
17	20	14	11	8	13	10	12	16	3	11	18	19	13	6	11	9	8	9	19
6	16	7	9	14	14	20	20	5	16	5	20	3	1	17	9	14	14	9	14
7	17	16	7	12	11	16	9	9	11	1	18	9	5	7	1	14	6	18	14
14	11	7	20	19	11	16	18	17	17	17	16	20	16	12	9	1	1	18	4
19	11	11	15	15	7	12	18	14	16	16	9	16	15	1	17	10	16	8	1
16	19	12	13	14	5	18	13	14	18	1	14	9	14	16	3	1	13	5	12
19	18	4	2	2	9	20	5	15	16	20	5	13	17	9	20	20	18	1	10
9	19	5	17	15	2	1	3	20	18	16	18	11	17	2	18	15	11	12	6
6	14	19	18	19	16	1	12	6	16	4	3	12	15	3	1	13	8	7	20
9	18	6	17	1	2	15	17	16	11	6	9	7	16	5	16	1	8	18	20
1	9	17	4	15	14	6	16	14	2	5	7	4	13	18	9	9	2	18	18
2	5	17	16	11	15	17	17	11	8	20	6	11	8	19	20	1	2	3	7
17	19	3	14	6	19	6	14	19	17	7	19	11	1	18	16	13	2	14	20
17	9	6	6	3	20	17	17	14	18	8	8	19	11	1	3	3	3	10	12
10	3	19	15	2	1	16	10	11	3	7	20	8	4	10	8	14	18	12	7
2	9	20	1	9	20	20	20	20	15	14	10	12	2	11	15	11	11	5	2
4	7	7	12	12	8	20	16	1	13	10	6	12	3	11	1	3	18	6	2
1	17	11	16	9	18	8	6	13	16	18	3	13	11	3	15	3	9	10	2
20	4	19	7	6	9	18	10	12	10	12	13	6	3	1	8	17	11	3	14
1	14	4	6	16	7	13	2	20	16	18	14	9	4	2	17	18	4	11	1
20	19	14	4	4	5	18	10	10	16	19	13	7	16	2	6	1	14	12	19
16	17	10	17	12	18	5	2	1	4	11	14	1	3	15	2	1	20	2	12
10	4	12	5	18	6	8	13	3	17	17	4	13	12	5	3	10	18	12	6
20	16	9	7	5	5	12	4	2	20	6	1	13	20	10	13	5	5	20	6
11	13	19	5	8	7	2	9	19	12	13	3	9	16	12	14	15	6	20	13
14	5	12	3	11	16	12	13	3	12	18	5	18	6	16	8	17	4	19	19
4	4	6	10	8	3	13	17	9	16	19	20	6	8	12	6	1	16	15	13
16	10	7	7	14	8	6	3	20	4	18	11	7	2	9	11	19	3	16	8
3	15	4	7	14	19	19	11	15	11	8	1	10	7	3	15	18	20	16	1
18	11	17	5	19	8	13	5	19	2	8	19	1	8	10	1	6	20	13	16
9	15	9	10	17	17	2	20	19	15	14	20	8	15	10	13	18	20	9	7
6	15	12	13	3	10	20	3	18	2	10	18	7	20	12	3	3	8	8	2
6	13	6	5	9	8	11	6	18	18	4	6	12	7	10	15	4	16	7	8
17	20	3	17	5	16	14	8	4	7	10	11	12	7	1	13	10	7	5	16
19	14	5	20	19	4	6	20	11	18	20	7	1	1	5	7	11	9	20	13
14	4	3	11	8	13	15	6	7	17	6	17	12	12	10	4	16	4	19	2
11	15	18	7	8	4	11	12	3	15	3	1	7	12	2	15	12	14	12	6
10	1	13	14	13	3	16	10	11	2	12	7	11	19	3	20	7	17	4	5
3	3	4	13	15	5	11	20	10	16	12	2	12	13	13	10	2	4	14	5
8	1	1	1	3	16	10	9	10	2	9	16	10	8	4	7	18	1	20	8
13	17	20	16	10	10	16	18	7	13	19	3	3	19	17	2	2	3	10	19
15	2	10	8	7	17	12	5	10	6	13	1	5	7	13	12	2	6	11	14
1	13	2	18	4	6	13	12	11	2	5	15	12	1	13	11	7	12	9	14
18	11	9	1	20	18	18	17	7	6	1	17	12	17	19	3	1	12	5	2
5	1	15	8	2	18	10	5	14	2	5	10	18	18	16	10	4	2	18	6
8	17	5	5	2	9	4	16	3	11	11	15	8	8	10	18	17	2	20	2
9	14	4	5	1	11	20	15	1	9	20	20	15	20	14	9	16	10	7	14
15	15	2	4	12	11	3	11	9	19	14	2	2	16	17	15	13	1	5	12
9	9	15	14	11	12	1	9	14	2	2	7	16	7	8	15	12	20	13	11
8	10	7	3	16	18	18	19	3	20	16	15	6	15	5	6	1	9	13	1
10	15	17	8	17	7	7	16	9	3	3	14	8	14	4	20	3	13	18	14
14	3	6	15	7	7	1	1	3	2	15	4	8	13	1	13	13	20	6	9
11	3	10	20	17	3	8	12	11	5	4	8	11	19	7	8	9	2	2	10
6	7	13	7	9	20	6	16	14	12	8	4	7	10	3	11	13	7	18	4
20	10	10	19	19	7	13	9	6	14	4	11	19	16	3	5	11	3	11	18
17	13	19	20	17	20	2	2	17	16	15	3	4	18	11	17	17	15	9	3
7	17	10	20	8	17	6	11	7	19	1	11	17	1	8	8	11	10	2	19
5	11	13	11	20	2	7	1	6	7	8	16	15	8	11	20	4	19	12	1
15	11	16	18	15	5	6	4	10	4	6	7	13	10	19	16	5	20	1	7
10	5	6	1	11	6	16	9	11	8	5	13	19	1	5	15	16	15	16	16
16	4	12	2	1	1	3	6	10	15	16	4	18	6	11	10	6	16	7	10
9	18	13	3	20	14	9	13	5	4	1	10	4	6	12	6	14	4	1	11
3	11	20	16	13	1	15	13	10	15	10	1	8	6	7	19	11	9	3	7
13	11	2	6	15	6	20	13	15	6	17	2	15	17	8	19	18	18	11	19
20	16	3	10	15	20	3	19	20	13	16	5	1	14	19	13	9	14	2	7
1	3	19	5	19	8	6	12	19	8	1	14	19	4	8	17	9	12	11	15
4	2	13	2	10	12	1	2	19	16	10	5	16	4	19	17	17	18	12	7
