20	100
9	17	13	10	17	11	3	13	19	1	9	4	19	16	13	5	15	13	10	5
2	6	2	1	14	10	6	13	1	15	9	9	3	11	16	5	11	3	3	10
1	18	15	17	5	17	17	7	11	3	19	18	13	9	12	3	16	12	16	7
6	11	13	4	13	20	2	8	20	9	14	13	10	1	4	4	11	6	17	18
14	20	3	18	16	11	17	15	20	13	10	20	7	17	4	11	5	12	5	6
16	9	7	2	9	7	9	13	5	8	13	11	16	19	14	7	8	16	8	2
3	8	9	8	20	15	6	13	17	13	19	20	2	11	3	5	13	1	9	10
3	5	10	12	1	19	4	9	3	18	3	10	4	3	4	9	1	19	3	14
1	16	16	12	10	13	10	5	17	9	14	8	7	19	20	18	18	18	8	1
12	18	10	19	11	10	17	19	8	14	5	15	18	16	10	7	9	18	2	8
10	19	13	14	5	16	4	5	3	6	11	4	12	3	3	4	6	18	2	1
17	11	18	3	5	20	10	12	9	14	9	1	16	20	11	13	6	16	15	15
7	12	16	3	4	1	3	16	13	6	1	12	17	2	12	20	2	10	10	5
7	12	17	10	17	10	8	13	13	10	19	10	4	8	15	5	15	15	19	4
18	15	19	3	13	18	5	15	9	11	12	16	7	10	8	15	16	7	6	14
14	11	3	4	8	11	9	9	7	8	5	7	12	6	8	13	13	14	17	19
6	14	5	2	19	3	4	14	20	1	9	9	10	5	11	7	12	16	16	3
10	16	8	2	7	6	5	2	2	16	2	3	10	7	9	1	7	2	5	5
8	15	10	7	19	17	18	7	15	1	2	18	19	15	10	11	6	4	16	14
19	2	12	4	19	7	20	3	17	11	1	11	11	11	15	15	6	1	3	10
8	18	8	2	15	5	5	15	18	18	15	4	6	12	7	7	4	6	9	12
17	15	11	5	1	12	7	9	1	16	5	6	1	6	6	2	15	11	10	15
3	5	6	19	17	18	5	19	4	9	12	20	13	12	14	14	8	3	2	4
18	17	15	2	14	9	4	20	7	5	13	14	17	15	10	12	10	12	9	3
7	9	5	12	5	5	14	9	13	13	15	12	10	7	17	7	11	4	6	8
15	5	13	20	17	18	4	19	3	2	4	16	15	19	17	10	13	3	18	9
16	15	8	15	11	1	4	11	18	3	2	6	7	1	8	3	17	5	16	7
2	16	7	12	9	20	18	11	10	8	15	9	6	18	13	1	18	18	10	16
15	14	1	20	1	18	10	14	11	15	14	8	7	12	7	20	9	17	6	12
4	13	1	10	9	13	20	9	9	8	6	19	16	20	12	9	15	7	11	11
10	4	1	16	15	7	2	15	11	13	12	1	12	19	13	2	13	12	12	8
18	1	6	3	10	16	13	7	20	18	6	2	6	15	2	1	13	5	16	3
12	6	18	16	16	5	7	18	8	11	16	4	16	4	14	10	18	18	7	20
15	15	16	13	8	11	16	18	17	13	9	8	16	10	16	13	3	11	8	5
9	15	20	9	3	3	7	2	2	13	3	16	19	17	8	18	11	6	9	6
10	10	1	16	2	8	8	7	8	1	7	8	10	3	11	20	16	7	11	6
4	14	16	5	10	14	10	20	2	19	2	18	3	2	16	20	15	5	8	15
15	1	14	1	6	16	6	17	7	8	3	5	15	3	2	17	14	16	6	9
19	8	5	10	19	10	6	9	7	12	6	11	20	17	11	4	20	15	20	15
8	14	14	14	17	18	4	20	20	20	6	19	19	19	16	8	16	5	2	17
10	18	10	16	3	12	6	18	13	19	17	19	17	11	1	5	15	12	13	2
6	6	9	8	6	7	13	1	1	4	9	15	14	3	5	11	5	19	11	6
13	6	7	2	3	7	3	9	18	11	13	4	12	1	11	4	9	2	10	17
20	5	18	10	11	2	6	14	6	11	1	17	1	8	9	1	20	8	6	19
4	4	4	10	11	5	4	13	13	1	3	3	9	14	7	8	9	18	11	1
2	10	3	8	11	17	4	4	12	10	5	1	17	12	13	16	2	8	19	6
19	13	2	5	8	19	8	7	2	1	13	2	17	5	18	15	2	16	20	14
2	20	2	3	17	3	6	18	2	12	7	1	19	6	3	9	8	18	20	12
9	17	3	11	18	4	4	12	15	19	14	6	8	6	5	19	12	19	9	6
13	11	6	11	15	12	3	12	2	9	7	5	17	9	5	5	18	11	6	13
19	14	3	3	18	1	14	14	1	5	17	10	9	14	19	19	11	12	17	6
1	12	11	6	12	10	10	20	1	20	2	2	14	17	8	19	8	3	13	14
19	10	12	18	12	18	16	4	10	7	15	6	14	1	12	7	4	18	12	9
12	15	14	1	4	16	17	13	6	1	12	8	19	3	7	12	1	13	15	15
14	7	10	14	6	16	8	13	5	1	15	11	12	5	3	5	16	11	15	16
1	4	18	10	16	7	7	12	14	1	7	12	4	17	15	6	5	20	16	8
9	4	9	6	6	2	16	15	1	3	16	11	19	19	14	11	9	1	19	20
10	17	20	4	15	4	8	16	11	18	20	17	15	7	8	18	16	12	5	15
11	13	11	12	5	16	13	5	3	4	17	5	1	17	19	12	5	5	11	2
14	1	4	4	3	20	16	12	11	17	16	17	16	5	9	18	6	9	19	20
12	3	13	7	1	16	16	19	9	16	14	11	2	4	1	10	9	8	9	6
20	2	14	7	9	20	10	17	8	1	7	16	6	12	10	12	9	18	3	8
5	18	3	16	4	5	16	13	5	19	9	18	20	14	20	10	9	7	18	2
7	20	11	8	10	18	5	10	14	9	2	11	6	2	2	3	20	19	3	4
4	17	12	10	13	9	16	13	13	1	3	3	20	1	2	5	7	15	6	6
20	6	19	16	17	18	12	19	12	17	11	10	4	15	18	10	8	2	16	1
2	13	18	14	7	20	12	5	1	17	16	5	14	18	4	19	19	17	13	15
17	18	1	16	10	13	20	6	4	12	18	6	19	6	5	8	8	6	10	18
7	8	19	15	1	6	17	7	11	20	12	12	9	2	4	5	12	3	4	14
1	6	2	9	20	10	7	8	13	17	11	13	8	16	8	10	19	7	15	5
17	14	16	5	1	6	18	18	2	20	17	6	3	16	18	1	6	11	16	11
20	9	14	14	10	19	5	14	14	14	6	6	8	20	18	8	11	18	8	14
13	9	7	14	1	5	11	12	19	7	4	9	11	4	5	8	20	2	16	2
2	4	4	9	14	11	19	4	19	10	11	9	3	2	19	11	3	20	14	5
9	14	16	8	10	18	15	4	15	10	8	9	2	7	12	10	6	18	20	10
7	7	13	9	17	16	7	9	6	14	5	20	9	11	13	9	9	17	19	17
17	15	9	9	3	2	8	17	11	10	6	5	1	4	19	2	1	8	12	15
11	6	19	2	6	8	1	12	14	4	2	9	20	3	14	12	19	5	7	15
9	11	19	17	9	20	20	5	13	12	9	1	6	4	7	11	17	7	4	15
2	16	3	7	8	17	6	18	11	8	4	17	1	17	7	1	8	2	14	6
9	17	20	3	15	1	4	16	17	4	15	12	2	12	13	13	8	12	9	12
15	2	14	5	8	13	1	9	18	6	4	15	14	18	7	5	17	1	13	8
13	10	2	8	13	12	15	10	5	15	13	16	14	2	12	7	3	15	15	3
20	16	19	11	1	1	19	5	6	8	16	7	20	1	19	5	1	7	13	17
18	11	5	3	14	8	2	12	6	20	2	3	7	10	8	18	12	11	8	12
13	11	4	17	19	7	16	13	3	8	6	17	2	18	5	10	12	16	18	13
19	7	19	6	6	14	20	11	13	2	14	11	20	1	4	7	7	8	4	7
13	9	9	19	14	6	1	9	5	19	7	16	13	15	14	7	13	19	11	6
7	6	20	2	15	16	18	1	15	19	3	4	13	11	1	10	19	1	12	1
13	11	6	14	15	18	18	5	8	18	15	9	18	18	1	8	10	7	5	19
8	20	15	7	17	3	4	2	15	4	9	13	7	10	14	16	20	6	8	17
18	13	14	18	4	14	7	15	11	14	1	12	16	13	13	13	17	20	18	12
15	17	11	5	10	3	2	8	5	6	8	4	20	8	2	16	7	18	3	3
17	9	12	2	3	18	17	14	18	1	20	1	9	16	2	2	3	9	8	2
13	20	10	6	6	18	12	8	12	18	7	19	17	15	16	6	5	10	3	13
7	8	10	5	6	8	15	5	7	20	14	18	10	2	11	17	20	7	16	5
6	9	3	1	14	1	4	14	20	17	17	14	7	16	15	5	10	6	20	18
3	7	2	13	5	9	9	15	5	19	7	18	14	18	7	18	6	10	11	6
4	2	5	11	3	20	12	14	7	6	8	15	8	19	2	20	7	10	17	6
12	10	9	2	10	20	1	9	10	18	20	1	15	15	15	2	2	12	10	5
