5	50
8	11	25	9	34
48	23	7	44	31
36	40	10	33	4
41	38	29	5	11
1	3	36	3	17
19	18	32	7	50
44	40	30	28	14
34	17	50	23	22
11	6	26	3	3
2	41	30	16	45
17	46	22	23	31
6	26	22	42	15
31	42	1	45	38
47	10	33	19	20
25	38	7	33	1
45	27	33	1	15
29	38	16	12	33
48	18	8	47	9
9	45	8	8	41
19	6	32	16	6
42	8	11	47	21
29	40	40	22	37
30	43	22	27	37
44	27	39	12	40
29	3	36	11	11
30	31	49	42	33
39	45	18	45	23
22	27	19	42	5
8	29	36	11	30
17	23	31	22	48
43	18	21	27	27
40	22	1	37	42
49	42	48	40	48
35	25	28	5	15
18	8	48	8	32
1	17	26	32	44
7	50	27	45	41
22	25	42	18	34
50	27	33	50	7
17	32	47	14	46
42	46	27	7	31
35	20	13	45	27
23	46	20	43	35
49	16	4	49	26
10	34	11	21	16
41	26	48	1	16
20	21	13	37	3
12	23	20	15	7
2	12	47	41	11
4	8	40	16	8
