20	100
40	48	40	20	12	3	13	13	17	31	6	45	4	50	36	40	33	45	1	6
6	39	9	43	18	2	29	18	1	11	4	10	36	8	16	2	2	34	25	43
49	4	13	6	20	46	41	44	12	27	8	10	32	11	9	1	39	47	3	11
24	46	13	7	28	46	10	47	34	34	38	50	21	9	8	3	27	3	24	23
12	35	6	24	3	45	28	25	50	15	13	6	32	15	19	3	41	6	29	24
36	44	11	28	40	9	40	23	4	7	25	37	24	30	50	39	41	39	5	33
18	35	48	19	21	33	18	6	41	5	12	21	24	1	37	18	25	28	35	44
6	5	22	44	40	27	32	2	16	30	13	2	2	47	6	1	47	42	8	8
42	34	33	49	45	5	13	24	44	32	15	13	4	12	28	14	14	5	29	45
1	17	41	11	43	11	20	28	45	36	22	34	21	28	3	22	23	23	49	36
14	9	8	34	16	50	48	41	19	43	38	42	13	13	7	25	44	23	6	35
35	36	29	9	11	31	42	26	9	6	41	41	6	44	32	42	9	7	46	43
13	30	9	3	49	30	21	9	22	28	29	1	17	15	2	29	31	50	24	35
8	22	32	14	2	47	37	20	32	16	16	38	27	14	23	5	27	26	11	31
11	34	5	32	28	41	24	42	42	4	11	10	33	11	35	41	49	46	1	2
44	2	28	6	13	42	24	4	43	47	2	5	40	44	25	25	17	1	37	12
23	46	28	29	5	7	5	17	29	32	7	31	25	9	38	9	7	50	19	36
18	21	49	45	2	7	20	40	37	11	24	49	10	40	30	49	24	50	1	6
37	7	26	11	40	22	30	32	6	17	18	18	32	1	45	3	47	33	27	49
37	16	31	18	8	9	22	36	30	40	35	8	49	14	50	11	46	39	6	31
27	39	34	20	43	7	18	10	46	27	2	42	23	3	20	22	27	8	3	32
50	45	2	17	32	11	19	18	2	34	7	9	28	47	22	48	32	11	25	2
41	13	40	3	38	44	35	46	44	28	34	38	36	24	31	32	38	18	39	33
38	50	8	12	20	44	14	26	32	22	41	17	33	2	41	38	6	50	29	39
27	24	25	24	1	20	23	5	17	40	11	15	23	43	15	42	5	28	33	44
30	10	15	23	38	18	6	35	33	43	27	38	39	50	7	15	26	34	12	1
22	10	10	42	12	26	45	40	37	50	34	28	17	36	9	17	9	3	37	33
14	39	22	24	14	23	26	23	37	1	17	21	17	32	23	21	50	23	11	12
24	16	48	34	10	49	22	4	42	40	6	24	48	29	38	33	38	36	29	39
1	22	3	37	33	13	12	36	13	38	18	37	42	26	10	48	42	39	14	15
2	22	32	48	45	44	23	38	45	41	34	15	45	23	11	2	14	11	2	47
38	36	42	4	22	19	32	23	19	40	42	50	22	14	38	29	41	5	42	40
40	24	41	23	5	3	43	20	15	8	35	31	37	17	28	16	31	29	26	27
12	1	19	6	49	34	43	31	36	33	12	9	19	13	8	14	46	19	49	20
27	13	9	12	5	11	13	6	37	22	48	13	30	16	28	40	5	36	24	22
11	13	34	32	47	27	12	25	10	15	21	12	30	7	50	49	43	8	2	39
22	38	44	14	35	50	30	3	35	19	9	11	46	28	9	15	29	27	15	29
49	38	46	23	2	36	33	23	17	29	47	47	35	36	50	24	19	21	48	48
47	10	40	42	6	11	17	3	49	36	21	17	44	23	40	34	42	22	13	49
17	8	37	7	22	12	26	11	28	35	46	9	30	18	32	40	48	5	17	41
20	31	24	32	9	31	4	12	46	17	33	48	8	49	31	40	23	34	21	44
35	6	25	14	40	12	38	26	42	50	36	38	5	22	30	37	34	6	49	41
8	15	15	11	3	49	2	31	37	42	17	15	34	24	7	14	6	11	42	48
44	29	21	47	32	45	43	36	20	45	7	18	36	30	37	20	42	14	12	41
11	7	39	50	33	22	4	32	16	16	31	24	14	2	48	30	45	19	30	9
6	16	12	42	35	50	29	5	38	37	23	42	49	1	37	37	40	21	14	10
41	12	21	5	14	34	4	35	32	7	26	24	34	4	35	45	46	47	15	34
43	50	45	29	43	40	25	13	15	11	41	24	5	21	18	45	46	7	29	2
46	45	24	31	12	50	8	46	16	43	42	43	7	31	18	42	18	42	12	25
10	42	21	21	17	2	19	14	37	41	50	39	19	14	39	49	27	14	18	44
32	29	47	22	20	48	18	25	3	26	27	4	46	4	43	4	25	3	14	10
32	45	10	26	43	3	24	43	42	20	16	4	24	19	44	31	45	49	1	19
35	44	11	11	15	46	44	16	21	35	24	24	1	9	12	37	20	22	30	18
25	25	33	34	10	23	30	28	10	12	10	27	2	45	26	38	34	49	12	48
9	8	22	8	46	42	4	16	7	7	11	24	20	34	45	10	11	27	2	42
16	17	7	10	26	48	23	6	33	25	4	21	11	32	9	17	3	26	39	18
20	15	22	3	1	36	7	19	1	16	28	7	48	20	32	43	2	13	33	48
20	49	34	33	4	41	14	38	25	29	7	36	39	34	22	2	46	5	9	40
41	4	6	17	47	47	24	41	1	17	16	41	43	41	49	21	31	39	49	11
23	20	45	22	10	42	19	15	49	30	48	47	5	44	7	16	44	17	36	7
18	23	38	8	13	17	44	48	36	2	21	7	6	48	17	22	10	34	8	5
29	9	43	21	20	19	36	49	35	33	28	15	4	43	44	1	33	37	10	44
49	21	30	47	10	42	42	7	28	36	6	10	9	31	29	9	31	18	39	44
31	45	14	3	24	7	3	14	5	17	39	24	24	15	7	9	30	46	11	28
28	30	22	49	27	18	6	23	14	36	20	16	48	16	13	4	7	27	24	4
39	29	3	11	47	33	36	45	25	20	29	35	7	11	17	2	24	16	27	7
1	31	50	20	47	24	26	9	2	3	2	4	23	8	40	49	28	12	3	45
32	11	48	44	7	35	9	37	50	12	31	42	50	18	3	8	29	34	14	23
7	28	44	23	19	25	13	49	22	18	24	12	14	33	25	40	33	6	13	12
15	40	10	40	22	10	4	6	5	32	21	45	48	30	38	5	18	26	26	32
23	11	16	32	38	20	29	18	43	14	26	24	21	2	9	17	19	4	2	9
21	8	44	40	48	30	15	34	45	21	22	8	31	31	40	5	25	28	2	3
31	37	13	42	7	47	24	46	22	21	36	15	25	17	12	15	17	26	35	9
5	45	23	23	42	19	44	41	13	4	43	42	2	49	28	35	46	3	34	1
7	19	13	24	35	8	33	14	20	26	38	49	43	44	48	37	14	40	50	39
4	33	34	18	28	45	13	26	39	27	20	14	43	35	2	36	33	50	38	35
36	30	22	38	16	45	49	8	1	42	21	6	4	46	47	25	36	46	46	41
45	7	25	43	6	24	6	9	43	12	4	15	2	15	3	25	11	47	2	34
46	5	25	48	6	14	11	48	38	27	1	37	4	47	40	29	5	30	32	43
39	40	16	39	38	7	4	39	43	23	14	39	45	13	46	40	32	28	37	43
14	8	22	16	12	18	12	5	26	24	20	32	16	10	45	6	40	36	10	50
10	23	6	16	14	13	43	41	2	1	48	28	43	40	29	32	19	50	28	21
45	49	14	20	3	33	24	35	19	40	1	47	19	37	33	42	3	6	3	50
25	21	4	25	27	43	39	27	31	14	37	40	9	39	5	11	9	36	13	31
39	8	23	12	1	1	9	7	7	38	29	13	48	29	46	25	46	39	44	11
45	47	5	6	4	11	38	30	33	22	33	18	44	22	11	18	49	42	25	26
34	33	20	44	36	24	42	30	44	31	16	21	43	3	37	42	4	18	9	40
14	30	25	36	5	11	20	27	19	29	26	5	14	18	27	13	28	11	20	30
19	9	37	2	7	13	25	41	36	19	15	32	33	36	13	5	8	35	40	25
4	16	12	16	6	11	7	25	27	25	15	43	48	30	22	5	44	23	29	42
37	30	42	1	14	44	22	29	6	22	5	43	22	46	26	3	48	21	47	46
7	1	15	11	4	23	35	4	14	8	12	36	6	48	39	25	25	12	2	12
39	29	20	5	21	22	21	2	4	19	8	23	27	33	36	37	16	31	47	42
10	19	15	49	11	19	37	25	8	1	28	36	20	36	8	28	32	10	41	32
2	33	50	46	50	39	10	24	12	3	10	45	15	10	2	20	14	21	45	2
35	47	45	4	42	23	4	41	26	8	6	6	41	15	41	27	20	20	50	22
10	14	13	6	42	34	22	10	34	38	15	11	15	39	48	6	39	47	4	28
36	19	48	5	48	4	5	50	20	26	1	45	22	23	43	21	34	39	12	8
1	44	8	39	44	45	41	2	18	35	39	24	16	22	37	41	17	9	9	38
30	22	41	9	37	21	40	43	47	27	23	50	35	47	27	43	12	9	11	3
