5	100
89	9	83	16	99
14	18	96	51	22
50	22	14	22	92
97	16	69	24	95
26	12	68	88	66
71	54	16	81	25
34	81	51	13	94
28	59	30	50	8
31	34	49	82	24
49	14	98	5	49
78	96	97	91	98
77	42	95	51	28
60	2	15	26	89
70	71	1	29	65
38	87	20	16	64
93	64	86	65	18
58	57	12	32	48
38	85	61	15	17
87	65	79	22	49
30	19	24	93	55
78	14	70	40	12
91	77	82	28	6
14	56	31	33	71
4	91	84	78	52
85	10	86	12	79
73	8	98	67	34
75	41	94	11	40
45	87	72	21	58
61	4	34	10	3
31	35	47	52	45
39	36	46	41	70
68	28	59	62	39
83	80	15	94	32
74	63	20	93	27
18	19	63	21	92
81	77	77	9	48
39	62	47	23	96
40	95	53	41	72
17	29	11	82	75
82	90	41	79	30
69	15	54	25	28
20	73	26	50	89
92	52	50	14	100
22	33	92	98	93
80	10	80	21	10
89	9	81	47	10
92	36	99	80	80
25	8	22	95	76
67	70	3	52	81
66	79	98	83	53
49	98	43	86	51
59	36	33	15	40
12	92	79	40	98
56	54	71	34	76
15	12	98	23	26
10	8	28	41	45
10	12	99	94	62
94	94	13	30	22
89	75	7	56	64
75	91	63	55	25
13	9	64	7	39
38	1	20	61	41
52	9	93	71	30
1	94	86	79	4
63	41	41	13	87
40	5	43	59	51
20	45	74	17	33
1	48	92	55	25
94	74	52	89	71
81	83	37	26	64
82	6	85	51	63
72	68	52	20	100
33	58	62	10	22
8	36	76	38	29
54	2	31	54	11
89	89	53	42	7
57	68	17	96	70
14	60	23	55	61
34	96	73	56	92
36	13	43	68	64
46	8	99	98	11
81	76	31	41	74
83	16	10	14	43
66	42	66	41	8
48	13	22	77	96
58	30	75	63	75
76	47	85	79	61
50	70	19	86	89
39	29	83	81	79
18	86	59	13	27
95	47	2	60	16
34	86	22	3	53
51	1	69	66	98
37	31	31	53	94
97	23	81	52	69
20	31	41	99	79
72	71	62	37	81
29	45	26	64	28
64	48	17	33	38
39	61	18	84	43
