10	50
5	19	3	12	4	12	20	7	17	19
3	10	4	13	18	20	13	18	9	10
11	13	8	6	4	16	15	5	7	4
20	13	7	6	5	3	18	11	12	19
10	17	19	18	20	11	7	16	20	15
14	4	12	14	16	12	12	18	8	8
18	16	20	14	20	11	3	19	9	15
2	2	6	11	1	14	15	11	6	14
10	19	5	13	10	17	1	13	10	13
12	1	4	4	2	15	18	5	19	10
8	9	8	5	13	13	18	1	14	3
17	2	12	15	19	19	11	8	4	3
10	11	9	16	4	2	19	3	10	6
17	11	12	17	6	2	12	20	20	18
19	1	19	8	17	11	9	9	6	3
4	10	2	16	20	18	1	13	2	11
14	16	12	8	7	7	10	15	10	17
7	11	8	6	5	10	12	1	19	14
14	10	17	7	2	7	9	16	18	9
2	20	19	9	4	4	9	12	2	11
1	15	20	9	16	13	3	16	12	10
6	20	14	9	18	5	19	5	6	20
18	14	18	2	16	8	13	19	3	1
1	1	20	9	13	19	11	8	11	10
5	13	5	8	3	2	6	10	12	20
6	4	6	2	13	7	17	19	13	9
1	4	14	12	9	5	20	6	16	19
14	11	15	17	16	5	10	10	19	14
3	3	8	3	16	18	16	19	17	6
2	13	16	3	10	1	20	13	19	19
3	1	14	13	7	15	10	9	6	8
18	8	20	19	7	18	16	12	17	12
10	2	9	11	17	1	16	12	8	16
6	17	12	1	12	2	9	16	17	2
8	8	14	9	9	15	13	17	17	12
5	9	17	7	10	1	12	4	16	6
19	19	1	10	3	1	17	20	8	5
9	1	15	16	4	2	9	20	2	3
8	20	16	16	11	18	1	5	12	11
10	6	1	12	3	10	7	4	7	8
19	14	10	12	4	5	14	2	3	8
13	12	2	14	18	20	3	5	19	5
1	12	9	17	15	3	1	4	13	15
16	5	14	14	4	15	11	4	13	7
4	19	2	5	18	18	4	7	14	3
7	2	5	2	8	7	6	13	17	1
4	11	10	9	12	8	19	9	10	3
10	20	13	13	2	3	11	5	19	18
20	14	10	10	8	14	1	12	7	17
10	18	7	12	4	14	10	13	13	10
