20	50
42	9	16	4	14	13	30	32	44	21	42	17	12	27	33	28	33	8	24	1
10	20	10	23	23	43	27	16	7	21	35	11	19	31	15	10	8	12	38	15
26	33	37	21	44	24	17	47	44	13	45	45	37	34	33	22	49	44	31	21
36	15	25	24	36	32	48	32	12	23	21	21	21	10	25	27	33	39	29	49
27	31	22	45	27	40	24	36	49	43	11	15	31	18	29	11	8	14	35	13
27	36	35	21	42	24	25	27	9	6	40	10	15	32	44	6	43	31	47	47
8	12	34	20	12	7	40	4	32	14	20	20	4	17	23	42	46	2	3	3
16	48	28	43	4	2	1	50	24	23	19	28	17	39	5	15	3	16	10	36
34	21	46	45	37	20	6	48	10	3	10	42	28	45	32	11	35	41	16	11
6	41	31	9	46	43	3	16	13	9	40	31	43	17	19	45	2	33	7	34
46	4	40	21	14	27	50	23	8	45	31	12	1	49	30	44	41	38	49	44
18	41	35	1	14	30	50	12	27	37	9	2	35	32	15	3	1	10	45	20
43	31	9	19	29	28	31	44	38	26	4	15	35	13	17	6	19	40	8	35
28	39	47	21	36	29	28	19	34	28	43	32	43	30	1	38	33	17	23	36
49	6	25	2	33	44	18	22	16	10	35	12	2	11	43	5	35	38	33	50
1	12	10	11	33	23	23	5	12	29	23	2	17	23	36	22	15	46	39	42
12	6	3	24	43	32	30	33	38	47	4	46	34	24	35	37	47	14	19	11
22	14	11	37	38	33	46	30	25	21	41	39	49	41	39	45	10	37	18	2
43	41	17	16	26	28	18	44	38	49	26	1	27	29	21	48	46	16	37	10
37	1	8	17	6	15	47	44	35	40	28	10	47	18	18	32	47	45	12	10
15	2	42	26	46	41	13	21	21	41	50	44	50	8	15	42	33	50	11	11
32	25	9	48	22	16	4	9	11	39	2	1	5	28	45	35	10	32	22	15
3	26	23	44	41	35	11	39	3	26	50	47	35	2	28	41	43	44	5	31
38	4	11	33	40	49	40	23	14	31	33	1	29	46	9	7	3	15	8	37
5	16	7	36	40	6	17	3	50	5	42	16	28	42	28	49	16	41	5	42
46	39	26	23	43	49	18	39	43	21	38	29	36	18	26	22	48	26	44	35
33	37	23	9	39	17	23	38	19	11	42	13	10	17	42	17	40	35	43	41
38	28	11	30	17	14	30	10	16	6	2	41	48	21	10	10	17	17	34	27
26	31	21	33	30	26	19	20	27	10	32	14	33	3	47	5	26	43	42	26
38	14	22	13	9	2	16	39	7	32	50	24	1	17	15	7	8	28	50	41
46	10	34	7	24	38	8	45	24	5	34	24	25	8	39	13	9	8	24	29
11	30	14	45	10	9	13	17	38	41	48	48	44	1	31	28	30	16	40	22
45	21	16	3	49	27	49	43	28	3	48	50	5	22	31	16	47	39	47	16
26	41	7	34	7	36	31	24	28	12	33	44	19	3	34	41	15	11	47	34
11	21	40	36	43	49	44	22	21	15	31	42	19	25	46	5	14	32	46	13
46	25	16	16	20	5	31	2	38	41	2	37	42	14	5	6	1	22	41	9
42	9	4	13	32	41	25	45	7	30	27	33	16	35	38	36	6	25	16	39
18	42	34	31	14	44	1	6	20	41	4	43	41	37	21	37	22	3	34	29
30	37	46	9	15	19	21	7	26	20	50	26	7	3	42	50	26	24	50	38
41	20	26	16	27	35	43	29	14	1	15	3	42	37	9	31	47	26	17	45
23	44	30	1	41	28	37	38	45	21	12	48	3	46	39	11	12	30	33	30
27	43	43	25	5	48	35	20	45	12	4	1	8	5	15	48	40	26	25	49
49	5	35	44	40	17	1	46	49	48	20	18	43	37	19	31	1	5	46	44
44	17	44	34	18	12	41	49	31	42	22	37	5	35	32	22	8	50	36	39
47	39	21	48	43	37	8	21	36	35	47	35	30	31	5	32	12	2	27	28
26	2	15	8	26	33	13	9	5	47	23	2	20	8	47	5	47	47	41	32
5	20	13	47	45	38	7	25	30	1	11	7	24	9	13	46	25	13	22	10
24	49	17	40	12	46	16	23	34	1	35	15	11	45	23	6	40	19	13	39
27	39	30	4	36	17	28	11	45	2	31	34	25	32	8	7	4	24	36	50
23	35	41	30	17	47	47	29	36	7	7	6	50	33	34	36	20	13	4	45
