2	100
89	20
37	37
3	34
81	48
65	86
51	71
3	34
55	62
5	80
63	37
65	100
32	12
41	52
1	30
24	59
14	43
59	83
67	2
100	3
100	39
34	55
84	9
13	95
54	38
27	1
68	88
39	98
77	89
88	25
97	52
34	51
24	6
73	8
12	21
68	53
62	3
81	25
3	11
17	24
100	47
98	63
3	24
91	26
5	62
6	78
15	76
6	49
6	84
31	78
36	5
83	34
70	75
40	66
8	15
95	66
73	65
26	51
54	71
48	1
16	47
4	51
15	91
39	87
97	32
20	20
81	40
88	95
64	65
94	29
84	26
18	91
68	41
5	50
50	56
95	36
36	30
63	90
2	32
20	80
37	54
70	76
95	75
86	34
77	32
87	90
77	20
17	90
29	14
84	74
86	89
37	41
37	85
85	51
77	99
94	33
45	14
93	31
56	42
96	93
55	72
