2	200
40	9
35	35
6	19
37	11
30	7
23	46
4	8
9	22
48	29
35	5
47	31
6	4
4	48
39	26
48	12
22	39
39	10
40	19
46	48
41	31
7	14
35	31
19	15
41	19
23	1
36	26
2	9
5	9
3	32
31	9
31	11
14	19
35	34
7	44
19	40
27	1
38	5
49	33
47	25
35	40
8	20
3	47
26	47
38	31
6	31
16	14
18	32
1	46
1	16
47	35
9	47
1	33
25	36
38	47
11	22
13	29
47	42
1	11
9	18
43	38
47	26
39	38
25	13
33	7
5	4
33	31
29	1
31	11
20	20
23	41
9	41
21	34
19	38
18	26
31	40
37	33
23	9
38	34
9	14
9	12
4	32
43	7
40	32
50	46
12	41
41	40
46	3
30	7
6	5
19	38
46	7
26	15
17	50
9	21
13	48
2	7
12	11
38	28
49	14
45	38
38	22
15	41
50	48
38	20
30	32
28	5
45	21
16	47
7	28
41	40
24	30
34	15
39	34
28	35
16	3
8	42
11	32
1	24
43	35
15	19
13	39
42	32
20	48
13	41
45	41
21	21
23	5
15	9
39	1
2	16
20	3
4	27
24	37
44	14
21	42
5	23
13	23
28	35
38	2
45	42
22	38
40	26
32	38
20	6
18	42
36	42
33	50
49	10
35	15
8	34
4	49
21	3
37	49
8	1
28	30
21	37
6	11
45	33
13	29
46	36
18	39
47	29
7	13
40	14
24	18
50	24
45	12
38	23
17	38
39	34
30	19
28	38
22	50
36	22
5	17
47	7
20	22
17	16
3	42
47	24
10	44
28	11
31	47
43	45
24	22
16	26
40	13
7	49
11	9
8	7
28	18
9	8
21	44
5	23
46	22
20	26
41	16
25	36
42	18
8	25
