2	100
2	92
84	89
31	100
47	42
13	61
91	100
79	47
50	73
26	76
9	6
78	17
15	32
22	23
14	73
96	85
40	15
7	26
64	10
34	1
27	81
74	53
31	33
67	33
73	52
50	18
2	38
44	36
49	86
77	53
68	8
86	74
46	28
22	77
94	53
83	40
40	25
49	28
32	25
87	82
65	89
51	62
24	79
84	2
71	71
78	79
34	82
34	19
95	100
7	3
12	91
40	20
70	10
79	77
89	16
4	24
100	95
88	79
58	24
51	68
45	21
7	23
76	5
7	58
92	31
33	32
18	84
71	75
49	32
93	14
1	8
13	55
67	54
79	39
94	55
62	71
50	40
59	91
85	18
44	65
4	21
85	59
84	72
7	16
24	13
31	27
32	38
68	38
8	52
56	23
26	68
65	38
70	62
83	79
26	80
91	32
88	28
11	80
23	55
72	95
47	64
