5	100
87	55	6	20	31
72	67	51	91	97
3	46	24	25	81
81	39	32	85	69
92	6	68	26	30
49	6	48	14	31
59	13	58	57	92
17	65	43	7	10
63	95	35	68	25
19	25	93	53	58
100	29	33	15	51
81	88	81	90	82
66	20	37	61	38
91	89	67	33	64
16	96	26	76	7
97	72	1	1	12
25	13	96	56	31
31	81	43	6	12
30	85	54	25	44
44	59	74	30	35
31	58	61	89	43
4	3	58	9	55
9	88	81	78	58
54	24	81	30	7
10	46	62	22	35
31	43	1	33	63
39	98	71	66	82
67	53	7	14	27
29	23	34	52	3
42	5	76	68	91
20	78	45	24	25
85	97	39	55	12
62	2	26	47	16
11	17	15	97	92
1	18	68	3	79
87	13	10	20	93
27	67	34	42	44
62	54	48	41	97
70	14	53	2	66
27	98	88	37	92
26	90	80	76	90
3	11	42	45	38
72	87	20	62	85
96	69	84	4	55
58	70	74	100	22
88	65	66	38	52
90	26	74	28	68
38	88	58	53	41
51	12	3	4	25
83	94	91	18	71
59	15	85	82	35
57	16	80	55	2
39	46	5	94	49
47	14	93	95	47
8	11	31	63	4
46	67	71	75	39
94	74	48	67	94
75	42	92	94	11
22	8	4	51	3
6	7	10	55	79
70	1	97	71	63
49	84	22	78	89
90	46	6	16	8
65	98	38	1	75
6	22	100	84	26
1	7	81	61	99
39	57	17	97	70
94	78	78	5	45
91	20	14	5	22
77	2	88	43	38
8	70	10	81	73
49	2	13	46	62
42	4	61	80	50
34	30	9	47	15
87	21	34	56	84
86	8	95	63	49
99	20	38	23	92
70	47	36	25	21
92	65	32	44	4
88	59	35	56	88
48	94	42	28	52
87	37	55	98	87
41	8	51	97	63
23	67	39	88	81
87	94	85	26	24
22	89	90	52	97
28	73	40	76	2
6	78	10	72	5
34	93	39	38	80
84	15	36	81	82
21	21	48	76	1
55	9	16	4	30
99	47	3	2	60
69	69	76	96	57
45	57	67	83	47
95	55	47	47	41
8	54	10	71	76
7	26	65	75	47
98	62	6	43	7
88	90	38	79	12
