20	100
31	28	16	40	44	20	15	46	23	1	21	1	15	29	5	10	11	40	26	1
33	26	30	50	38	29	19	48	33	35	2	32	44	47	8	27	31	40	41	1
21	47	26	44	2	36	38	43	12	19	9	33	40	44	20	5	48	17	2	16
1	18	14	39	50	40	7	18	21	29	30	21	50	26	31	36	50	37	48	2
41	27	36	14	26	20	42	1	27	3	29	14	39	26	1	4	34	38	44	12
29	20	22	34	40	38	33	15	14	34	6	12	19	50	25	25	32	1	13	31
48	7	41	19	50	16	33	24	25	27	3	12	43	37	23	21	5	3	25	39
37	28	38	44	48	18	45	39	1	26	23	33	26	14	15	23	29	4	35	24
6	10	40	37	31	44	19	33	27	5	21	30	27	24	45	21	20	48	21	32
21	44	24	50	5	21	37	29	22	1	42	1	18	1	34	28	38	1	13	5
50	13	12	47	6	43	7	3	20	45	4	32	34	4	3	12	36	41	33	11
8	40	11	27	13	20	12	26	41	18	33	20	35	17	33	9	33	27	44	12
14	34	10	28	48	11	18	15	48	23	42	47	18	2	47	10	2	36	34	37
32	32	12	3	13	34	47	17	21	45	30	10	48	22	48	24	31	34	30	3
3	48	28	19	26	36	2	33	20	24	8	47	43	8	31	33	23	7	16	14
14	1	44	4	43	33	50	47	5	24	30	18	6	32	34	34	4	44	27	27
33	14	48	48	37	33	17	40	42	15	2	24	19	17	39	2	4	25	26	44
37	6	29	47	44	40	41	12	24	47	30	29	30	39	31	1	4	47	17	11
16	10	6	40	23	6	50	40	43	33	31	30	18	33	41	27	36	2	4	48
42	5	17	45	36	23	45	30	36	39	49	8	8	15	28	27	1	39	25	39
40	2	20	42	17	50	12	47	49	5	16	2	43	20	20	12	44	11	5	50
12	20	5	5	34	23	22	4	5	15	27	47	28	15	8	41	36	25	29	36
12	48	32	32	24	47	15	39	46	17	33	41	35	25	28	21	47	16	9	44
28	8	43	35	29	19	25	28	12	30	27	19	32	19	39	14	39	24	31	37
9	34	8	39	32	37	13	3	37	38	44	21	17	36	8	4	6	47	3	5
23	37	27	17	41	15	9	16	36	14	32	23	35	23	35	45	1	4	4	42
6	23	42	24	36	7	3	47	11	35	9	42	21	26	15	22	7	42	48	17
28	47	17	23	6	21	36	45	1	14	4	2	44	12	49	1	46	3	31	35
13	12	6	1	6	41	3	9	9	14	38	9	7	37	15	10	6	19	19	16
21	8	46	47	32	8	49	10	27	14	27	5	12	14	5	17	42	16	18	16
19	28	37	38	27	45	46	7	48	40	46	28	35	16	14	5	16	9	20	48
43	43	32	45	37	34	48	43	33	48	18	40	1	3	47	44	22	9	20	38
13	42	13	38	19	49	20	47	50	1	1	33	47	21	24	26	46	42	1	44
48	3	25	50	22	6	28	32	19	21	33	8	39	32	35	2	31	45	26	39
14	1	44	32	48	36	43	30	30	22	49	30	8	27	40	10	17	14	16	13
22	38	28	30	18	43	44	15	36	23	45	1	17	13	30	47	10	43	2	37
14	48	2	47	23	3	50	13	43	25	35	18	30	13	17	26	23	14	15	5
42	28	44	8	27	48	14	46	47	43	1	24	13	29	50	25	36	32	7	15
44	31	23	11	38	28	22	4	46	5	24	46	29	47	45	36	4	44	21	25
40	4	17	50	25	12	5	1	13	43	40	42	8	1	12	12	6	34	21	49
26	10	50	43	19	6	46	16	35	14	21	43	11	32	25	40	15	23	37	27
23	22	41	4	15	33	39	29	35	34	31	21	24	22	50	31	5	25	31	20
16	40	16	50	23	48	31	26	26	22	47	33	47	45	26	5	19	47	29	37
17	18	31	2	33	50	19	40	33	45	36	41	42	18	11	34	6	42	32	17
2	14	3	13	37	49	24	30	47	45	12	9	46	45	3	49	9	15	17	23
30	42	43	31	37	7	41	30	34	42	50	27	15	12	36	4	15	19	15	35
26	40	43	38	33	28	45	48	15	13	26	41	26	9	38	10	21	23	27	31
8	45	46	5	46	35	44	35	10	49	35	41	1	32	47	40	50	5	48	9
12	44	15	22	17	10	2	6	25	26	34	43	42	35	28	32	45	39	43	48
35	11	38	17	29	36	40	44	13	48	11	17	25	18	19	14	30	24	38	37
34	38	10	34	16	42	49	17	4	16	45	11	13	50	25	2	7	49	44	32
20	8	44	28	15	18	18	25	16	15	2	22	2	7	15	48	2	4	1	37
37	24	41	47	3	1	4	25	43	17	8	32	30	7	18	26	44	33	20	49
25	25	1	40	15	24	10	6	36	28	1	3	49	8	45	46	18	48	25	15
14	43	32	49	8	21	42	45	40	39	4	19	35	2	12	13	23	2	33	29
41	49	40	16	17	6	33	23	12	22	9	46	8	5	36	32	44	3	33	44
33	15	17	47	24	32	18	47	46	33	24	16	15	46	24	15	4	16	33	3
38	20	33	18	30	8	11	31	17	31	20	21	20	39	47	27	32	43	42	35
38	37	27	30	49	43	32	13	31	21	29	28	20	30	7	14	32	49	18	16
21	38	30	16	14	3	47	26	50	48	34	11	25	48	15	1	43	4	20	37
27	49	50	46	3	42	1	40	33	33	45	33	26	26	14	1	7	12	17	46
47	6	14	33	37	18	3	22	16	6	21	29	30	31	40	23	38	34	14	22
3	8	44	17	4	2	36	49	35	15	44	32	38	25	41	22	36	17	10	35
39	29	24	28	12	16	4	46	37	42	13	24	49	45	43	39	12	47	30	36
33	4	38	2	12	40	42	5	40	18	38	22	25	29	33	24	34	17	5	38
48	41	13	44	2	21	34	43	33	2	10	39	38	24	3	36	42	23	16	22
25	49	6	19	4	42	49	20	13	19	6	46	42	43	39	43	42	44	50	42
7	49	23	38	8	49	35	2	27	48	33	11	1	34	14	49	35	45	40	11
23	14	31	14	47	15	48	45	35	10	45	48	24	25	16	26	27	18	11	6
8	47	44	15	37	45	45	9	29	40	8	47	5	39	19	44	19	10	41	44
2	40	17	17	4	35	38	27	18	38	23	18	34	35	4	26	20	16	27	3
20	39	17	46	3	48	44	36	6	22	7	17	27	18	4	19	31	28	12	2
8	19	41	41	17	40	14	20	36	44	24	3	33	39	24	14	23	22	14	7
42	2	21	46	32	6	41	17	32	36	46	43	5	26	46	2	48	26	30	13
35	25	1	13	49	4	35	38	44	41	46	9	14	6	11	6	48	46	10	11
49	47	39	50	48	31	49	8	44	22	16	48	42	2	22	18	2	9	48	28
22	3	23	41	40	37	30	50	16	40	5	3	16	19	14	38	37	1	15	18
6	28	45	23	26	48	18	13	34	43	4	40	48	33	39	46	25	48	11	12
2	49	43	4	18	13	33	24	38	35	32	2	44	31	22	45	9	1	16	43
20	18	17	23	37	16	5	33	30	18	13	39	41	4	16	7	35	42	5	13
15	45	25	49	12	2	46	18	11	45	38	25	32	18	42	35	33	20	18	3
8	50	44	20	22	43	12	40	15	15	10	17	46	4	28	26	43	18	11	35
20	38	22	36	30	39	8	23	13	32	25	16	25	3	5	15	1	6	27	20
41	7	4	46	35	22	29	28	40	17	43	15	9	33	34	21	29	8	40	33
35	40	28	34	41	45	43	44	49	13	25	38	41	42	44	13	35	26	2	9
11	30	33	46	39	11	7	42	19	34	37	44	16	45	35	2	30	20	6	41
29	36	30	28	42	6	24	18	39	21	37	3	6	31	23	6	7	32	45	31
38	1	25	16	27	31	23	47	7	43	34	15	21	12	31	26	1	6	5	34
37	40	3	49	48	34	38	35	22	30	45	48	26	26	3	29	11	14	2	11
34	27	11	47	38	23	33	45	1	48	5	2	28	11	44	49	48	27	18	43
44	38	26	28	48	36	39	45	10	3	15	37	5	44	1	10	29	7	11	25
2	44	34	24	25	44	21	15	32	4	31	35	47	10	18	46	2	33	49	2
34	39	35	49	34	19	47	34	11	34	21	41	16	43	41	50	5	3	4	5
15	25	13	6	22	30	41	46	26	6	9	46	9	10	42	14	9	35	41	6
47	37	4	49	34	40	20	4	19	19	42	50	30	44	38	9	26	30	27	4
29	2	9	5	25	25	33	7	2	28	41	20	12	48	8	28	21	15	22	33
11	38	28	8	15	10	17	15	22	33	39	30	8	37	28	46	29	50	24	10
8	14	2	41	28	22	38	32	37	10	39	11	8	45	44	42	25	2	41	15
9	18	35	20	40	12	12	25	21	13	50	22	41	13	25	47	36	37	30	43
23	35	29	13	44	28	22	14	44	37	21	28	9	9	2	41	30	33	2	17
