2	200
27	34
5	3
27	50
38	4
35	12
8	27
5	10
45	45
11	40
47	18
39	45
42	48
5	45
36	37
9	5
40	24
23	39
10	36
29	30
17	21
40	3
32	43
7	19
26	37
35	40
28	19
38	8
17	32
43	7
49	33
14	2
46	31
22	35
4	17
1	10
16	31
23	26
28	37
13	49
42	36
19	50
2	19
27	22
36	15
23	28
43	22
32	35
8	38
7	2
21	22
16	10
37	25
24	48
47	12
31	31
20	45
16	14
14	14
1	27
4	1
49	39
45	23
18	44
50	39
18	40
30	12
29	21
21	10
13	27
46	30
26	25
35	43
8	49
7	19
21	45
38	31
49	21
23	27
15	14
8	31
48	9
45	41
1	8
16	46
43	5
2	24
32	25
26	25
5	3
16	20
38	32
18	24
3	50
14	9
48	44
45	50
20	16
32	18
31	45
42	1
33	12
26	16
43	15
49	24
45	48
23	13
49	39
43	17
41	21
39	2
45	8
48	50
11	3
5	17
44	8
45	10
11	16
37	27
7	3
31	38
1	40
14	1
21	32
1	31
23	15
27	10
6	41
6	25
14	26
5	41
10	33
31	38
4	13
3	34
2	17
11	39
41	1
2	6
45	48
30	30
2	24
44	29
31	35
5	21
10	12
13	32
48	40
29	18
9	27
47	8
29	17
30	6
5	39
20	6
40	50
31	17
47	26
40	37
39	3
7	19
9	33
24	40
5	30
41	1
23	34
47	19
1	22
1	35
45	39
24	43
16	49
32	11
32	46
35	23
1	42
29	7
20	29
50	47
44	40
2	26
48	19
33	6
4	13
16	26
25	5
42	1
29	15
3	10
1	14
9	9
45	19
1	31
5	41
49	23
22	5
42	6
37	49
45	47
16	26
7	19
