2	200
89	46
29	97
70	72
6	15
43	28
73	16
70	93
82	22
64	62
65	29
88	68
12	70
15	43
15	72
61	5
3	22
21	43
59	72
91	79
96	50
75	24
90	50
27	60
6	78
16	96
26	28
94	12
21	22
35	60
83	27
58	35
55	38
26	52
95	27
34	10
31	86
66	15
55	65
79	63
44	56
38	38
56	66
79	76
28	9
23	38
38	32
97	69
92	41
70	52
24	76
65	79
44	7
65	41
62	80
58	57
43	72
16	27
90	21
79	90
59	50
24	87
5	96
73	99
89	97
24	15
95	27
39	69
92	59
94	50
1	38
15	49
52	66
95	66
16	70
80	71
62	81
94	75
52	78
74	48
34	67
53	65
56	44
62	17
34	48
36	32
28	29
89	21
35	75
35	40
1	8
83	20
18	53
53	15
34	64
17	14
85	46
17	34
86	51
94	9
4	79
33	69
34	48
44	33
92	73
41	78
44	35
47	27
84	33
47	4
91	48
84	70
31	23
47	82
13	56
36	85
82	27
36	23
76	15
86	70
9	20
23	62
24	40
70	51
100	91
51	53
4	90
18	57
96	63
38	12
2	63
21	37
38	57
96	18
99	25
52	70
48	77
95	72
25	22
47	92
53	97
83	23
5	83
81	92
9	80
27	13
77	74
69	46
100	87
25	68
44	53
52	75
39	82
6	27
95	47
32	74
17	47
60	5
81	98
32	55
76	5
9	20
98	39
93	75
9	50
72	39
98	80
48	100
46	8
84	24
78	54
97	63
48	54
97	31
15	64
66	2
56	70
92	40
45	32
78	1
90	31
19	46
75	94
76	38
100	60
60	73
14	8
78	22
8	47
73	44
43	62
60	45
84	71
84	29
88	8
56	14
31	84
35	47
36	51
88	55
78	60
