5	200
85	72	76	8	44
41	97	92	79	11
28	65	31	9	5
100	63	24	90	100
55	16	93	57	82
52	99	6	87	19
66	49	91	59	1
8	59	41	45	89
56	86	75	96	17
8	84	34	71	9
45	15	78	79	65
69	80	20	27	92
42	91	6	61	45
80	75	73	8	98
42	23	80	1	44
70	41	97	41	75
69	66	36	78	75
51	71	13	94	32
28	40	14	54	48
65	80	15	51	38
33	11	27	74	68
23	36	77	35	96
29	83	80	52	24
77	56	28	87	94
9	63	80	77	71
3	9	26	54	79
90	27	47	3	42
59	40	63	11	53
16	94	78	99	4
45	60	63	31	72
10	53	29	57	30
71	32	50	3	66
14	11	24	57	6
2	37	77	11	66
38	93	18	34	79
15	86	81	74	26
43	47	96	83	70
38	98	90	74	71
27	90	60	46	39
6	71	21	93	2
9	83	52	66	34
17	35	95	79	15
86	51	77	78	23
68	15	41	88	69
4	47	4	40	39
49	34	73	96	74
45	65	89	72	18
60	95	31	49	53
3	4	12	59	86
77	13	83	23	71
91	30	34	25	98
62	80	13	27	86
84	63	99	5	71
22	63	5	61	63
74	84	92	35	66
1	36	45	54	63
36	52	50	25	83
15	31	64	75	56
81	83	5	64	70
41	5	7	89	65
14	8	23	61	98
7	38	100	60	97
27	36	59	65	51
32	13	75	23	56
92	99	31	5	83
91	80	29	65	25
97	30	56	90	49
28	30	90	28	76
77	31	5	78	30
46	25	40	13	38
28	31	85	33	74
16	78	18	78	8
28	9	35	35	1
97	80	69	16	23
3	24	48	47	80
61	94	53	76	38
67	40	16	28	97
67	46	24	17	33
51	12	12	20	49
68	97	70	78	33
66	56	25	91	36
5	83	38	54	13
23	25	42	40	41
88	94	8	39	35
52	57	53	84	72
91	12	28	98	12
65	24	76	43	72
11	16	26	93	92
84	8	70	4	11
27	70	72	80	61
75	89	32	43	82
10	4	41	20	45
94	56	40	43	49
99	49	100	69	30
73	68	16	47	52
44	87	49	73	45
21	40	49	38	37
76	92	33	61	62
8	75	6	48	99
28	68	28	56	12
78	71	4	50	89
7	74	86	92	39
24	55	69	76	24
54	8	3	6	73
7	17	39	7	23
98	63	68	48	24
76	60	94	62	67
51	36	100	50	30
3	7	42	23	39
54	7	31	25	45
21	66	22	83	5
62	32	98	27	91
45	6	38	68	63
64	61	8	9	73
18	9	54	76	70
1	75	17	68	69
92	33	43	4	4
10	38	12	57	5
19	39	73	59	86
97	69	74	60	76
93	100	22	53	27
12	13	46	13	5
87	16	30	58	99
13	64	35	64	53
26	50	51	4	54
80	36	95	91	74
32	2	57	93	77
93	11	91	77	93
98	92	99	53	18
4	10	15	60	74
34	35	11	7	50
44	49	19	99	48
76	18	56	40	73
86	60	38	82	7
3	73	58	72	56
34	51	99	86	51
71	22	35	18	40
97	91	50	43	33
44	92	93	30	17
81	37	60	80	33
44	72	33	54	71
61	78	39	52	16
94	51	33	48	78
55	83	38	100	76
95	11	95	50	63
11	81	29	55	76
98	91	19	54	8
99	89	82	47	80
20	53	98	28	39
94	60	46	52	63
98	99	61	5	38
34	78	84	91	61
81	49	85	77	18
3	33	80	41	79
66	2	92	20	56
43	13	68	11	70
51	36	77	93	79
99	31	15	16	74
22	6	91	87	100
71	68	22	10	36
62	81	5	74	97
96	8	41	49	96
22	10	73	22	10
45	73	92	99	20
73	18	64	67	58
61	12	6	21	86
75	92	58	75	9
71	31	4	96	83
92	90	66	21	53
12	33	69	77	55
99	77	23	91	64
44	17	38	17	37
84	3	20	63	21
31	53	99	14	39
15	70	96	16	28
83	52	43	15	46
28	44	29	67	88
99	69	68	12	65
54	93	87	60	100
90	70	3	100	22
60	35	55	38	41
29	82	8	63	81
92	74	23	71	10
40	74	54	76	23
63	86	87	50	85
22	83	37	16	39
13	49	44	93	87
93	89	91	27	59
17	61	5	31	73
80	70	17	50	60
16	17	28	78	60
74	48	6	53	19
46	46	93	25	68
43	31	30	84	17
51	83	28	18	6
2	82	57	77	6
52	67	87	56	23
97	22	66	34	13
45	84	38	8	13
72	69	80	63	31
