5	50
4	74	82	31	18
75	70	14	77	33
66	77	8	57	7
26	96	19	75	35
45	46	35	41	44
49	52	76	26	7
10	51	22	29	32
55	31	73	22	60
68	38	23	20	39
81	90	37	41	48
43	26	78	99	54
59	40	41	87	69
23	95	88	71	23
15	56	80	26	52
96	24	97	16	67
8	24	15	3	64
59	16	35	79	65
85	74	24	75	74
16	91	86	53	38
74	50	52	98	24
25	11	12	90	53
19	30	63	32	47
36	25	39	24	11
7	60	10	7	39
42	33	5	52	36
5	38	45	78	94
58	72	18	80	40
48	5	45	27	46
56	11	92	29	38
92	53	63	42	31
14	41	45	59	82
92	6	60	54	48
81	85	85	39	89
64	7	59	84	63
2	15	84	62	83
32	42	77	15	45
53	76	3	47	80
18	27	59	98	48
43	46	92	79	65
71	26	53	41	74
85	94	79	80	29
99	57	84	76	51
51	29	45	10	95
5	83	38	60	72
38	49	61	37	21
57	24	5	97	13
6	89	37	41	60
60	98	24	18	81
61	44	83	48	97
14	1	82	85	60
