10	50
40	40	41	33	47	29	9	8	47	23
35	8	43	6	37	27	23	32	39	1
3	35	29	5	31	29	28	9	39	36
39	22	42	23	39	50	10	7	22	15
4	18	31	17	25	36	28	22	27	21
42	29	23	28	25	5	12	36	3	18
1	1	19	12	35	13	17	21	18	37
17	17	11	25	47	36	5	12	31	45
2	7	32	19	44	10	50	14	49	34
38	25	5	4	14	4	49	20	33	12
19	8	5	40	4	26	18	48	32	40
1	1	6	8	16	45	19	1	18	25
14	4	23	34	49	43	12	7	12	43
38	35	29	19	26	45	2	42	16	19
43	2	32	9	34	38	19	47	39	19
36	49	2	9	49	15	36	22	41	12
14	11	37	39	3	16	23	38	32	22
44	27	35	50	32	12	23	14	50	12
24	16	19	43	8	39	34	21	20	11
9	30	1	4	5	32	16	44	7	19
16	32	16	17	26	9	14	3	27	38
43	23	22	30	39	49	43	45	31	14
33	2	18	21	13	14	27	32	45	1
47	29	7	32	47	42	1	2	17	50
26	32	45	33	19	37	9	22	16	7
40	21	13	44	37	14	14	45	5	13
33	33	8	27	41	14	16	41	33	47
49	41	28	32	38	1	8	36	3	26
6	5	16	39	11	26	17	14	46	34
28	7	48	5	17	44	24	19	42	5
22	18	39	20	9	50	44	31	6	36
7	29	42	29	8	28	17	20	16	16
48	2	46	50	19	43	44	24	15	45
28	40	45	49	5	38	16	47	30	12
33	37	8	11	27	50	15	19	48	40
27	5	3	26	8	20	23	40	1	17
6	21	16	12	9	18	34	43	25	20
13	21	40	5	33	11	44	35	23	20
28	26	27	26	18	23	37	19	42	35
16	27	46	14	6	12	21	47	3	10
16	23	44	28	27	7	15	49	43	47
26	38	17	32	39	31	45	40	44	36
31	16	1	41	5	36	26	26	49	22
40	48	33	13	4	5	33	49	49	12
8	39	26	46	10	28	10	14	25	26
18	32	4	17	30	1	23	3	23	42
32	39	50	22	7	29	5	5	29	35
48	46	41	33	29	42	40	6	32	28
27	12	2	23	4	9	44	17	34	3
33	30	26	8	31	19	39	4	40	31
