20	100
9	8	1	13	13	16	17	18	11	13	12	18	19	15	15	13	6	8	8	6
5	4	1	18	1	3	18	16	2	7	7	18	8	4	8	6	3	6	7	14
3	1	17	3	16	10	20	18	2	1	12	17	7	17	2	5	8	3	12	11
18	2	17	4	7	15	10	15	7	9	10	1	1	15	4	4	8	18	3	12
4	20	14	1	16	10	11	12	3	4	19	20	14	17	16	1	5	13	17	2
20	6	12	13	12	12	16	13	14	18	18	10	1	20	8	19	9	16	8	17
4	19	12	4	11	11	7	5	19	3	19	15	2	2	12	18	8	1	10	5
15	19	19	5	6	10	20	14	10	17	13	10	5	20	19	2	14	9	3	1
5	11	14	11	19	4	8	20	8	10	12	9	6	4	3	5	1	8	18	2
11	13	16	3	11	10	10	3	3	11	5	20	18	9	20	4	5	8	6	2
2	1	6	1	6	5	4	1	18	14	2	7	11	2	11	13	16	12	1	9
15	6	17	18	5	12	11	18	5	19	1	13	2	17	20	10	7	16	18	7
7	9	6	9	9	19	9	17	19	7	8	14	8	18	8	17	5	9	16	14
15	7	17	19	14	9	6	15	2	1	7	1	15	14	3	7	1	8	9	6
4	14	19	19	12	7	6	5	9	4	6	19	20	4	13	1	13	7	16	1
14	15	15	18	1	8	20	14	15	2	16	17	20	10	11	1	8	18	8	7
4	1	6	19	16	8	1	11	2	2	15	14	12	9	13	10	19	2	19	4
8	12	10	8	8	9	19	10	14	12	13	15	20	9	17	13	9	17	3	13
7	9	13	13	7	3	5	11	18	1	2	7	20	4	20	13	12	19	11	7
9	12	18	10	10	20	14	4	13	20	2	3	19	6	17	20	20	17	1	6
4	9	12	13	11	7	16	17	10	5	1	10	7	16	4	16	12	3	4	8
9	2	19	18	20	20	8	14	8	20	13	16	18	6	3	1	20	5	20	3
5	18	14	8	20	12	17	4	3	1	8	18	13	14	17	3	11	15	13	11
20	2	10	10	12	6	12	1	14	3	17	7	3	2	4	12	8	11	19	9
4	5	12	7	12	16	3	5	10	1	11	6	12	10	3	3	8	5	16	14
20	16	10	20	4	2	16	12	10	5	15	20	16	5	8	16	11	3	18	17
3	8	12	13	13	12	15	14	19	1	4	4	15	5	9	8	15	12	3	11
1	12	15	5	7	11	10	8	2	8	12	5	7	20	12	13	4	18	7	13
7	2	14	9	1	11	6	11	16	20	2	19	1	8	17	11	13	8	6	3
2	8	12	11	10	19	18	16	14	17	4	17	6	11	4	19	19	7	4	17
5	20	12	2	7	13	5	20	4	2	20	17	12	4	11	20	11	3	20	2
13	11	18	19	17	5	14	11	4	18	13	7	4	10	18	3	16	11	5	17
15	19	13	12	17	8	6	2	20	5	9	16	7	2	4	15	3	14	6	2
19	14	16	6	10	14	14	3	7	8	5	1	19	3	8	15	19	6	3	9
20	13	11	20	10	17	20	2	6	4	1	3	5	3	18	1	4	7	3	4
15	3	16	13	20	9	18	4	15	10	17	17	11	17	3	7	4	16	16	13
14	12	17	3	8	3	16	16	6	7	11	12	3	19	15	17	18	19	1	2
19	17	8	17	7	5	12	8	20	12	18	8	12	10	10	3	7	13	6	17
13	2	19	8	19	6	14	12	3	7	9	6	16	15	15	18	4	1	17	3
12	8	17	14	10	4	1	13	9	12	10	6	13	4	10	17	18	1	18	2
11	20	6	14	3	12	12	17	16	13	19	7	17	3	6	5	6	5	18	15
6	2	4	11	17	4	13	13	6	18	20	4	3	15	13	13	3	4	11	18
13	4	18	17	13	4	9	11	19	5	12	14	3	3	17	10	17	16	17	20
20	19	12	19	14	16	4	2	10	14	2	3	15	20	3	3	4	7	18	13
15	3	15	1	6	7	1	20	19	4	17	8	7	12	19	14	12	19	3	18
1	8	1	6	3	10	20	4	1	15	6	10	18	4	5	18	5	12	13	8
15	4	4	7	17	15	16	3	2	9	11	6	5	20	13	8	2	10	18	17
8	18	19	5	19	7	10	4	7	1	10	1	7	16	3	17	5	15	9	9
14	17	2	13	4	1	6	19	11	18	17	16	14	16	1	17	5	19	9	11
6	13	17	1	19	11	19	9	17	17	4	7	2	10	3	11	17	7	1	18
2	11	13	10	5	15	7	11	15	6	12	6	7	18	3	2	20	2	14	14
2	17	2	15	15	10	15	5	14	10	1	19	18	11	9	15	1	8	16	5
4	9	15	11	6	18	1	4	8	2	12	15	13	8	17	5	10	19	15	16
1	3	18	6	6	14	8	17	10	8	2	13	6	9	11	14	3	11	10	17
9	11	18	13	19	6	6	11	14	4	6	2	13	1	5	1	11	10	6	12
10	5	15	20	20	19	10	5	17	3	3	19	10	19	7	10	6	5	7	20
8	18	3	6	3	20	1	6	5	10	3	14	5	18	7	4	17	18	13	1
17	2	14	12	2	7	13	15	14	16	15	6	3	7	4	13	3	10	17	1
19	5	20	8	20	10	15	12	12	3	13	8	13	7	3	7	4	11	4	17
7	7	12	9	15	17	11	19	14	15	2	8	2	13	3	12	2	7	12	12
12	1	3	11	3	8	14	17	4	18	9	12	6	20	14	12	13	12	13	4
19	17	19	17	2	6	7	20	5	12	6	18	20	13	5	6	4	2	7	8
4	15	15	16	7	10	3	2	20	11	19	11	14	9	14	16	3	6	9	18
1	15	12	13	12	11	13	14	15	8	9	12	5	6	20	5	2	3	11	12
3	5	1	15	13	16	5	12	20	10	4	18	13	9	7	10	3	2	5	17
18	10	8	12	2	8	6	9	9	9	14	20	16	17	15	17	14	18	1	17
6	1	15	6	5	11	19	17	19	11	2	1	19	14	15	14	18	9	13	5
11	16	4	11	16	5	2	16	15	11	16	5	2	8	11	18	15	2	8	12
9	9	10	18	8	14	1	2	3	1	20	6	6	16	7	11	18	4	11	1
9	3	3	9	16	17	19	12	4	18	20	16	2	1	16	2	7	6	4	2
4	20	13	14	11	10	20	6	1	1	20	11	11	8	3	6	7	2	2	11
16	10	19	6	2	4	5	5	20	6	4	12	1	10	17	9	11	9	18	6
18	13	11	4	18	9	6	14	18	10	15	5	5	13	6	14	2	8	12	8
6	15	6	16	17	8	11	2	11	15	16	18	4	16	13	3	20	16	9	14
18	11	7	11	11	20	8	9	4	3	8	3	18	11	1	4	8	15	8	10
19	5	3	4	15	17	1	9	20	4	15	7	19	19	10	15	8	16	5	17
20	2	18	8	7	13	1	14	16	10	16	5	9	19	16	14	9	4	17	14
19	20	9	20	8	1	5	19	2	6	16	12	11	11	10	17	8	15	17	2
17	8	13	11	9	11	19	1	4	16	7	5	20	11	19	1	14	18	1	7
9	2	12	10	15	4	15	18	9	19	7	14	7	15	18	11	7	19	12	18
3	4	16	6	20	12	12	20	12	10	3	10	15	11	13	15	17	4	17	6
17	1	12	5	10	14	19	5	14	9	14	16	7	3	4	6	6	7	11	4
12	15	7	20	16	18	19	16	3	3	15	4	3	6	1	2	13	12	16	6
13	8	7	4	16	8	3	12	7	8	10	10	14	13	14	2	15	12	9	13
15	4	3	11	14	11	14	1	3	3	13	15	11	5	11	5	9	3	5	9
15	7	9	16	14	5	10	10	12	19	8	1	4	4	12	10	6	16	10	5
15	3	10	5	15	16	20	9	3	10	13	12	8	1	19	8	15	7	18	10
1	4	9	4	15	13	11	8	13	2	20	14	14	20	14	12	17	5	2	18
6	2	7	3	6	16	13	3	6	4	16	19	18	1	4	11	14	7	10	3
5	13	16	2	11	20	19	9	7	7	11	11	6	20	5	20	18	7	18	19
20	8	2	10	6	1	16	13	16	4	19	11	15	19	14	13	6	6	13	7
18	5	17	19	13	6	14	18	17	5	14	8	10	11	3	17	11	7	16	10
4	6	13	4	8	1	16	7	7	12	15	12	15	11	2	15	12	4	17	1
8	19	17	12	10	12	1	4	17	17	3	19	10	3	4	12	12	14	11	12
10	7	11	5	11	2	13	19	10	8	6	8	11	15	2	6	10	2	14	17
1	12	11	11	9	16	2	12	8	10	3	19	13	5	12	2	8	12	2	8
19	2	15	9	12	16	9	16	1	18	2	11	20	15	12	18	17	1	17	15
20	1	12	20	5	8	15	6	4	1	18	19	20	7	18	19	18	2	20	14
8	7	12	10	8	13	19	18	14	14	5	7	16	7	8	18	11	15	4	4
1	3	12	20	1	4	11	14	17	13	20	15	2	3	7	14	10	2	13	13
