5	50
40	38	39	49	36
13	34	47	30	45
15	17	32	1	45
2	45	37	48	12
44	6	6	16	49
23	30	30	8	47
33	20	32	26	45
14	32	32	28	27
30	50	34	25	40
36	33	4	48	27
45	19	47	12	32
35	33	24	50	14
34	5	40	34	13
45	35	6	6	32
20	14	9	21	32
44	22	31	26	13
40	26	33	31	2
15	24	20	45	11
32	9	32	14	44
26	11	50	12	46
1	27	49	16	7
32	10	26	31	39
13	2	48	38	25
8	23	9	32	49
21	16	12	45	1
12	32	46	27	7
34	22	20	30	13
13	28	17	24	21
5	49	39	6	49
30	11	45	40	36
3	2	18	14	25
36	16	4	16	46
50	15	49	25	5
41	33	19	26	12
31	6	36	12	44
23	27	6	47	21
1	38	6	41	4
32	4	6	5	27
48	24	2	28	22
40	50	15	1	8
48	43	20	28	6
48	17	7	21	3
10	10	7	45	46
13	10	8	21	24
37	28	14	49	14
8	5	8	41	5
23	12	5	40	24
8	19	28	36	7
15	48	36	2	18
39	17	7	33	9
