20	200
6	5	4	1	20	15	4	10	17	18	5	10	1	20	1	5	20	17	9	17
7	11	1	4	6	17	19	7	7	20	19	13	8	11	14	9	12	3	13	20
6	11	7	1	13	16	14	17	18	18	15	12	20	8	13	16	5	1	16	3
17	17	4	17	19	12	3	10	7	13	14	18	4	9	12	16	4	20	12	10
4	3	10	9	6	7	14	1	19	18	4	12	7	10	4	9	8	10	3	1
14	4	10	6	5	18	9	11	16	17	12	6	10	6	19	14	8	15	12	13
19	3	12	9	9	2	11	14	6	3	9	14	18	11	17	1	13	4	5	8
19	3	5	2	7	19	3	1	12	10	2	13	19	10	3	12	12	1	17	3
7	15	5	13	9	18	9	19	10	19	2	4	11	4	15	16	18	10	3	11
20	11	3	17	2	17	16	8	9	5	9	12	7	2	1	5	18	12	14	9
10	4	12	13	8	18	2	16	16	7	14	3	19	7	3	17	12	9	12	12
3	1	11	5	10	11	17	9	3	10	18	7	17	15	1	17	20	11	9	5
15	20	12	2	12	7	14	1	19	4	13	10	1	2	6	9	13	7	3	18
2	13	13	6	10	8	6	5	6	7	18	2	1	7	18	3	9	10	14	4
18	16	10	20	18	9	7	15	9	13	5	13	8	12	4	2	8	7	12	5
1	9	16	13	7	11	9	14	5	4	20	3	14	20	20	6	3	13	8	1
1	11	16	14	3	6	15	10	4	16	15	3	18	9	3	9	1	18	13	7
20	13	11	6	13	2	20	9	12	18	20	15	19	12	4	10	14	3	11	2
17	20	10	9	9	18	5	5	17	12	6	6	1	2	1	9	20	11	1	1
6	7	18	7	17	20	5	7	6	13	16	18	8	12	11	1	4	2	17	16
18	16	12	1	13	14	15	18	11	16	11	3	2	11	16	11	2	4	13	9
13	18	19	4	17	8	19	9	11	1	6	19	15	6	4	11	15	18	14	3
5	8	17	11	3	13	16	17	17	20	20	20	9	9	3	20	17	8	4	6
16	7	7	11	11	13	9	17	8	6	17	4	10	11	4	6	2	9	2	4
12	2	12	11	1	6	10	7	3	4	14	7	14	9	7	19	1	7	20	11
5	20	10	12	4	17	10	19	5	17	19	8	7	1	14	15	15	16	10	5
3	3	14	4	12	10	10	2	5	6	5	15	9	11	19	13	12	1	8	4
16	11	2	7	6	6	20	14	16	13	4	6	17	15	8	2	6	7	20	15
8	9	15	20	12	4	20	17	2	1	3	15	9	6	10	12	1	8	18	6
11	17	7	12	3	20	19	14	3	17	7	6	2	14	17	8	17	3	15	3
7	3	12	15	11	10	17	11	6	16	2	19	9	15	4	11	3	3	18	13
6	6	14	5	14	17	14	16	9	3	16	19	13	16	19	8	5	12	2	13
3	8	9	7	16	9	18	7	10	7	5	15	6	3	18	2	9	7	2	14
16	2	2	4	1	3	6	14	16	17	7	12	1	5	10	18	18	8	9	5
20	7	7	3	18	1	13	11	18	18	19	19	11	9	17	2	6	6	6	13
4	5	12	13	1	14	14	2	13	20	5	2	18	17	15	10	16	20	6	1
11	15	16	19	19	9	1	13	8	8	13	12	2	17	2	16	16	14	3	5
7	12	18	19	14	17	1	14	14	8	7	7	1	6	3	9	9	14	15	12
13	2	15	6	8	13	1	2	15	19	15	2	17	2	15	19	17	18	5	2
8	8	19	20	2	6	12	16	14	13	7	2	19	11	12	6	18	13	11	2
17	19	20	16	13	5	11	19	12	4	12	12	9	14	5	6	3	15	4	2
1	5	9	2	13	13	3	6	10	10	2	5	7	4	5	9	9	4	7	18
16	14	5	10	2	16	14	6	7	6	3	3	9	10	1	12	11	18	4	1
2	5	10	3	3	8	6	6	9	16	18	20	8	7	6	8	1	19	1	17
20	18	20	4	7	19	16	18	3	14	19	11	1	7	16	12	4	2	8	14
11	8	18	11	9	3	16	3	4	14	12	12	17	7	1	5	6	6	16	4
13	8	3	15	18	7	20	1	11	15	4	19	12	7	7	13	20	9	16	5
4	13	15	9	3	7	14	14	7	12	6	19	7	4	2	3	6	3	14	3
4	15	12	9	11	13	1	10	20	9	5	18	11	12	20	20	14	15	13	12
13	6	15	20	10	6	13	8	6	5	7	18	16	14	1	10	2	6	19	10
6	5	15	19	7	9	8	15	4	2	9	11	10	2	10	18	1	12	20	6
1	13	5	16	2	7	3	18	11	11	19	8	16	4	6	9	12	17	14	1
18	18	4	5	16	17	9	14	4	4	9	10	7	14	9	14	20	19	17	20
7	11	5	14	4	1	16	6	16	1	6	5	19	19	8	3	9	20	20	6
19	9	14	7	2	10	2	3	15	13	9	13	20	14	14	8	14	11	2	15
1	3	18	4	19	5	11	8	6	7	5	1	20	12	1	18	17	18	12	14
20	13	11	4	12	13	5	5	6	1	10	19	19	5	5	17	12	11	9	18
19	14	18	9	9	9	14	8	13	17	11	17	20	8	15	8	12	15	12	6
20	7	3	5	18	7	2	16	8	5	7	6	9	15	16	7	16	3	15	4
20	18	12	9	11	13	19	12	10	17	5	18	20	4	18	12	11	13	12	3
8	18	1	9	10	5	8	5	12	9	13	10	20	8	7	3	15	14	15	5
8	10	6	11	20	10	7	6	18	4	16	3	11	13	16	2	17	4	20	6
5	15	1	1	5	16	18	12	17	15	18	17	19	8	16	18	12	11	9	1
18	3	8	8	13	10	19	7	13	5	7	12	15	9	20	14	10	5	7	5
12	16	9	3	7	19	5	4	18	19	10	7	15	19	8	3	7	13	9	15
17	11	20	12	9	7	3	11	8	2	9	8	4	5	10	3	14	5	2	14
6	16	10	15	16	20	17	16	1	18	7	17	17	13	9	1	16	18	15	1
17	14	17	16	10	3	3	11	10	6	9	2	12	15	9	2	2	6	17	9
10	8	10	11	15	12	11	12	16	9	7	17	11	2	18	12	20	14	5	14
18	7	6	16	9	6	6	2	4	8	19	11	1	7	11	10	4	6	1	18
12	11	15	2	19	13	12	10	18	17	2	8	1	4	12	3	2	15	2	10
7	9	9	9	10	17	16	5	11	9	8	14	14	8	2	7	13	5	17	16
15	16	5	7	6	12	10	18	16	8	8	10	5	12	11	4	3	6	12	2
17	8	20	10	9	9	15	14	2	5	11	17	19	7	15	11	4	2	4	19
7	19	10	3	1	19	10	2	17	18	4	7	13	15	20	8	17	16	19	17
17	16	16	11	18	11	11	19	17	1	20	2	3	13	15	19	18	17	10	10
20	13	18	5	2	5	4	4	7	8	15	9	3	7	3	12	3	19	6	10
9	12	6	16	19	2	4	1	1	1	10	1	7	9	17	4	19	12	9	13
8	8	12	9	6	12	19	16	11	4	16	20	11	1	2	9	8	2	7	20
1	4	3	7	19	15	2	15	10	19	13	11	10	14	3	1	20	17	11	7
4	8	10	17	5	11	10	7	7	9	16	18	6	10	12	4	5	6	11	12
10	5	7	12	12	6	10	18	18	2	9	11	12	20	17	13	15	7	2	8
5	16	8	2	3	16	6	1	2	19	16	15	7	19	18	19	2	18	6	20
2	12	9	6	20	6	6	7	14	20	9	19	4	3	7	15	18	5	9	16
20	9	17	19	7	15	5	14	3	18	11	17	2	2	7	14	8	2	2	18
10	20	8	2	11	18	11	4	12	3	2	18	9	10	20	13	15	10	20	6
1	13	4	16	9	13	17	3	16	14	8	16	3	12	7	1	2	15	9	9
4	2	2	20	17	14	8	13	2	15	20	18	3	17	18	18	16	12	14	18
1	9	8	19	16	6	15	18	4	20	11	20	1	11	2	20	11	5	20	15
6	5	2	2	15	10	14	7	15	10	6	11	2	12	9	16	14	4	4	12
20	10	10	3	4	20	18	12	16	18	7	11	13	20	13	16	8	7	5	7
13	9	4	14	15	1	19	10	2	6	7	8	1	9	16	16	16	19	18	15
13	2	12	17	3	15	19	3	20	14	9	7	20	18	20	12	7	16	9	4
1	9	11	10	12	19	11	5	4	17	20	9	9	10	14	11	18	7	12	20
3	17	10	9	18	20	9	4	9	5	10	1	11	14	15	5	12	2	6	5
5	14	19	3	15	1	19	10	4	9	15	20	5	9	2	4	19	2	12	12
11	7	16	20	8	19	18	16	15	10	19	16	2	7	15	9	19	8	15	18
2	19	1	1	11	10	17	3	13	12	7	10	11	14	14	19	19	19	15	16
4	4	15	14	10	20	19	18	14	14	5	11	8	15	11	12	7	15	10	18
3	16	3	4	4	10	5	8	14	17	10	20	13	20	14	19	5	7	11	11
12	20	9	19	7	16	3	16	3	2	12	4	10	17	13	9	1	11	11	1
15	11	4	17	5	6	18	9	1	13	8	1	5	19	7	4	7	5	18	8
7	9	5	12	6	6	11	17	7	6	18	14	16	11	17	1	16	12	15	1
18	14	16	11	15	12	20	11	11	10	2	16	14	3	14	6	7	13	12	19
16	2	3	15	15	15	5	15	2	6	9	15	10	18	10	14	14	15	18	14
6	20	6	17	5	2	1	13	17	12	15	3	1	16	6	17	12	1	16	20
7	6	10	6	2	8	7	16	13	1	12	12	16	18	13	16	17	6	11	14
15	13	18	11	11	6	14	14	12	14	2	14	20	18	8	1	11	20	16	17
16	5	20	16	20	4	8	4	4	11	20	7	10	3	6	15	8	19	15	17
14	13	5	20	20	18	12	18	11	13	6	17	10	15	18	11	13	3	11	8
18	11	11	2	15	15	5	18	12	13	13	12	5	20	4	4	20	1	17	3
12	10	14	12	5	4	17	15	5	16	2	6	8	8	19	3	3	3	5	5
13	15	7	18	20	14	12	10	12	15	11	13	7	9	16	9	18	20	17	12
19	10	13	17	12	8	5	18	2	1	1	17	16	12	10	17	4	16	12	12
12	7	4	11	6	10	20	20	13	10	6	4	7	14	7	4	2	10	6	12
10	15	9	11	14	14	17	15	20	19	5	2	8	6	20	12	6	3	12	3
9	6	6	12	15	18	11	3	6	7	16	14	11	1	2	17	19	13	17	12
13	5	20	14	6	4	17	1	14	16	18	19	19	4	4	4	10	18	17	17
3	15	9	13	4	11	12	7	4	4	13	14	7	20	10	4	6	13	7	12
2	10	9	11	10	17	16	7	18	19	8	1	17	1	10	19	17	8	10	15
12	10	18	11	3	4	13	19	15	20	19	18	12	6	15	13	6	18	4	8
16	6	10	6	17	13	17	7	11	11	8	19	3	13	20	12	13	19	9	6
5	18	12	18	20	10	10	12	6	17	13	19	4	2	19	7	1	12	15	10
8	6	9	4	13	1	15	19	7	3	20	8	10	19	3	18	14	12	7	7
3	5	1	14	19	9	15	2	14	13	12	2	5	19	18	19	10	9	6	20
16	11	6	3	17	6	10	6	19	2	13	9	6	8	8	3	5	15	6	4
6	14	6	14	12	19	4	11	1	5	9	6	6	7	11	13	20	19	18	14
20	10	3	12	20	3	16	17	12	16	14	16	4	3	15	2	5	13	12	19
2	20	6	15	14	8	4	19	17	16	4	7	18	12	5	17	12	14	14	9
3	7	19	5	11	13	2	3	13	10	8	8	7	19	12	1	4	8	19	12
20	17	20	17	12	8	19	12	19	18	11	12	19	4	16	15	1	1	5	1
6	1	7	8	8	17	1	19	1	5	13	4	15	2	9	6	8	3	14	4
15	11	5	15	19	16	9	4	3	17	20	4	4	19	6	19	11	12	9	16
8	20	12	15	6	7	17	17	15	11	8	18	8	1	6	16	16	12	10	13
8	17	16	5	5	10	20	16	17	10	15	17	14	18	17	16	20	11	9	12
20	13	9	13	10	3	17	3	14	11	4	20	3	17	9	11	4	7	11	17
7	1	1	5	16	11	4	10	5	10	17	6	3	18	13	15	9	4	16	2
14	18	3	6	7	16	15	18	10	6	12	13	1	13	5	19	13	4	18	19
19	7	19	4	14	18	17	5	4	14	3	1	12	9	4	10	19	15	19	20
17	7	20	19	19	5	5	11	13	14	3	5	6	18	4	7	19	19	13	10
20	10	14	17	4	11	1	13	9	15	1	18	6	18	2	13	7	20	6	9
13	7	13	10	11	18	15	15	5	18	12	1	2	9	1	8	13	4	16	8
4	13	2	18	14	5	19	9	17	12	20	20	13	4	17	14	17	5	6	6
17	7	8	12	4	1	17	17	18	14	1	4	5	19	5	1	5	15	17	7
20	7	19	14	18	12	8	18	13	8	12	8	19	10	12	18	5	10	14	14
9	2	11	3	12	17	16	14	19	17	9	3	9	20	7	10	9	15	15	13
13	19	5	11	3	13	5	15	8	8	16	15	2	3	19	19	16	16	3	1
17	15	19	17	19	9	20	20	4	2	10	11	16	2	2	10	18	1	1	19
13	1	7	12	2	14	2	6	1	9	14	13	12	14	16	19	20	8	12	14
13	6	12	6	19	5	20	20	1	9	1	16	15	4	9	17	8	8	16	5
8	14	19	16	8	17	19	2	6	4	11	10	10	8	7	7	9	1	14	17
15	2	5	13	8	19	19	9	6	20	11	13	13	7	6	20	8	17	18	2
6	18	15	18	19	12	7	8	18	2	8	8	14	19	10	7	9	6	8	10
19	11	17	6	14	18	17	3	3	7	20	13	3	13	12	18	7	8	15	16
13	11	11	4	13	4	19	15	17	19	11	2	9	9	3	15	1	9	5	1
16	4	6	11	3	16	5	2	7	13	20	2	11	13	18	8	20	13	13	10
20	3	6	4	17	18	4	14	10	17	17	18	4	15	1	9	6	1	2	18
19	17	8	5	19	10	11	17	12	16	15	9	16	15	2	14	18	2	15	5
12	11	13	10	16	3	19	17	12	9	2	20	12	16	12	3	15	2	5	8
8	7	3	14	3	9	2	9	13	8	11	5	7	17	6	8	5	18	9	17
12	14	5	4	14	15	17	1	3	20	19	17	17	7	18	6	9	19	8	7
1	10	4	5	18	18	14	16	11	5	18	17	13	8	17	14	2	20	1	8
12	2	6	14	9	15	8	20	19	1	20	6	11	2	17	2	11	1	6	17
1	2	11	19	2	3	5	10	11	5	4	10	19	1	16	19	4	11	16	4
10	15	17	11	5	12	6	11	12	15	3	2	14	4	7	11	12	8	13	6
10	19	9	14	17	11	8	10	7	19	19	1	5	3	7	7	6	20	15	10
17	15	18	17	2	2	16	15	14	5	8	17	18	10	14	12	7	3	14	15
5	16	4	14	16	3	17	11	17	1	6	12	13	3	10	16	1	12	13	15
15	13	17	3	11	2	3	15	10	16	1	3	7	20	5	1	11	5	1	20
6	6	18	14	20	16	4	15	1	18	11	15	11	19	1	13	20	2	3	14
1	3	1	2	1	3	5	14	18	9	6	17	11	14	10	9	15	3	3	16
19	8	14	13	5	6	13	9	20	13	1	10	3	8	19	3	5	17	14	17
11	11	17	13	13	15	4	18	9	12	18	18	19	8	16	13	9	9	17	15
11	17	15	6	8	16	14	4	15	7	5	19	9	7	5	9	11	2	1	11
3	15	20	9	16	4	12	16	12	6	15	17	20	20	6	15	16	12	6	17
1	20	3	2	8	20	9	12	4	8	3	8	8	7	12	16	18	7	11	4
5	19	13	9	13	8	19	10	1	10	13	19	17	5	10	4	13	18	1	16
15	20	12	5	4	7	9	13	8	11	18	10	2	2	12	3	8	14	10	20
1	20	12	14	15	4	11	4	18	9	4	20	6	15	10	6	7	8	6	6
19	6	2	11	13	3	17	16	13	8	16	19	9	2	15	15	9	19	10	20
16	6	16	19	7	18	5	8	12	7	16	20	8	4	2	15	19	1	1	13
7	16	11	11	13	6	12	5	20	15	18	9	19	7	10	14	11	4	5	16
18	10	4	7	12	17	11	6	1	1	17	8	19	18	13	1	15	6	6	2
7	1	8	17	10	8	1	2	14	8	5	15	17	6	15	18	12	5	19	16
16	6	4	20	19	10	11	1	15	10	19	5	18	3	9	18	2	8	17	5
17	9	12	13	16	2	11	13	3	15	9	10	8	10	7	1	17	9	19	20
18	20	8	4	10	20	18	14	18	18	16	5	9	14	20	7	15	12	4	17
20	18	18	20	2	10	18	8	17	8	1	14	10	18	8	17	2	9	4	17
5	17	16	6	20	4	2	14	10	20	7	6	5	2	20	20	2	8	3	20
2	10	18	10	17	3	16	11	7	4	5	6	9	8	13	4	3	12	1	18
8	5	19	18	2	16	9	8	18	8	15	14	6	4	15	16	20	7	10	17
9	11	8	7	16	1	17	18	10	17	18	10	8	5	13	18	12	20	8	1
14	9	14	19	10	11	1	5	13	17	5	17	3	4	10	17	18	12	2	1
19	12	18	2	11	5	7	2	12	18	4	20	19	9	3	20	18	9	18	5
1	13	5	13	12	1	8	4	16	16	1	20	19	7	3	3	11	12	9	5
4	19	14	16	13	5	19	14	1	10	20	9	15	17	1	7	7	5	10	10
17	3	7	16	17	5	2	12	7	20	10	7	20	13	2	2	19	9	20	7
3	14	3	6	17	12	5	2	7	17	17	6	3	19	8	2	13	18	19	9
4	7	8	1	1	14	10	3	16	20	8	18	6	3	7	4	20	1	20	6
1	20	6	11	4	4	5	1	5	20	9	1	10	12	3	17	7	2	6	3
