5	50
77	69	40	15	91
44	16	48	65	4
74	52	61	62	1
53	42	3	11	88
58	94	100	19	78
87	86	50	24	52
23	15	89	96	58
52	47	78	70	70
99	32	55	95	37
27	64	76	21	14
29	58	57	18	63
84	69	21	37	4
59	67	25	14	82
60	64	66	5	50
6	65	34	41	90
27	39	6	83	51
24	10	30	10	23
65	58	71	33	74
83	26	41	66	12
32	8	42	14	77
64	98	71	71	8
65	25	16	29	36
46	64	39	87	81
49	38	15	91	17
2	93	33	32	67
80	24	68	30	58
20	97	93	6	88
27	39	59	3	59
41	42	43	98	29
20	88	55	86	63
95	94	51	98	76
71	65	40	5	29
41	58	87	71	17
49	71	33	99	54
10	80	12	33	76
60	51	36	3	48
92	69	82	67	64
26	46	96	31	17
62	100	55	75	18
84	56	73	81	80
49	56	57	33	54
16	82	19	22	16
20	30	37	58	37
73	76	21	7	91
3	76	2	82	93
11	25	38	15	93
5	79	55	24	99
37	13	50	14	49
45	28	74	15	98
32	63	98	38	46
