2	200
33	46
20	7
17	31
26	25
13	6
35	8
17	40
45	8
24	13
44	28
24	47
13	25
18	6
39	12
21	50
37	33
35	27
44	21
25	21
11	25
22	18
38	12
30	7
48	13
18	18
7	44
29	41
14	37
33	45
40	12
42	14
4	14
20	3
23	40
46	25
33	3
2	19
6	6
9	1
46	11
8	27
45	4
43	43
4	45
13	8
38	30
31	50
34	8
14	24
43	28
35	8
17	43
35	4
42	11
35	8
28	32
50	30
4	16
20	1
21	27
50	28
28	39
37	4
23	2
36	49
43	36
9	19
26	50
10	2
19	40
2	44
11	5
31	6
30	2
46	18
38	14
3	16
28	7
31	29
6	31
32	40
25	36
16	42
23	32
4	5
7	18
32	32
25	7
18	23
8	32
24	21
7	18
11	30
33	43
41	20
19	31
46	39
8	12
19	25
39	39
33	49
48	42
12	20
32	22
41	22
39	8
21	25
7	11
34	7
26	37
10	31
42	35
36	26
23	44
24	13
38	43
34	20
49	26
24	15
7	41
48	12
2	19
31	12
10	22
32	48
29	13
50	3
29	3
8	14
6	37
48	39
48	29
35	47
24	2
27	32
37	19
1	35
40	49
29	24
4	25
16	2
13	27
35	26
43	32
41	46
19	11
10	20
43	9
14	24
34	35
38	9
45	50
11	11
12	16
14	31
25	35
11	31
22	47
27	22
44	9
4	42
12	32
14	27
9	32
42	31
35	5
40	19
37	8
7	13
16	25
15	28
19	10
21	35
1	29
49	46
33	43
31	25
32	46
48	14
37	35
2	31
24	33
47	21
45	42
45	15
41	15
7	20
45	26
24	2
11	29
27	30
33	46
49	43
25	15
37	41
11	44
26	31
23	34
4	36
13	1
