2	200
2	7
10	19
11	14
4	18
17	7
20	20
19	12
19	14
11	5
9	15
5	20
15	1
3	12
10	4
8	19
5	9
15	17
15	11
4	17
4	1
16	5
6	15
19	9
20	17
9	4
6	1
4	15
2	2
12	9
17	20
5	1
10	18
2	11
6	2
17	8
10	14
1	8
19	1
15	20
2	14
12	13
15	5
14	4
5	20
15	14
19	15
20	5
17	16
16	8
13	9
4	18
20	2
14	12
1	17
16	2
7	12
7	4
8	12
7	6
5	19
6	6
8	4
9	15
14	16
12	4
5	8
8	14
11	15
14	13
11	2
4	9
5	14
7	8
9	17
18	6
9	10
3	15
4	18
10	16
13	19
18	5
5	13
17	20
5	14
14	13
18	14
16	3
15	17
2	14
18	2
7	18
19	7
15	16
6	13
10	13
5	19
1	12
4	20
5	13
18	8
3	15
4	6
8	16
15	20
20	8
17	17
18	12
13	1
7	19
18	2
15	13
4	1
8	20
14	4
20	16
13	10
17	11
20	12
14	13
19	20
1	6
13	3
16	9
1	10
19	4
13	6
15	16
14	11
12	3
19	9
3	12
1	4
16	8
20	8
12	1
7	14
1	18
2	9
20	2
6	19
19	4
5	16
4	7
15	2
17	10
1	12
14	10
18	9
5	10
8	9
10	13
18	19
17	19
6	17
15	5
11	11
18	20
11	19
7	5
1	9
14	19
11	3
1	16
20	11
1	13
4	11
14	18
10	6
7	7
19	5
1	18
7	13
19	10
14	15
20	20
3	20
9	19
15	12
3	15
18	2
20	16
17	3
1	1
17	1
11	5
12	20
7	17
9	16
12	19
5	11
3	6
11	2
10	5
2	15
3	18
4	12
10	18
6	5
2	5
12	18
