10	100
6	2	4	20	12	8	16	20	15	12
2	14	12	7	20	10	16	11	1	13
20	7	19	20	9	4	12	15	15	17
2	19	3	6	9	15	12	19	8	7
2	1	16	20	3	3	7	17	19	6
17	15	12	19	4	19	4	4	12	8
17	1	5	18	10	3	11	6	18	6
18	17	4	15	12	19	12	20	17	6
18	15	16	10	1	7	8	5	3	10
12	8	7	20	10	1	16	18	10	1
12	1	19	14	8	20	12	17	8	6
8	4	8	7	11	2	6	16	18	4
15	7	4	8	15	11	10	4	5	11
3	14	11	17	14	17	17	3	3	1
16	12	17	18	3	8	1	1	9	9
16	1	1	6	6	6	18	11	20	18
11	8	13	17	3	15	14	12	13	14
6	3	13	17	8	4	10	7	6	7
10	9	16	17	16	3	14	5	11	9
20	6	4	6	11	9	19	20	15	9
14	10	9	16	3	13	8	4	19	3
16	11	6	13	8	2	13	17	2	1
1	9	1	4	14	20	20	8	7	20
5	10	12	18	13	1	1	20	14	3
15	10	7	8	14	10	1	11	18	10
16	3	19	15	8	5	9	6	2	4
13	1	18	19	18	7	20	8	20	8
1	13	4	20	6	12	3	13	11	5
20	10	10	17	5	2	12	17	11	8
13	16	19	10	11	14	13	9	11	8
10	13	12	11	9	4	20	19	10	17
3	16	16	18	5	4	12	1	15	16
15	3	18	12	16	6	15	14	10	13
19	15	3	3	15	7	19	19	8	1
3	13	8	15	6	17	20	1	6	7
3	13	14	15	13	7	16	20	16	4
9	7	10	18	18	9	13	13	3	18
5	13	13	14	14	2	16	4	7	19
6	14	8	3	10	7	1	9	11	9
11	19	3	5	13	16	4	11	17	18
5	8	19	8	2	10	20	1	1	11
12	13	14	18	18	16	19	8	8	12
8	4	3	15	8	7	11	9	2	18
19	6	7	9	15	19	15	20	1	1
7	1	8	20	17	19	6	6	8	17
17	16	4	6	10	1	6	5	1	16
20	12	19	4	13	6	6	5	4	20
1	20	7	7	5	8	16	4	18	9
1	6	1	5	1	3	3	2	19	14
13	11	20	5	2	16	2	5	8	12
14	1	2	8	17	18	10	17	1	3
5	3	8	13	16	15	11	15	3	10
4	4	6	10	7	10	1	3	5	10
7	11	16	6	16	20	4	14	8	3
14	6	2	17	10	11	4	7	10	8
5	7	3	18	8	10	15	13	2	8
18	7	12	12	17	14	7	2	18	16
11	18	7	20	16	18	3	10	20	16
7	14	14	18	5	20	9	19	19	6
6	11	12	1	6	7	14	10	20	17
5	3	10	14	17	8	20	4	2	11
7	6	13	7	2	5	14	15	8	17
6	8	4	12	11	1	6	7	15	10
4	13	10	4	11	5	4	20	1	17
1	6	17	8	19	20	18	6	20	1
14	20	3	4	12	17	19	19	4	17
2	13	9	13	7	15	16	10	16	18
1	15	14	11	17	20	12	16	13	11
3	1	8	14	16	5	10	7	13	15
6	6	17	5	16	8	17	4	2	5
5	9	11	2	1	20	7	13	8	12
6	4	6	13	14	1	6	16	18	3
5	9	17	2	13	16	18	9	15	9
4	9	14	9	6	14	11	6	14	17
18	18	20	2	10	2	20	4	12	15
3	2	7	20	1	17	13	10	10	5
2	18	19	19	8	18	11	18	8	1
11	20	2	1	5	7	10	16	13	11
17	15	18	20	7	2	2	15	8	10
2	1	17	10	16	20	20	1	14	13
11	2	17	11	4	3	20	7	15	14
7	18	18	19	9	8	1	19	12	7
16	17	10	18	19	10	4	13	6	5
8	9	2	1	20	15	19	7	16	4
2	16	20	15	4	5	4	18	1	9
20	2	10	8	17	15	13	19	13	15
20	8	1	11	6	18	16	18	19	14
9	14	3	8	5	1	17	16	15	15
7	6	12	18	5	7	20	15	4	6
3	20	15	2	5	15	15	10	9	6
9	7	19	8	20	6	19	2	3	17
18	17	5	18	8	14	17	4	6	20
19	1	14	14	12	10	20	1	4	10
6	8	7	9	7	20	8	5	18	20
8	18	12	8	8	6	16	18	15	11
19	11	4	10	8	8	13	5	16	10
7	19	18	13	11	10	11	16	11	8
7	12	6	7	12	1	10	7	7	6
15	3	7	14	12	16	5	18	2	19
8	4	9	9	13	10	20	19	17	18
