10	50
44	22	1	22	12	8	48	9	50	7
12	7	3	7	10	41	9	48	18	41
35	6	48	14	30	14	25	50	40	32
21	22	40	32	30	7	39	31	2	25
49	17	24	19	48	30	17	7	49	3
14	38	31	32	21	39	24	37	42	48
33	49	20	19	36	40	18	22	28	4
2	28	47	43	42	19	32	29	17	1
48	19	2	37	19	34	42	8	11	42
34	3	40	4	43	1	48	6	34	9
12	45	29	46	1	36	41	38	40	3
7	45	21	42	1	15	48	34	50	2
49	10	12	37	21	50	38	44	1	42
21	26	46	9	39	4	40	6	37	33
43	4	19	8	35	39	32	49	4	28
4	15	6	32	10	3	33	43	26	1
49	48	38	48	32	31	50	13	4	47
25	42	47	18	10	45	42	5	2	32
19	40	40	23	38	7	21	15	49	36
22	47	31	36	35	45	17	21	26	5
39	20	45	8	4	13	18	39	23	15
12	29	42	44	33	9	9	15	10	25
11	35	14	18	25	28	11	12	34	15
29	21	29	48	43	50	45	33	20	26
40	32	42	34	25	43	6	38	4	26
37	2	11	1	44	5	6	28	33	26
2	7	6	9	37	41	1	44	1	34
14	26	46	35	36	29	43	30	43	33
23	24	8	8	28	27	10	28	4	39
44	18	1	45	25	34	27	34	48	35
43	12	38	20	13	12	7	27	16	16
12	26	36	1	3	29	49	48	31	10
32	23	41	12	41	47	26	2	11	3
2	10	33	8	40	12	37	38	46	16
21	34	12	39	28	18	32	1	42	46
36	30	3	38	4	20	22	26	30	16
37	6	17	14	14	2	44	28	11	42
42	11	3	15	39	49	12	2	34	23
16	25	10	15	18	23	7	46	5	20
40	11	9	30	30	16	17	49	26	26
25	5	40	50	4	25	27	39	49	6
9	20	42	8	1	12	46	3	47	41
46	48	23	42	2	32	3	23	36	24
32	13	27	8	48	12	36	10	11	43
47	19	47	50	12	21	19	1	30	18
21	15	3	35	31	27	32	49	48	23
23	4	3	26	24	46	43	35	10	40
27	36	42	5	45	28	2	24	30	32
13	2	44	18	3	17	11	43	28	22
30	38	13	38	20	43	16	21	26	16
