2	100
12	30
19	49
34	22
6	16
18	36
43	42
27	44
38	35
3	17
2	43
12	16
38	50
45	3
31	49
46	15
45	27
33	1
12	47
37	42
25	1
15	6
47	19
3	41
49	24
48	48
45	44
32	43
21	47
42	20
5	32
42	8
20	4
42	17
10	27
33	41
49	12
43	2
28	7
19	20
47	4
4	7
1	49
20	1
46	41
30	16
5	17
37	43
9	8
36	43
28	37
31	23
42	7
50	33
1	31
15	15
28	23
23	1
28	35
7	21
34	41
21	20
47	17
37	32
25	50
43	21
21	26
42	11
23	32
16	45
50	38
1	15
26	15
39	32
45	37
15	24
1	15
10	37
16	12
26	25
20	18
9	1
38	45
44	2
31	13
28	47
20	13
22	47
41	6
44	32
29	5
37	38
36	19
21	7
17	6
45	12
6	41
25	32
29	50
28	32
21	37
