5	100
2	25	40	32	15
40	8	38	9	9
48	46	22	20	37
4	29	17	45	42
37	14	39	40	4
38	30	46	21	38
1	16	44	8	21
45	9	32	34	29
1	20	43	36	38
4	12	14	49	39
33	42	46	28	5
39	36	1	28	27
10	13	17	21	8
32	3	14	49	43
45	48	34	17	41
17	21	3	2	1
26	16	47	33	5
9	21	16	3	33
9	8	4	7	19
39	4	23	28	7
1	48	16	7	45
35	9	30	37	38
19	34	49	27	1
44	17	35	16	50
11	37	11	16	35
37	45	28	48	3
14	49	25	46	1
29	1	40	38	20
1	41	29	16	15
26	9	27	6	26
22	20	7	29	46
14	38	50	23	8
41	32	33	35	25
21	9	4	27	23
44	27	47	46	49
20	8	46	2	9
28	18	22	23	31
44	42	47	50	37
42	1	18	31	30
19	9	45	41	45
18	6	1	33	33
46	24	11	31	26
6	42	48	14	31
24	10	11	4	31
29	13	4	41	32
43	9	17	17	30
12	14	6	8	42
22	17	39	40	36
21	31	17	25	31
50	3	5	50	6
10	49	42	10	16
6	2	11	1	40
37	7	45	1	15
43	36	41	23	9
7	22	21	18	10
48	47	30	10	32
40	5	17	11	21
14	22	46	43	37
21	7	38	1	50
14	37	16	11	38
14	13	32	42	50
38	28	24	1	18
10	23	1	20	50
32	41	34	30	1
21	41	48	36	39
50	34	20	19	46
11	31	20	23	19
28	23	26	12	34
36	48	45	25	28
49	7	19	1	18
24	4	37	10	17
24	15	47	3	50
5	9	6	5	7
30	3	29	1	23
9	15	22	47	16
23	46	24	9	41
44	15	19	1	22
8	44	10	6	45
14	27	24	13	29
28	43	41	18	48
46	29	18	29	9
10	33	41	45	44
28	42	38	13	6
40	40	5	33	50
36	44	23	6	10
33	42	9	18	38
31	6	6	12	46
16	47	40	42	13
25	3	16	12	18
23	40	11	7	40
39	38	8	18	13
3	6	12	20	27
19	24	24	7	14
23	36	27	18	41
43	50	14	21	26
34	28	12	39	38
43	31	3	29	50
44	48	39	49	44
10	35	21	16	45
2	30	10	48	46
