2	200
11	3
17	19
13	19
7	2
5	18
7	6
3	20
20	15
14	13
6	12
6	16
15	20
3	12
6	1
19	4
19	3
20	19
15	2
3	13
8	8
6	1
10	9
19	18
12	3
1	1
14	19
3	3
8	16
9	17
17	2
13	6
4	1
19	4
6	5
6	19
13	2
6	18
6	5
7	6
2	5
1	4
1	19
11	20
1	17
12	20
14	7
17	7
16	1
18	9
10	15
12	7
17	3
8	12
14	6
18	3
9	3
15	12
2	9
6	5
11	20
4	10
14	7
5	7
6	19
3	6
7	18
16	8
14	14
8	18
11	19
7	15
20	9
11	12
12	5
6	7
15	13
19	11
12	3
14	10
19	2
7	15
3	12
16	12
7	8
19	8
2	8
15	12
13	9
11	5
17	13
15	1
14	17
12	15
20	6
16	12
1	18
20	10
12	13
13	8
13	20
6	5
7	18
5	8
19	7
18	3
12	9
14	6
7	7
1	7
1	2
12	2
12	7
7	4
8	5
1	1
17	3
12	18
8	11
14	16
12	4
16	13
8	13
20	13
5	15
3	6
12	6
8	12
8	5
13	20
12	1
20	14
7	18
7	10
17	16
19	17
13	5
16	17
6	20
14	19
8	15
20	14
2	15
10	12
16	1
11	4
18	15
5	11
5	2
6	10
7	11
17	9
16	7
14	7
11	11
6	8
11	15
13	17
2	6
12	12
8	16
15	16
6	16
20	19
1	5
13	4
14	4
13	18
19	11
18	16
2	4
2	5
15	3
13	4
2	8
10	19
10	15
3	11
17	1
3	1
8	15
6	6
19	3
14	7
2	16
19	11
9	17
11	5
15	10
2	4
3	17
17	13
16	14
14	20
2	2
1	18
9	18
8	7
18	16
6	13
9	7
