5	200
49	41	33	34	9
33	89	10	72	59
93	92	30	48	68
80	59	37	3	72
21	66	97	72	72
68	46	20	5	34
34	2	94	46	57
12	34	53	47	90
8	12	94	75	20
54	54	90	41	34
14	33	77	92	10
84	44	62	62	42
88	69	6	38	26
91	98	84	92	56
46	6	90	14	64
9	72	22	52	19
15	56	80	71	21
2	26	3	37	73
68	73	92	6	2
39	7	57	50	30
56	70	99	85	88
8	43	64	28	1
13	22	11	44	27
33	90	36	18	24
66	96	48	19	88
74	15	84	13	26
3	16	72	23	63
45	58	96	84	14
59	62	75	36	61
47	63	49	79	70
50	72	40	27	64
61	23	80	97	15
93	59	52	3	99
98	50	88	81	83
75	94	53	4	66
4	21	13	59	42
12	67	5	43	76
32	77	46	60	3
23	79	100	69	21
100	11	73	37	64
97	75	68	97	95
56	19	36	61	60
40	10	21	55	4
27	54	9	27	67
21	5	29	79	61
97	95	84	83	66
94	48	76	96	46
37	100	9	48	21
13	41	86	100	63
13	58	45	66	95
46	3	47	71	43
93	46	89	36	99
62	36	54	95	67
92	35	26	10	67
28	46	62	6	54
81	19	29	17	49
39	50	18	89	21
91	2	6	53	53
92	11	74	49	59
77	88	91	34	71
79	33	36	100	67
1	42	41	17	62
74	17	72	88	61
12	18	65	75	76
91	29	73	57	75
17	72	13	48	77
94	29	95	46	70
6	15	19	22	20
50	61	89	91	79
76	39	86	89	48
60	23	17	59	81
50	61	79	25	50
29	29	94	40	69
46	22	27	19	55
98	100	44	55	26
30	40	82	78	100
78	87	24	100	18
71	12	37	66	20
46	36	94	72	92
22	68	50	23	34
54	13	68	35	50
60	79	63	34	51
10	79	1	26	72
43	5	94	22	98
35	86	62	99	9
62	6	72	64	4
63	91	60	45	46
66	20	90	51	59
93	50	3	15	11
68	36	69	100	50
17	74	28	25	100
69	52	70	26	88
54	7	99	30	89
20	20	57	80	7
24	15	44	64	6
85	84	47	88	42
27	38	73	15	88
89	63	35	46	78
15	50	65	63	5
86	51	73	26	92
49	80	89	94	27
2	30	65	19	15
86	5	82	85	62
16	35	85	43	100
57	85	11	3	93
74	51	82	59	21
34	11	22	97	93
48	50	80	89	86
59	99	17	32	93
10	69	80	1	89
51	67	31	26	36
65	69	86	2	53
52	49	6	99	81
75	84	85	92	14
67	56	97	58	42
58	68	80	11	83
6	71	81	70	71
68	81	96	62	29
80	64	79	36	34
11	94	19	51	18
27	84	88	87	23
96	71	73	85	78
97	89	76	19	48
81	69	36	29	13
95	88	24	64	35
3	78	61	24	31
65	50	29	94	56
22	83	94	48	76
98	8	11	85	33
91	89	60	88	54
43	58	91	38	23
39	61	25	53	21
18	10	50	54	14
47	60	83	64	27
98	75	89	53	16
87	78	40	31	45
14	18	74	71	89
7	60	91	71	17
62	59	42	27	58
89	58	57	72	87
31	7	97	62	56
68	70	38	23	37
62	22	94	9	7
100	36	80	66	7
87	70	12	47	65
40	34	62	96	27
30	21	69	45	14
8	22	12	15	22
38	23	69	35	56
41	65	33	21	58
53	78	92	65	100
62	95	50	98	16
35	8	42	96	7
41	53	49	95	99
79	25	65	44	69
64	1	78	92	25
76	1	42	39	75
52	30	4	46	53
14	73	15	100	88
31	82	73	28	15
88	17	39	22	80
29	14	48	97	36
61	17	58	74	41
34	66	4	22	56
12	50	4	43	86
6	10	66	57	38
83	28	51	78	37
59	63	21	59	47
38	82	7	10	92
97	15	42	60	54
66	79	52	72	3
38	13	97	36	74
19	48	91	60	54
33	67	81	37	82
72	45	45	75	18
31	44	95	51	89
92	69	7	4	72
5	77	79	75	99
47	66	85	86	28
91	91	47	56	59
31	34	5	78	83
22	34	77	54	73
95	19	46	48	82
51	42	88	88	50
57	89	6	38	36
6	60	59	48	28
40	97	39	92	59
58	64	29	21	51
71	100	25	3	5
28	21	38	4	78
49	3	60	6	3
43	29	68	43	77
62	75	30	27	34
98	81	55	89	25
87	13	67	38	80
57	64	4	33	8
86	23	55	70	79
37	38	33	90	17
30	97	87	45	90
96	71	99	70	8
