10	100
89	35	3	93	74	42	39	76	53	34
60	43	66	52	38	89	37	80	35	51
2	30	62	38	97	68	81	17	89	26
76	53	77	34	84	85	96	71	53	92
28	89	66	59	71	94	60	28	35	76
33	2	41	3	14	59	73	65	96	6
61	23	88	28	58	8	67	32	69	54
93	66	28	43	24	13	65	3	68	4
8	54	82	13	94	75	12	74	21	25
12	32	76	47	32	5	2	38	2	64
28	29	59	82	83	67	74	98	80	2
95	70	97	92	98	7	41	75	35	84
96	93	12	45	42	61	91	82	12	19
11	27	2	4	77	80	96	1	31	27
1	15	95	19	31	42	36	85	49	25
65	28	4	18	69	36	18	14	40	22
76	93	87	61	91	68	69	94	16	19
12	40	45	8	83	82	98	93	15	100
26	7	34	87	54	84	24	84	36	42
63	82	61	9	51	9	28	34	29	64
74	42	69	31	14	25	84	96	36	87
38	25	100	40	96	70	60	100	8	8
44	85	58	74	56	30	79	36	57	75
54	64	64	52	27	84	38	3	74	30
1	28	49	49	4	38	82	21	14	82
50	28	27	22	20	89	85	96	75	84
46	48	40	61	34	74	61	49	14	12
33	57	27	79	7	17	37	9	70	18
48	58	23	76	25	26	38	43	32	38
100	43	29	90	84	53	89	88	16	31
77	34	8	2	50	94	2	49	15	4
53	76	26	57	36	89	26	64	37	8
37	19	17	76	13	90	28	37	95	55
28	49	93	40	42	15	51	21	27	32
25	89	28	29	86	24	18	72	54	95
27	25	52	9	95	59	18	32	89	60
66	65	54	61	76	4	84	86	16	22
38	6	38	6	83	48	91	88	91	90
73	56	83	1	28	4	98	85	46	83
98	19	32	68	66	60	36	68	54	82
41	32	57	33	58	22	88	46	26	47
68	30	42	100	87	10	83	54	33	72
7	100	40	33	25	20	74	70	40	24
13	24	35	9	50	41	100	51	43	7
16	52	59	99	16	68	78	33	81	56
78	82	36	82	76	41	92	25	8	39
49	18	7	3	35	45	95	34	51	47
11	32	11	27	57	55	41	42	18	57
42	42	90	84	47	31	88	53	33	9
49	76	43	5	59	98	46	57	65	71
74	44	82	35	46	46	72	10	26	22
1	51	7	52	97	7	29	23	56	5
57	42	1	43	98	36	89	6	68	59
9	85	77	47	84	99	60	55	39	1
60	79	28	11	9	98	69	92	9	52
70	24	1	60	15	32	44	39	38	10
58	66	42	68	13	16	75	61	68	99
47	75	84	56	46	78	15	90	35	100
68	97	98	16	89	86	85	17	32	53
55	22	18	29	43	94	38	61	99	93
24	8	24	11	6	96	40	45	15	37
17	54	5	38	43	61	69	26	79	27
31	58	29	16	44	26	57	55	13	52
41	54	92	42	76	60	74	87	11	94
47	40	2	96	36	2	17	80	87	83
26	12	83	72	63	67	79	9	68	80
39	85	33	64	96	64	63	63	62	84
88	82	15	85	81	91	56	34	80	42
9	78	69	31	27	30	72	20	80	10
81	65	20	32	56	62	8	39	100	73
40	55	18	4	95	44	97	98	92	72
12	46	29	26	72	61	17	3	38	67
92	43	84	53	3	23	63	84	30	19
84	17	34	8	3	55	60	65	36	83
33	74	29	8	99	35	37	94	61	95
46	6	2	33	81	97	72	66	1	73
82	14	69	74	89	95	13	21	24	18
2	52	67	55	35	18	15	76	54	68
87	69	24	35	73	78	16	1	27	6
83	95	65	64	2	19	6	56	20	5
23	16	71	44	94	95	39	47	99	64
83	96	12	34	86	13	90	34	1	11
80	12	95	18	35	7	88	4	54	16
13	60	57	50	45	72	98	81	42	79
40	69	3	64	23	88	84	31	78	89
30	72	56	9	26	12	22	53	9	87
7	35	94	83	51	24	40	62	89	15
15	10	93	22	72	11	9	31	95	47
24	57	26	65	87	42	5	48	25	34
50	46	72	56	73	5	76	20	14	100
48	22	42	64	74	20	79	34	37	15
3	91	59	62	63	50	9	29	97	9
20	92	38	56	65	70	39	38	49	67
36	90	18	96	99	3	15	63	91	68
63	71	12	10	31	60	87	10	93	23
96	48	24	5	81	57	85	87	100	5
82	42	85	70	80	14	74	63	64	61
36	47	38	30	47	49	81	28	25	5
83	29	45	27	72	89	66	13	16	43
19	29	64	87	86	22	86	42	31	18
