5	50
1	16	4	3	3
13	18	5	20	14
3	11	16	10	10
15	13	8	3	14
13	16	1	16	7
13	6	2	16	11
4	13	3	4	12
2	14	4	17	7
20	16	12	16	7
19	16	11	4	6
15	18	19	8	11
6	16	8	17	10
8	17	10	9	10
11	8	13	19	8
2	10	12	17	14
17	4	6	10	9
18	16	19	10	16
6	15	15	13	6
7	7	8	8	19
4	7	3	6	16
11	4	12	16	5
6	7	3	14	15
2	11	18	9	13
12	19	20	14	4
17	13	1	13	2
15	2	5	18	11
11	1	20	15	18
14	4	3	6	10
20	12	2	19	5
16	9	20	15	7
5	7	10	2	19
18	3	20	14	10
4	3	6	4	4
1	11	4	11	19
9	16	15	4	5
5	12	3	9	6
7	3	10	11	6
5	12	19	16	20
12	5	10	17	6
17	7	18	15	4
6	6	9	16	19
10	12	6	17	15
7	1	12	8	4
2	13	16	18	19
10	13	9	12	8
5	7	19	18	9
18	14	8	5	1
1	14	14	12	17
13	6	2	1	14
12	13	2	14	5
