10	200
37	45	31	36	10	21	8	35	43	13
42	40	16	8	17	17	17	32	20	11
37	48	39	34	3	29	22	9	17	39
16	13	16	23	21	14	50	24	36	48
46	40	49	17	5	27	33	49	31	9
20	50	19	38	5	40	7	47	34	32
49	49	18	5	48	29	25	44	38	3
17	43	46	23	16	47	49	22	30	26
47	23	29	8	19	17	44	29	18	31
7	3	41	5	49	47	22	45	20	26
3	40	12	28	43	28	4	47	23	9
41	35	18	9	35	27	21	11	37	31
35	47	26	7	46	14	3	42	25	19
25	5	3	5	23	8	12	1	16	42
13	48	6	10	40	23	36	33	20	22
27	12	9	39	41	7	14	6	32	29
25	13	22	5	34	37	33	14	36	28
16	20	46	45	19	37	41	16	17	24
29	20	22	3	42	13	47	14	14	17
44	7	19	37	17	1	26	2	26	4
41	23	48	42	7	8	17	14	21	4
16	49	39	9	1	6	41	20	13	22
41	19	50	19	34	10	1	9	29	19
11	39	41	14	34	6	23	30	46	34
47	34	44	10	2	46	18	11	37	12
11	7	40	5	14	22	24	29	9	48
7	8	35	3	43	28	9	26	26	45
33	11	25	29	25	7	25	40	18	39
42	41	22	18	8	5	50	36	1	12
33	45	22	48	28	39	49	42	17	25
38	43	36	43	30	50	32	11	31	7
47	34	12	20	7	17	37	18	45	38
28	23	26	14	13	39	39	27	2	36
9	34	24	44	2	50	6	30	39	9
24	40	6	44	15	50	33	3	42	12
3	32	48	29	47	16	18	22	30	41
12	5	9	45	48	14	10	19	19	7
11	7	30	37	15	39	17	32	49	13
6	37	36	41	33	27	36	45	47	37
32	34	50	48	47	19	31	12	47	2
40	15	34	35	1	47	3	12	15	8
49	37	24	17	36	26	20	19	13	21
29	16	22	33	25	28	7	32	40	47
9	6	36	48	24	42	3	1	41	36
25	25	31	39	38	46	11	33	13	22
49	13	50	26	23	24	43	2	10	23
41	21	23	18	50	44	1	27	44	44
23	19	28	27	47	5	36	33	45	29
18	24	20	19	48	46	7	11	25	50
49	2	41	18	46	5	2	13	39	45
46	34	40	19	49	30	35	23	29	19
39	10	7	31	6	17	2	4	21	4
37	41	2	44	46	22	29	10	31	42
3	23	45	1	34	34	34	2	20	18
12	34	32	6	12	39	46	10	13	29
4	48	43	36	8	5	33	47	23	28
2	25	43	37	17	16	16	6	48	23
33	1	35	3	43	4	10	46	33	7
27	19	48	2	39	5	31	9	43	30
1	38	29	43	16	37	42	45	40	46
23	40	13	40	46	4	14	40	43	5
46	37	15	16	2	34	28	41	49	12
36	7	14	18	22	46	22	43	37	7
13	16	7	37	34	38	6	8	6	36
41	41	17	39	35	15	24	13	42	33
10	1	46	28	11	16	26	46	19	1
32	22	3	37	43	30	31	28	33	14
29	20	35	13	21	45	41	25	34	7
22	10	2	5	48	12	20	29	26	18
12	11	40	6	5	20	39	30	47	5
34	46	31	28	5	40	17	34	7	17
26	2	12	12	29	22	20	49	40	31
11	3	3	15	3	18	31	30	9	2
7	11	29	30	24	27	30	25	1	8
46	37	22	10	43	11	49	28	27	33
1	41	41	16	44	32	44	17	25	37
10	37	25	6	10	15	23	33	39	3
43	46	48	32	36	25	32	43	22	43
20	4	3	27	1	16	20	14	36	42
33	14	1	14	49	9	12	16	50	29
39	17	39	25	40	5	43	10	30	20
1	2	45	32	18	6	35	48	5	45
45	9	48	47	20	30	46	35	33	27
13	16	43	43	5	4	15	29	38	46
24	11	35	17	42	32	19	19	47	43
25	15	11	6	34	30	19	43	5	11
10	8	28	3	7	35	9	2	27	15
42	6	11	10	21	35	25	31	6	38
12	27	39	40	3	49	5	37	10	26
35	23	24	28	37	16	33	32	11	7
23	17	42	32	2	19	4	2	36	50
6	38	37	17	50	33	20	38	1	8
31	23	43	2	30	20	32	34	23	5
2	43	21	49	16	45	36	7	39	34
46	4	2	11	20	47	36	7	28	4
47	46	32	3	27	1	24	40	2	33
37	21	29	31	48	13	17	38	2	5
48	13	50	17	13	27	21	33	33	34
34	26	6	20	8	7	12	19	23	15
21	46	5	6	47	25	25	21	13	7
30	49	6	24	7	35	46	15	41	50
30	42	8	19	50	12	15	10	24	42
1	49	16	37	34	3	8	44	21	38
2	1	20	26	4	36	20	32	14	24
11	48	28	23	35	30	38	36	7	35
10	16	48	22	6	32	33	19	41	4
27	2	44	4	48	30	22	33	16	14
43	34	47	50	31	4	22	43	2	4
15	22	38	37	28	37	3	49	20	23
3	1	42	10	48	9	4	25	25	6
9	6	21	43	43	27	19	49	42	3
11	41	17	37	40	5	15	8	26	12
27	24	13	44	12	42	42	38	2	22
50	47	18	47	46	10	2	45	44	1
19	5	8	18	12	12	35	6	21	44
45	47	49	14	30	36	44	27	31	1
36	32	47	20	4	14	23	21	42	30
3	20	14	26	43	22	17	46	32	50
8	37	17	9	28	4	49	4	18	10
16	25	14	44	16	37	9	38	15	49
39	14	14	41	41	25	33	23	21	8
20	48	46	32	44	50	15	38	42	1
16	20	4	32	14	28	6	21	11	7
14	29	32	34	11	44	23	27	19	4
21	26	33	11	41	19	30	33	1	16
22	21	47	14	34	20	11	33	27	13
19	13	13	15	44	41	17	13	21	50
27	39	20	38	30	40	37	44	41	46
49	24	20	45	35	43	32	18	50	42
34	40	1	6	36	9	13	19	17	50
2	18	13	2	40	34	1	9	35	44
34	18	43	31	15	46	43	19	30	1
10	50	13	30	16	38	39	15	3	22
27	19	27	41	45	32	11	19	6	1
42	23	34	7	9	17	48	20	41	40
16	45	39	16	41	2	5	34	36	2
46	37	7	13	17	15	41	2	36	34
35	24	13	30	9	37	17	6	21	50
41	19	24	14	7	32	30	12	50	43
27	28	34	4	5	6	17	21	40	44
27	46	34	8	5	42	33	10	7	5
36	49	13	36	12	28	14	44	7	36
36	29	2	44	8	8	41	10	25	4
20	47	17	28	23	45	35	16	9	15
50	21	6	46	8	28	15	48	42	28
43	24	14	5	9	48	44	41	1	48
2	23	35	3	36	40	33	36	13	18
43	48	35	42	36	15	24	7	36	30
43	43	18	47	12	46	33	12	20	26
1	44	16	11	14	27	36	3	10	18
45	30	36	25	35	45	39	22	20	44
25	37	5	21	5	10	5	39	42	40
8	21	16	38	17	49	32	24	29	9
29	21	47	19	36	14	8	44	12	17
7	11	43	26	1	15	40	45	7	5
23	48	12	21	11	24	14	48	8	36
13	15	44	11	15	4	40	37	36	41
2	12	27	25	33	48	29	41	38	3
10	38	18	25	37	32	10	27	8	12
50	11	37	26	4	43	17	32	11	47
25	3	9	16	3	11	21	37	38	14
46	24	10	6	27	26	48	19	25	34
44	14	29	25	42	42	26	1	21	41
31	47	30	41	29	8	29	2	23	26
11	24	39	45	16	27	1	31	50	29
45	49	8	28	3	11	25	35	25	11
36	21	16	48	33	50	44	20	27	20
47	46	47	49	23	21	25	34	9	15
42	45	1	43	46	32	40	2	38	19
33	45	28	12	41	41	8	42	13	17
33	32	5	31	33	50	3	9	6	32
36	41	26	10	20	42	20	24	2	2
11	43	32	9	37	2	19	35	9	33
14	34	22	43	33	11	40	21	11	47
30	31	47	7	33	43	20	18	43	49
21	34	40	12	6	41	50	46	45	31
31	18	50	23	19	2	20	33	27	10
2	50	13	6	22	30	46	26	26	44
32	1	43	10	13	30	45	11	37	43
11	45	26	30	16	13	31	24	38	31
24	38	42	33	48	21	21	35	40	27
45	25	20	1	49	31	25	40	11	39
8	9	46	35	49	8	25	34	40	9
50	23	38	46	21	45	10	11	13	42
9	11	21	11	48	36	25	26	32	36
39	41	13	50	24	15	42	7	35	41
47	38	45	31	27	23	38	25	30	4
21	15	28	20	30	48	38	35	38	13
33	50	2	4	21	9	10	39	22	7
4	4	26	22	46	21	16	40	34	25
49	50	46	28	16	25	14	44	20	27
27	7	19	22	8	48	36	42	11	19
13	49	3	24	1	18	39	7	25	10
32	49	2	13	15	34	4	25	39	47
45	17	20	46	30	48	35	5	14	48
36	24	30	15	13	50	47	23	28	48
36	7	19	11	45	29	6	7	8	25
44	12	4	15	24	47	30	7	44	4
33	35	43	27	25	9	19	37	1	15
37	31	48	41	11	39	48	10	2	2
