2	200
47	31
10	12
14	29
47	40
5	24
22	4
13	7
23	10
39	43
13	28
21	14
38	1
13	42
30	40
16	49
6	20
22	5
16	30
38	20
8	29
4	24
3	39
8	42
30	21
43	33
40	27
43	38
48	34
43	10
50	22
49	7
25	6
18	2
33	9
42	43
22	19
35	34
25	47
11	50
44	21
12	9
48	33
10	30
27	34
8	32
37	28
21	36
31	47
50	47
21	6
10	22
30	50
11	22
42	10
14	1
24	44
17	29
11	40
9	42
47	39
25	49
1	11
7	44
49	50
4	28
48	14
29	38
12	41
30	49
23	39
39	18
20	8
9	44
12	42
26	41
39	8
1	33
32	11
21	19
44	17
23	42
6	37
3	10
15	29
17	20
11	11
20	9
1	8
30	44
2	13
33	7
25	14
39	41
14	47
7	2
20	11
6	6
16	47
12	33
5	49
30	33
25	6
30	29
38	42
33	25
32	27
18	31
35	17
18	43
48	12
47	18
23	16
1	50
5	15
44	4
46	47
40	4
34	50
32	19
34	11
3	22
15	33
21	44
44	25
21	50
29	20
35	43
2	12
11	10
6	31
24	24
49	29
29	35
38	15
48	36
35	50
9	38
10	26
3	40
46	7
6	30
45	45
26	26
12	47
2	22
39	22
14	4
38	30
23	37
4	36
6	30
28	35
15	30
11	48
34	27
9	22
15	49
25	45
30	5
3	3
24	42
13	27
47	13
36	6
1	31
4	17
36	10
2	27
3	10
30	47
16	14
13	26
13	18
8	15
29	43
50	18
34	2
12	15
17	1
39	2
44	6
48	3
23	43
36	5
48	49
42	20
26	6
38	10
29	38
15	30
6	22
28	8
31	36
33	35
48	38
10	2
22	28
4	11
17	11
3	20
