10	200
2	16	9	12	3	8	19	16	9	10
9	10	15	5	2	20	9	10	3	2
2	7	17	5	2	4	11	14	14	8
3	20	11	9	18	6	10	20	14	2
10	10	14	7	12	20	3	2	17	13
9	8	15	16	2	16	20	4	10	20
17	6	2	2	7	10	19	7	7	16
11	10	17	1	12	12	14	10	13	3
1	10	18	2	19	16	5	15	8	3
7	6	10	15	5	5	9	13	20	3
1	17	15	1	2	20	12	14	4	11
3	11	11	8	19	8	8	20	3	12
5	4	20	4	10	5	20	2	16	8
4	1	10	10	3	5	15	17	20	20
5	12	12	17	1	17	15	3	17	17
17	9	11	9	19	17	17	11	11	18
20	10	18	16	8	2	1	1	5	14
14	11	1	3	8	14	13	3	4	14
10	18	6	19	11	15	11	2	12	7
8	4	7	3	20	15	14	16	10	20
16	14	18	3	4	7	9	8	1	6
5	15	8	17	8	3	5	19	6	13
11	20	10	19	6	10	5	19	3	13
20	17	13	5	19	16	20	3	16	5
7	4	1	6	2	14	16	10	15	18
11	15	11	18	9	17	5	20	18	15
2	11	5	9	7	8	3	4	19	13
4	2	4	1	7	8	19	5	17	13
14	15	4	6	2	5	7	15	16	2
12	20	6	2	3	16	19	12	20	15
11	13	11	2	14	10	12	10	12	2
18	20	3	5	1	7	7	20	7	2
2	8	8	17	1	4	17	3	18	11
10	7	5	3	2	2	5	3	12	13
14	17	4	15	5	12	18	1	2	17
10	19	6	19	14	4	5	15	2	11
14	9	12	1	12	11	16	1	4	19
3	5	8	15	8	5	4	14	13	9
7	16	2	2	2	11	2	7	10	19
17	10	1	2	19	5	5	4	3	14
17	17	18	3	14	5	11	11	11	9
20	12	2	13	4	18	8	11	20	2
9	9	11	5	2	13	4	7	17	3
1	1	11	19	13	10	19	19	9	17
20	12	16	2	20	6	8	8	18	1
18	15	5	1	6	8	6	13	1	1
1	5	14	8	9	19	1	4	1	15
20	9	2	3	3	18	14	10	6	17
5	16	10	16	6	6	17	11	13	5
4	6	19	9	16	16	18	8	14	1
6	5	8	4	2	10	13	2	19	9
15	16	8	5	16	5	15	19	3	3
3	11	11	16	11	14	11	14	7	8
20	6	17	5	11	1	9	6	14	17
14	15	12	5	11	8	19	14	13	11
1	20	6	11	19	15	14	12	14	8
20	20	16	12	9	10	20	4	14	15
17	9	5	7	9	8	19	7	6	3
16	17	1	16	7	20	20	6	6	16
8	17	13	6	18	15	19	1	16	1
9	15	20	18	15	12	15	19	2	11
17	8	6	11	13	3	19	20	5	9
10	14	18	18	8	20	17	19	10	15
10	18	11	6	14	1	17	3	2	16
6	1	5	16	20	1	12	2	14	15
17	19	17	7	11	16	18	2	11	15
15	16	10	8	2	19	18	1	18	13
7	16	19	9	4	9	10	3	19	7
9	15	6	15	19	11	2	4	15	19
4	15	13	7	1	10	11	17	14	1
4	11	5	2	9	1	1	8	4	2
7	15	4	4	7	1	11	16	9	12
18	14	7	19	9	12	3	13	9	14
19	13	9	18	4	19	11	5	7	18
11	14	1	13	12	9	12	9	1	1
20	16	9	3	4	10	5	6	13	17
18	8	20	10	4	15	7	6	1	8
11	6	9	11	2	4	14	15	8	1
1	15	13	9	14	3	4	7	14	15
15	5	13	10	20	3	15	11	9	18
3	6	9	13	11	15	7	18	2	1
16	10	19	12	17	4	16	12	16	2
11	1	12	6	14	6	14	20	11	19
9	4	6	10	19	16	7	1	18	20
16	6	5	14	19	5	6	1	13	17
7	4	15	7	8	3	14	3	19	5
1	8	8	3	13	13	5	10	13	2
17	16	14	16	7	5	16	19	7	10
20	13	7	15	12	6	9	20	2	17
2	5	2	14	19	8	19	3	2	7
1	17	8	12	1	12	10	20	1	3
7	15	16	9	5	9	1	14	11	7
4	6	8	17	20	13	14	20	18	19
6	13	18	20	10	4	5	16	14	1
16	10	19	19	10	7	9	13	9	11
8	6	12	15	3	15	10	12	12	8
18	10	2	2	18	14	18	17	20	2
4	5	20	11	12	15	7	9	7	14
5	2	12	7	11	1	2	4	18	15
14	14	5	7	3	6	8	18	2	16
10	13	14	8	7	4	7	2	4	9
9	1	5	19	4	17	19	16	11	17
13	14	19	5	8	10	1	14	9	6
8	9	7	11	4	13	9	5	1	8
15	1	1	9	7	14	10	7	3	6
7	13	7	6	4	16	14	9	20	17
3	13	14	18	2	20	14	14	15	12
9	15	15	3	3	13	14	10	19	15
1	15	11	3	19	15	2	2	8	9
19	20	5	4	5	2	8	3	8	7
20	16	13	12	18	13	18	5	3	12
2	4	10	6	16	9	3	11	19	7
19	13	7	6	13	9	11	12	18	2
5	11	3	13	15	6	2	20	5	7
17	18	19	16	7	16	11	20	8	17
20	17	4	2	9	8	9	7	19	10
2	7	7	2	7	11	2	17	11	11
7	3	7	13	10	1	14	11	19	18
19	11	4	2	3	9	8	2	5	7
17	16	2	16	5	11	12	18	10	16
15	14	9	18	10	17	10	12	12	8
15	19	8	2	11	12	3	5	20	19
4	1	13	5	14	12	2	11	8	19
9	16	2	4	4	5	2	7	13	6
19	16	10	17	12	19	8	1	5	14
9	8	19	12	13	14	1	5	5	18
16	19	5	13	20	19	17	5	18	7
10	17	12	14	20	8	11	17	13	15
4	1	7	15	11	2	18	11	11	10
4	18	3	15	11	20	12	17	17	13
2	4	3	19	4	13	16	5	12	5
4	5	13	10	14	15	13	10	3	19
2	7	14	9	3	13	15	17	4	20
17	14	20	20	13	1	19	9	11	19
6	14	19	7	6	20	5	13	2	16
8	2	15	19	12	16	10	15	16	11
18	19	2	13	8	10	6	13	17	13
17	5	19	4	13	9	9	8	3	3
8	2	16	9	13	15	19	1	8	18
12	5	13	1	1	8	12	6	19	17
15	13	17	9	19	4	3	12	7	4
7	3	12	14	3	17	4	13	1	14
11	5	5	19	2	13	13	19	4	6
17	3	9	7	9	16	6	8	11	10
12	8	15	5	11	9	13	20	18	5
5	20	6	6	6	10	8	18	7	6
12	5	9	2	8	5	15	6	5	8
12	16	3	12	2	3	11	1	9	13
1	13	2	19	2	17	17	3	1	19
8	8	1	5	19	8	20	14	17	6
15	8	15	11	14	9	17	15	4	3
20	8	10	14	6	19	3	10	20	11
9	12	5	7	20	4	16	19	14	15
4	17	5	3	19	14	19	11	6	14
1	2	20	18	19	1	19	7	20	20
5	11	14	6	18	4	3	9	11	10
13	19	2	10	20	3	3	8	16	12
1	12	4	7	11	7	13	7	8	19
5	9	19	14	10	13	4	19	5	16
11	10	1	16	1	3	1	10	19	16
18	12	12	8	20	13	7	7	16	12
12	16	1	13	6	5	1	9	1	7
20	5	3	1	2	11	12	8	7	9
7	3	9	13	2	14	17	11	14	17
6	17	3	14	5	16	9	8	11	16
3	12	10	12	17	14	9	12	7	10
1	19	1	8	6	9	7	9	12	13
8	10	15	4	2	4	2	10	17	7
2	4	18	11	6	15	14	18	17	8
5	6	5	5	16	8	16	16	9	16
9	1	17	19	8	13	17	6	11	13
12	20	16	20	8	17	2	11	2	11
15	10	13	4	8	3	6	11	8	15
8	7	2	1	19	2	8	20	3	14
18	8	8	4	17	6	10	5	17	19
6	6	14	18	2	19	8	14	11	6
8	7	19	17	6	6	18	15	2	7
10	2	8	9	13	8	3	10	7	3
13	1	14	9	9	2	13	5	20	20
14	14	10	18	6	12	10	11	19	11
8	16	3	11	10	5	19	6	5	14
17	18	7	9	13	8	13	10	9	4
14	14	16	3	13	17	13	11	4	2
18	12	12	16	15	18	19	4	20	4
4	7	20	6	3	17	7	1	5	19
19	1	3	15	18	15	20	20	19	13
12	8	3	3	17	5	7	11	14	16
9	9	10	5	20	7	14	10	20	17
10	12	6	5	3	18	10	17	19	20
18	19	6	8	13	16	5	17	10	19
10	16	7	10	10	11	11	19	16	12
1	11	1	2	3	20	3	18	1	20
16	11	13	15	18	11	4	3	13	4
2	17	1	2	7	15	6	17	16	13
7	12	1	7	20	8	18	4	5	13
14	7	17	10	3	20	3	13	12	19
7	9	7	13	11	4	10	19	15	9
15	6	3	8	13	5	10	7	15	11
13	20	18	20	10	15	1	11	19	8
12	13	6	17	7	19	5	9	16	16
