5	50
20	11	1	6	14
11	1	8	4	14
8	14	13	3	1
3	16	1	6	18
15	9	10	20	10
20	9	8	16	6
17	4	8	15	12
11	6	14	4	16
19	8	15	14	19
5	16	17	9	11
20	18	5	5	14
11	2	2	17	15
2	14	13	18	17
5	7	18	12	10
18	2	17	10	20
7	15	17	2	5
5	13	19	5	7
20	19	4	2	1
10	5	17	10	15
5	16	17	17	14
19	18	5	19	14
18	1	15	5	8
16	6	20	12	10
10	15	8	12	18
6	3	17	12	1
14	5	8	16	15
11	19	20	8	7
7	8	1	12	9
20	4	19	14	5
4	5	6	20	5
11	9	5	20	9
16	2	14	19	20
13	14	20	11	17
18	6	13	6	4
3	15	16	3	18
2	5	3	7	17
9	20	8	11	5
2	14	1	19	11
6	14	2	12	17
7	5	9	18	7
18	12	20	17	3
16	14	3	2	7
11	19	8	2	11
13	6	9	6	15
5	6	14	15	18
10	13	4	7	12
18	17	6	20	20
18	1	11	9	10
9	12	20	13	20
8	6	1	1	4
