5	50
32	96	46	26	5
40	2	94	99	36
82	12	99	90	97
42	70	93	70	71
65	78	2	64	22
34	71	80	4	61
65	87	55	68	56
44	99	69	63	71
55	55	1	46	97
27	77	11	18	80
56	76	87	67	35
55	94	82	5	71
70	23	90	38	71
96	57	31	34	53
43	1	31	99	16
10	78	57	68	95
58	61	62	24	5
89	1	89	33	1
50	18	65	92	2
33	66	63	75	2
71	47	77	66	38
56	46	88	52	26
78	38	15	10	14
9	62	66	34	83
96	69	99	34	4
26	36	39	98	84
45	15	83	67	25
11	84	97	87	49
44	13	38	8	24
12	3	56	79	93
71	100	30	93	7
3	48	44	63	12
20	7	90	68	81
63	56	49	86	3
26	66	79	85	39
83	31	91	11	92
23	81	61	6	13
46	86	90	60	22
63	40	34	76	29
38	24	70	28	61
57	55	71	76	67
6	21	46	54	24
72	58	34	72	90
40	46	84	56	35
78	66	89	64	40
86	32	4	56	2
59	62	64	50	35
68	11	85	40	7
25	41	37	37	51
6	6	63	86	90
