2	100
4	33
47	55
11	78
64	22
79	8
44	69
1	2
13	77
41	25
81	6
34	69
19	56
58	69
64	37
100	41
40	17
42	95
83	42
19	17
27	42
54	19
39	22
31	10
94	25
88	13
21	28
65	56
10	35
15	91
98	42
15	28
23	38
68	27
28	6
20	72
58	24
98	39
53	16
30	98
25	49
76	40
49	88
20	13
52	86
85	48
28	29
20	85
28	26
97	2
54	5
83	89
5	17
55	98
30	27
3	95
5	18
66	49
67	76
79	35
18	55
76	42
21	73
44	29
4	13
12	27
20	29
44	21
67	88
35	33
34	23
84	26
84	91
43	11
63	71
19	52
48	62
84	100
29	41
68	33
73	26
94	17
16	76
75	77
74	46
83	80
41	46
2	96
72	51
58	31
30	34
67	33
95	60
80	58
46	45
92	26
21	3
61	8
29	68
10	9
16	67
