5	50
10	6	8	8	5
11	13	9	18	19
17	10	6	17	17
12	19	5	18	10
8	16	17	10	12
8	7	3	3	2
10	14	12	11	20
12	6	10	14	5
20	1	16	11	17
5	14	6	5	18
6	13	15	3	9
14	10	18	16	18
4	11	7	17	9
3	18	15	18	6
7	9	11	13	10
8	1	6	13	8
14	1	18	5	16
17	19	10	3	6
3	8	14	17	1
9	14	19	3	14
8	19	9	20	12
17	3	3	13	2
14	4	6	9	4
3	14	2	1	12
5	8	13	12	4
19	16	15	13	2
14	2	4	20	20
15	13	19	13	20
15	17	17	1	13
19	3	5	13	18
16	13	18	11	10
20	7	17	17	14
1	9	10	12	9
12	1	6	9	9
11	15	10	2	18
8	12	12	19	5
17	12	2	15	7
2	4	13	10	1
9	16	2	20	19
7	7	6	13	2
19	17	16	4	8
1	4	17	14	2
8	15	19	12	18
10	7	16	6	8
8	8	16	9	1
15	14	10	4	11
2	6	20	18	7
20	16	18	7	6
18	8	20	9	13
15	18	11	3	9
