20	50
14	47	7	31	7	20	26	44	30	32	47	14	23	46	2	33	39	26	34	1
13	36	7	30	13	21	43	10	1	25	9	50	24	22	6	21	50	32	38	47
15	46	47	39	45	28	35	41	13	6	44	3	37	24	2	28	41	28	18	36
28	17	44	6	24	48	41	1	40	31	34	8	39	38	37	18	40	19	36	36
37	2	47	45	31	6	13	1	20	29	31	22	14	2	19	49	3	41	16	47
38	34	2	33	23	36	15	50	37	35	39	23	43	33	50	27	20	49	25	18
35	41	31	12	50	12	45	37	19	39	15	49	3	39	49	4	50	14	23	46
42	14	14	36	40	8	30	32	3	43	29	4	16	48	13	48	3	40	34	12
42	28	31	49	20	41	20	4	34	46	27	7	27	30	27	21	27	46	23	42
32	13	35	26	10	12	33	6	26	2	1	11	31	11	5	14	34	16	16	49
39	26	48	7	17	23	27	37	21	43	21	7	18	42	30	29	44	5	39	9
8	14	29	33	45	17	26	16	26	14	37	12	31	24	4	7	15	28	10	38
35	47	36	34	31	44	43	40	32	26	21	29	27	7	41	25	48	15	12	1
47	12	12	8	6	9	27	44	38	24	14	17	46	1	25	12	29	45	3	1
24	37	35	1	44	8	36	25	33	29	9	1	16	9	42	24	36	29	28	22
18	49	2	9	12	4	34	26	33	29	46	3	13	12	28	11	27	11	15	48
24	3	11	10	15	14	1	37	10	1	27	1	17	31	34	25	36	26	39	40
25	10	42	5	34	7	38	5	32	31	47	25	15	31	49	16	38	43	45	48
3	47	16	32	3	46	36	33	28	3	25	1	23	25	24	14	11	7	26	8
27	47	6	29	5	3	37	37	32	18	38	44	32	41	37	28	44	11	2	38
22	6	27	30	7	46	2	40	8	35	5	31	17	37	22	7	42	38	28	50
9	49	1	10	15	32	20	32	39	46	21	1	6	38	37	21	21	26	23	9
1	47	30	48	13	7	27	46	19	31	36	7	34	3	29	23	5	17	15	25
27	21	1	12	15	5	26	29	50	1	36	17	15	19	50	13	20	3	47	9
5	24	13	9	11	14	17	4	9	15	16	4	12	49	32	31	47	18	34	9
32	49	46	19	45	20	43	15	3	17	3	3	20	7	20	3	8	43	2	1
38	23	20	36	35	32	6	17	37	19	16	3	20	39	28	7	29	45	15	42
22	3	1	42	13	14	35	5	29	29	24	5	17	34	21	9	29	10	34	13
14	27	29	35	2	50	34	31	30	13	25	13	28	10	29	36	23	28	24	22
48	1	38	8	46	12	37	36	19	19	29	19	12	3	28	46	24	16	41	13
31	4	26	16	5	11	27	7	5	35	37	1	37	12	15	14	39	21	39	40
14	48	13	11	35	7	2	26	33	33	12	7	38	12	41	45	25	22	4	36
36	30	31	34	32	28	32	50	38	15	7	3	28	2	49	33	41	16	32	48
10	1	25	22	23	31	14	26	22	20	40	18	18	4	4	35	17	30	29	8
25	2	39	19	26	10	30	36	13	8	5	10	41	6	26	36	5	9	11	2
14	7	29	18	26	40	35	24	48	14	17	12	37	24	24	8	12	7	46	14
1	28	13	14	16	30	28	13	28	19	30	9	20	27	45	19	24	21	43	37
25	6	39	49	42	43	23	17	33	18	24	49	13	47	1	36	44	15	2	46
13	23	46	29	35	8	42	10	30	6	35	42	14	10	40	46	40	14	22	23
8	11	31	10	46	32	46	23	26	9	25	9	20	48	25	2	10	10	15	34
2	13	38	27	33	33	35	4	8	6	47	31	43	29	38	2	43	37	34	3
13	20	35	22	32	27	23	16	35	38	36	30	49	39	22	46	24	4	27	13
47	42	15	21	13	44	16	41	11	24	10	24	26	13	21	32	29	17	46	7
11	20	19	20	21	17	32	5	7	43	28	40	10	21	6	21	5	14	10	38
12	32	6	12	29	12	4	37	18	41	17	8	8	21	3	28	24	46	50	46
13	11	34	18	46	20	15	5	7	1	27	15	8	9	45	29	14	7	42	9
13	46	38	17	26	21	32	39	19	28	48	10	15	14	26	1	49	38	17	9
48	49	30	18	14	3	1	49	27	25	15	18	5	42	33	17	24	18	43	25
38	27	37	29	4	18	1	44	34	45	31	27	40	33	12	14	16	21	3	24
21	33	13	45	14	30	5	23	31	9	27	32	45	43	21	21	13	1	14	47
