20	100
6	4	11	2	16	19	19	17	15	9	15	1	6	6	16	3	7	13	5	5
16	7	5	20	15	8	11	13	5	19	14	11	4	9	1	16	11	6	13	13
13	5	18	9	2	4	14	1	19	18	18	18	2	17	9	20	20	12	8	9
9	7	13	17	16	4	18	18	6	20	13	1	20	12	12	12	10	16	19	11
15	11	14	8	1	16	10	8	1	2	17	20	19	5	5	7	13	1	14	18
7	16	15	19	5	18	19	10	6	18	10	4	14	17	14	18	13	5	16	20
15	10	18	4	3	13	3	15	8	6	19	9	3	1	4	19	16	16	3	4
18	1	3	3	12	14	7	2	11	7	14	9	6	14	4	17	19	11	16	12
15	5	2	20	19	2	1	13	14	16	2	18	2	12	3	14	8	15	13	9
7	2	4	1	12	11	3	10	17	7	20	6	20	11	10	13	19	3	5	10
14	14	9	16	6	17	7	15	11	10	10	5	19	8	6	14	1	1	9	8
19	11	17	7	16	17	18	11	3	10	16	6	10	3	16	13	13	9	16	16
5	9	19	7	18	15	7	13	6	16	13	18	15	17	12	3	17	2	20	9
19	17	13	2	15	4	16	17	12	13	1	13	6	14	4	11	13	10	9	1
11	6	6	7	18	18	12	13	12	13	17	12	9	7	17	9	17	18	13	15
20	11	1	13	15	1	13	1	13	1	11	8	14	19	19	14	11	6	4	17
13	3	6	20	17	10	4	19	17	16	14	16	18	15	2	1	6	13	12	18
6	11	20	11	3	9	18	10	9	3	18	11	14	16	2	18	5	1	16	6
17	14	5	18	8	15	10	19	18	19	9	19	15	7	12	2	3	15	17	8
12	14	11	14	19	3	3	3	13	4	16	5	17	7	1	12	7	3	3	8
20	20	12	10	15	20	17	7	4	1	16	10	4	9	14	3	3	11	19	5
13	8	6	15	4	5	2	8	7	20	16	20	13	10	9	13	3	2	20	20
6	16	19	13	9	6	1	9	13	18	9	17	4	19	16	13	14	18	7	11
18	9	1	4	6	16	18	15	20	1	1	2	11	20	19	17	9	14	6	19
4	13	16	9	11	19	17	14	14	17	20	5	16	9	2	18	16	15	8	14
8	6	9	12	18	8	6	4	20	19	4	1	13	9	7	6	14	13	13	7
20	5	2	4	2	17	7	2	19	2	2	15	6	13	11	19	5	4	12	4
13	13	14	15	13	19	13	8	3	17	4	3	2	1	15	4	5	5	11	2
1	5	6	19	17	10	15	20	18	9	1	11	1	10	15	7	11	7	12	4
4	20	20	3	19	19	13	5	18	8	15	20	14	11	4	9	8	16	18	4
4	13	10	15	16	14	3	13	7	8	14	18	14	7	18	2	5	3	1	19
17	11	3	10	15	2	18	11	7	6	20	15	9	8	20	12	10	6	8	5
17	20	19	11	15	17	6	7	13	2	4	5	16	20	7	14	11	20	20	14
16	12	7	1	9	19	9	6	8	7	12	20	16	16	2	17	13	12	16	18
16	12	19	5	3	16	19	9	2	6	1	10	6	14	10	6	14	18	2	16
8	1	19	7	11	5	9	1	19	10	2	19	5	3	18	5	13	3	19	14
1	20	5	2	7	2	15	3	7	16	4	15	11	20	10	16	13	13	14	19
7	18	11	12	5	2	6	3	16	5	13	12	19	9	16	8	16	18	1	9
10	6	15	3	7	7	9	5	13	3	13	1	9	1	7	3	10	13	18	5
16	12	7	2	4	12	17	2	5	3	20	16	12	5	9	1	4	9	6	18
14	1	11	14	12	12	4	19	2	14	19	3	20	16	13	19	19	13	20	15
11	7	1	11	3	18	10	4	13	7	19	2	8	20	12	15	1	14	11	12
9	19	1	12	4	18	16	16	12	10	2	11	9	11	8	7	1	20	12	15
3	20	6	16	15	18	15	20	5	19	18	6	3	8	6	12	6	10	7	6
2	14	12	3	5	9	13	18	13	5	15	2	3	16	9	9	13	6	17	7
3	17	11	14	12	17	9	2	5	16	1	12	13	7	14	10	9	4	11	7
5	18	8	1	4	17	4	7	19	18	20	1	13	1	3	6	3	18	12	9
20	12	14	17	4	3	9	16	3	20	1	10	15	11	2	5	9	11	11	15
14	2	3	8	17	1	19	13	4	9	7	12	13	3	7	14	5	11	18	1
8	8	5	20	17	11	7	2	19	19	17	13	8	17	15	19	10	6	1	4
4	17	13	15	13	10	18	12	5	9	1	19	13	10	7	7	18	4	11	6
14	18	15	6	12	15	4	16	8	9	5	19	10	15	18	12	15	11	7	8
14	15	18	10	19	19	20	19	10	9	1	6	16	15	10	7	2	8	3	19
6	2	4	17	5	2	9	19	13	16	12	8	18	4	13	20	20	5	7	14
15	6	7	19	8	19	4	15	6	11	11	7	8	8	2	13	11	2	6	17
10	2	6	15	18	14	9	13	3	11	8	17	1	10	4	1	15	5	9	6
18	14	14	3	5	5	20	10	2	1	9	19	20	11	4	14	20	13	2	14
10	12	13	15	3	14	7	19	5	2	18	6	13	20	19	17	8	4	10	14
15	20	11	2	3	10	18	11	6	10	1	3	4	16	17	7	1	19	20	12
19	2	6	20	4	3	6	1	12	8	6	17	3	9	20	11	1	12	13	14
16	16	13	15	2	15	3	17	3	13	16	10	5	18	15	14	15	12	19	1
4	18	19	19	4	5	20	16	17	7	6	10	7	6	16	3	9	11	19	9
20	10	18	20	12	17	12	6	14	7	17	10	13	13	11	19	17	14	11	18
16	8	1	17	7	6	3	19	2	13	5	4	14	11	1	15	20	20	7	7
13	15	2	11	11	17	18	14	16	18	6	15	20	1	14	13	9	1	14	7
14	14	4	1	2	13	17	3	13	16	19	18	8	4	5	2	6	11	7	11
9	10	3	5	8	10	4	13	17	8	6	20	7	1	13	20	11	1	9	18
20	15	2	20	19	9	8	17	16	13	7	19	14	4	18	5	11	20	14	13
10	5	6	5	11	20	11	7	11	6	11	5	2	10	11	14	8	3	7	20
2	8	17	5	1	8	6	4	4	9	9	12	7	17	8	16	10	18	10	19
18	2	6	11	2	3	17	5	13	4	18	9	14	15	11	3	8	1	4	4
15	8	3	3	18	20	19	6	2	15	5	11	13	8	3	1	3	7	4	19
11	2	11	20	11	20	18	13	6	6	9	9	14	7	5	10	19	3	13	2
4	11	3	19	20	8	16	6	13	11	20	2	18	5	13	14	18	4	13	18
2	7	1	17	7	16	17	7	4	13	2	1	14	2	15	20	19	13	20	4
5	13	20	16	6	7	12	9	15	12	13	15	11	16	1	18	11	6	13	5
12	10	3	1	9	20	9	16	11	13	15	6	4	9	14	10	7	5	11	1
4	8	13	13	1	7	10	18	2	17	9	13	20	16	13	16	11	20	7	6
18	17	19	2	18	8	11	2	3	11	12	7	16	13	1	4	17	10	1	2
10	11	14	14	4	2	6	9	17	18	20	8	19	5	3	7	9	11	16	13
17	9	16	11	6	3	18	8	15	9	19	1	19	6	16	8	3	6	18	16
3	3	6	5	12	4	8	11	10	14	16	6	15	8	6	2	15	4	8	1
4	18	14	8	20	19	9	13	9	15	5	4	14	20	11	14	4	12	19	2
15	8	18	1	14	13	6	12	20	15	13	20	18	17	13	6	9	18	6	14
16	16	2	16	10	13	13	16	18	12	18	4	5	7	6	17	20	14	15	7
14	18	14	15	3	5	6	17	8	6	6	7	6	6	7	20	6	3	12	2
1	10	15	8	17	9	16	12	11	16	6	16	3	20	20	18	2	8	13	6
7	16	9	12	7	12	19	19	20	6	11	17	3	14	6	4	4	6	18	15
9	15	6	12	20	10	4	7	6	9	19	19	11	6	15	5	2	3	2	6
11	17	12	6	6	10	14	10	14	17	15	17	10	19	17	13	11	18	13	17
9	12	13	11	8	13	7	17	20	1	2	2	5	13	4	12	3	1	6	11
17	14	13	10	15	2	9	12	10	2	15	5	10	5	17	19	5	1	18	13
4	17	11	13	15	14	13	18	15	5	11	10	12	2	20	15	20	4	17	6
4	15	8	18	7	18	12	20	16	5	8	2	4	14	8	20	4	20	15	1
10	12	18	5	12	5	13	8	5	3	20	1	5	12	10	9	10	13	7	17
3	13	2	10	17	9	7	19	15	1	11	20	9	16	17	13	17	3	6	2
6	4	15	14	6	8	17	12	4	19	10	11	14	18	19	18	10	8	8	3
19	15	14	5	12	1	12	10	16	17	13	8	8	5	12	20	18	9	5	10
12	15	15	17	11	1	6	12	17	20	3	10	16	4	4	12	10	11	2	5
16	8	16	8	7	3	4	10	6	20	20	2	3	18	12	4	20	17	15	12
