5	50
37	33	4	35	38
34	3	4	9	31
49	38	8	3	4
26	23	20	16	19
39	26	3	47	17
8	46	25	44	13
43	13	40	20	38
40	26	22	5	40
47	27	40	12	44
33	41	37	43	27
16	2	27	27	30
11	30	8	19	30
38	29	11	46	38
37	49	39	16	15
1	1	15	27	22
12	37	41	4	34
18	10	32	18	48
41	37	13	40	28
10	19	4	25	2
19	17	45	25	8
35	2	22	29	26
16	37	50	5	19
25	40	5	36	13
29	47	44	48	47
50	36	50	38	6
33	47	41	25	4
46	43	17	46	50
16	38	4	42	33
5	37	9	22	4
20	14	19	13	24
22	23	47	28	9
49	3	34	23	44
19	47	26	2	23
32	24	9	36	48
41	44	3	15	43
13	28	29	35	36
19	29	28	2	32
23	46	40	38	1
13	4	31	48	15
8	12	8	49	22
47	6	33	15	33
28	21	32	35	46
22	25	50	37	25
40	19	25	20	1
36	34	22	36	35
38	14	5	1	35
1	20	30	14	40
14	47	14	20	5
2	14	5	42	29
39	5	44	24	25
