10	200
13	90	92	77	24	74	47	23	45	89
93	12	96	83	81	25	5	52	58	56
15	2	81	54	53	15	26	21	43	82
42	29	85	75	73	62	68	50	69	46
19	17	65	92	26	57	80	94	87	82
40	63	4	43	81	11	9	38	24	10
48	27	80	64	48	64	28	22	10	20
57	56	83	13	38	99	38	89	28	97
35	32	34	62	42	79	25	42	95	63
53	30	26	60	99	92	37	1	45	63
30	59	85	68	25	85	81	92	5	82
73	20	10	28	75	16	93	18	23	69
39	86	28	48	67	28	30	24	14	46
62	38	45	66	67	76	48	67	38	57
99	34	38	13	90	33	20	99	85	83
99	20	79	77	24	45	32	37	1	97
56	57	79	59	21	36	76	45	61	99
68	27	80	67	70	6	48	15	58	35
8	31	39	31	47	42	60	68	42	23
45	11	66	41	1	42	55	79	92	54
57	76	39	86	16	73	40	12	7	19
97	17	80	67	90	26	19	48	12	79
77	9	3	38	55	57	62	40	66	28
51	70	23	4	78	32	93	53	16	75
3	48	62	24	27	28	32	99	52	76
24	8	67	14	78	49	74	1	31	59
11	1	47	79	68	28	95	76	89	58
33	66	32	38	77	30	48	79	12	28
26	63	89	91	5	43	3	10	27	30
59	92	23	57	64	2	2	83	56	100
34	57	10	94	43	59	76	30	38	49
2	95	90	4	34	49	13	56	75	26
25	85	49	60	99	41	44	75	74	75
28	65	24	13	95	69	53	95	48	46
67	73	72	78	28	64	3	20	24	16
90	46	8	31	75	49	8	51	96	3
16	2	57	64	21	37	72	78	9	65
96	18	9	30	59	53	14	72	32	35
38	25	52	58	85	83	58	93	39	47
62	3	100	46	31	66	17	9	58	92
93	26	11	59	20	72	38	79	72	22
36	37	19	61	65	92	50	99	79	39
79	79	40	63	4	94	19	63	99	94
36	5	14	41	43	13	14	93	39	13
46	79	22	17	11	25	84	40	82	40
16	19	30	20	13	14	87	49	56	27
54	75	80	79	87	31	23	79	18	53
78	58	60	67	94	1	58	24	52	79
10	80	82	60	78	17	75	95	28	30
26	65	37	13	60	71	100	43	30	81
3	6	22	29	62	58	59	64	27	13
56	64	98	78	17	74	93	20	1	70
56	29	52	89	27	14	22	48	7	23
1	16	94	71	77	5	59	53	99	20
58	12	69	15	75	63	68	60	96	87
79	80	42	60	25	75	54	34	3	48
37	12	58	4	12	41	70	27	1	12
16	40	22	81	13	45	60	37	15	64
46	62	52	21	45	22	74	34	47	3
51	25	51	51	84	47	55	65	4	34
93	41	59	85	71	39	58	62	48	80
15	18	20	39	2	76	60	38	60	90
68	37	81	99	61	91	90	71	98	66
91	95	34	81	72	6	3	68	50	6
64	13	87	67	88	34	6	12	49	9
88	18	6	14	67	57	61	61	24	81
50	88	64	82	90	21	85	39	68	97
73	92	88	54	26	56	50	14	11	27
86	79	22	90	79	74	89	20	14	16
45	43	44	70	57	77	49	6	77	68
50	67	44	52	36	96	30	53	88	12
7	47	50	97	95	71	66	74	4	17
32	65	25	53	53	30	48	19	97	50
7	45	37	43	78	19	35	70	54	83
44	37	33	3	9	98	93	48	75	87
11	75	2	61	37	85	42	92	100	6
49	11	56	38	5	63	11	8	20	76
36	96	21	21	73	95	32	23	45	55
38	1	44	11	39	32	43	77	6	93
78	44	70	48	35	33	82	95	98	46
88	86	28	99	51	15	55	82	88	43
54	20	48	46	69	48	67	45	100	73
20	34	2	27	99	93	27	73	86	40
13	38	25	99	67	53	73	46	61	24
78	61	90	64	40	58	97	25	80	88
66	38	96	26	27	55	84	1	100	58
89	82	97	48	30	16	95	50	80	16
75	22	84	76	96	60	45	38	88	42
97	2	94	98	74	76	42	100	73	12
69	73	46	3	36	96	65	42	34	24
63	47	45	64	13	45	54	21	30	67
11	46	14	59	62	87	89	99	74	55
74	96	78	68	47	3	77	81	41	100
96	3	4	64	79	50	58	30	86	30
22	22	70	6	2	24	59	87	42	49
7	66	68	80	51	68	70	78	17	11
68	73	81	31	72	9	42	51	81	13
30	60	14	45	34	52	27	72	66	24
45	91	40	92	93	30	35	25	13	11
80	80	13	75	62	49	42	39	34	94
82	9	6	30	19	48	52	24	47	99
42	99	12	94	67	78	34	89	39	42
74	18	38	71	33	51	47	39	83	85
11	88	38	73	43	37	85	11	73	45
78	11	79	15	70	82	69	20	9	85
16	53	1	92	20	65	71	36	97	69
2	13	42	62	88	55	61	39	51	31
93	23	16	94	64	64	39	23	1	52
82	27	31	98	69	58	87	46	54	79
66	50	14	5	43	66	69	17	27	16
21	30	70	79	92	93	38	8	29	56
26	48	35	46	87	76	83	44	93	31
68	15	86	73	65	44	9	12	51	99
95	22	97	86	31	53	58	53	7	77
21	80	18	98	54	18	16	69	18	68
83	25	24	97	48	7	44	98	14	49
84	26	57	30	62	4	52	49	15	35
19	30	38	17	10	89	97	88	19	47
29	41	94	83	17	70	99	100	39	25
9	60	39	58	93	96	23	89	37	50
67	67	55	84	50	53	88	8	88	60
10	56	79	67	21	44	32	74	14	92
6	52	11	90	26	59	92	81	25	15
67	8	52	70	81	62	86	11	34	64
83	91	13	80	15	53	82	72	37	49
64	49	76	45	45	15	56	65	59	91
62	7	83	74	93	3	4	10	87	59
59	22	41	51	10	15	40	32	75	73
78	20	44	76	52	18	33	8	25	66
6	21	52	43	2	76	9	40	87	13
50	72	86	79	91	42	8	26	35	31
75	25	90	87	14	43	64	7	22	75
70	97	85	21	53	38	70	98	49	34
7	1	46	63	24	6	34	66	86	10
10	7	73	95	91	82	31	66	30	59
13	2	18	12	43	53	88	65	26	54
72	11	77	2	25	75	79	28	63	9
9	98	22	13	65	64	24	91	30	71
7	4	69	90	21	5	84	35	20	71
19	70	41	32	39	100	30	72	71	17
4	4	4	21	50	15	80	6	47	80
30	97	35	55	47	69	42	87	81	20
91	45	9	93	91	40	58	91	74	66
34	52	20	14	68	4	1	49	41	7
26	78	88	41	41	22	35	87	85	71
59	43	92	51	26	59	96	11	31	11
58	90	32	82	46	78	77	22	87	44
68	94	47	75	95	13	57	68	52	70
6	72	6	4	7	92	61	70	88	9
9	90	18	30	49	36	47	7	96	63
45	13	100	42	3	66	96	17	57	13
3	28	59	62	5	86	84	28	75	54
18	8	35	78	36	78	76	17	26	59
67	51	73	90	25	94	73	65	2	42
96	45	13	75	7	81	32	57	26	63
53	20	32	42	46	37	78	22	6	26
90	79	91	98	47	53	55	70	37	11
14	20	27	34	59	74	96	61	72	55
47	20	92	64	7	48	19	32	44	89
17	51	60	76	52	17	54	15	29	55
26	62	20	15	49	33	93	99	83	73
42	18	51	51	80	71	88	28	92	100
34	24	27	49	95	64	61	51	83	42
20	81	33	17	30	85	100	77	15	74
55	21	49	71	47	99	100	9	97	81
29	26	24	29	21	3	36	72	20	86
73	43	16	41	53	61	86	34	22	95
72	12	14	18	45	14	75	56	2	97
64	52	54	3	14	95	58	4	96	28
50	29	57	29	2	13	5	8	19	87
14	66	88	3	9	18	12	6	85	8
28	80	70	24	23	22	89	14	28	58
4	82	39	95	45	44	55	86	17	33
10	67	38	16	83	98	65	51	94	96
84	52	19	89	100	71	60	34	7	81
24	91	81	61	83	32	28	93	59	66
64	27	90	53	98	61	43	54	42	25
57	39	21	33	75	53	64	50	95	75
85	22	80	37	9	19	87	78	34	51
70	72	93	28	32	57	62	67	91	40
28	6	92	82	24	86	70	48	86	31
69	79	99	84	82	43	48	54	44	80
74	66	21	91	55	85	46	94	2	19
91	97	60	56	47	79	30	98	13	24
49	40	92	4	83	92	74	9	46	89
10	9	23	12	66	63	86	1	27	40
40	77	47	68	40	72	20	43	38	4
14	50	41	21	31	35	74	18	9	64
11	37	49	13	9	82	74	48	90	84
93	29	71	74	84	73	93	25	64	11
73	31	72	42	76	60	69	3	82	31
90	69	93	64	29	4	29	34	59	59
98	72	54	54	11	85	80	67	37	58
43	50	54	98	92	81	65	7	37	50
14	72	67	60	95	25	37	8	46	80
45	59	66	5	13	1	78	18	32	91
81	2	67	24	89	41	15	95	73	49
39	23	98	10	46	27	6	94	60	87
49	72	22	57	14	84	84	49	85	91
3	48	75	47	69	12	5	44	71	55
