5	50
16	8	46	43	34
49	49	34	34	47
8	46	44	25	28
23	49	13	38	29
46	48	6	26	42
17	47	15	28	39
13	41	13	37	3
15	47	14	37	27
33	34	10	8	35
38	12	22	16	25
35	44	40	39	37
18	2	20	1	18
3	34	7	45	34
17	33	7	23	14
26	36	27	12	46
12	39	49	42	5
5	25	50	3	4
20	2	25	1	36
14	28	13	19	24
49	27	15	24	19
5	5	50	2	49
50	17	29	44	25
30	3	29	47	13
28	35	5	41	15
16	9	7	38	1
49	24	8	38	47
35	24	26	24	50
1	25	48	4	5
4	24	31	26	6
11	49	16	6	46
15	23	25	9	3
47	49	13	2	1
27	9	41	47	41
6	28	6	48	13
4	37	1	37	12
43	28	32	32	40
50	8	3	42	33
12	50	17	21	3
3	12	46	4	29
45	33	35	36	1
33	43	19	43	43
28	23	38	48	11
20	17	32	13	1
19	7	49	15	29
6	12	36	45	11
42	41	47	8	17
10	44	46	31	7
7	40	10	49	5
40	12	19	11	33
36	31	34	3	11
