10	50
9	13	18	20	15	18	12	5	20	1
20	18	6	11	13	3	1	8	16	16
15	20	13	10	14	13	6	4	16	12
9	11	19	3	8	10	11	17	8	10
13	12	18	9	5	11	19	6	4	2
6	8	8	18	9	9	1	8	7	2
13	9	9	9	12	9	20	3	3	3
13	4	1	7	4	4	3	4	6	4
15	1	20	14	6	2	4	2	15	20
9	3	11	6	17	4	3	10	18	17
11	16	3	2	9	3	8	1	14	6
7	18	3	4	7	12	10	15	3	11
5	18	9	4	15	10	14	15	11	20
1	14	6	10	13	20	19	19	5	4
15	3	8	9	13	12	1	8	20	5
15	8	7	8	12	14	8	19	7	20
9	13	11	14	6	13	12	13	11	8
14	12	10	20	16	3	11	1	11	4
10	7	16	6	6	13	8	19	19	20
13	20	12	6	15	2	13	14	4	1
20	8	17	13	12	4	18	7	12	10
3	8	9	4	10	3	18	6	9	13
6	14	15	12	15	15	20	4	6	15
10	17	18	11	4	2	11	4	14	3
15	1	8	10	17	6	11	8	16	13
4	8	6	11	16	7	14	5	18	17
4	14	2	18	20	7	10	19	1	9
13	15	12	6	18	5	6	6	16	10
4	13	9	13	11	3	11	7	15	18
8	6	6	18	20	1	20	11	10	10
16	13	8	8	1	10	16	1	13	11
1	9	10	8	14	11	6	9	7	17
16	4	4	3	2	7	9	15	7	18
6	16	16	6	15	11	6	1	13	2
7	11	15	4	17	19	16	19	4	9
15	11	4	14	15	13	10	5	7	14
1	2	15	16	6	6	14	5	14	3
6	6	17	6	10	6	9	20	7	3
11	11	11	19	3	15	12	3	12	3
2	2	15	19	1	6	17	20	18	12
6	12	6	2	3	10	14	19	4	9
4	10	19	5	3	11	12	16	13	12
14	12	13	11	1	5	11	19	6	5
10	10	2	15	17	19	5	9	16	13
2	14	19	3	20	13	3	11	16	10
15	1	7	7	19	15	20	15	1	19
20	16	13	19	20	14	8	4	8	4
6	3	1	1	10	20	13	10	12	9
2	1	3	16	11	10	4	15	17	3
20	10	8	17	14	7	1	1	4	6
