20	50
27	29	20	38	69	52	14	50	67	8	85	98	54	49	1	8	37	94	6	59
20	33	25	53	47	1	46	65	31	79	12	29	18	3	1	43	72	72	62	13
47	7	69	70	71	53	53	51	98	14	93	39	44	42	65	95	4	67	91	69
7	49	20	89	97	56	80	51	49	59	37	65	33	93	12	14	64	55	83	94
48	95	67	17	86	73	86	76	38	6	39	5	82	94	6	99	87	80	74	15
74	3	3	40	78	29	7	51	31	52	31	49	85	97	21	13	82	3	4	24
71	4	14	43	20	33	84	40	87	14	27	84	82	68	21	46	93	28	40	58
67	35	46	87	76	90	20	85	73	94	17	84	77	50	45	70	89	61	20	46
45	68	64	18	25	47	68	18	76	76	20	55	64	46	57	36	59	28	67	30
13	99	67	94	97	43	8	32	23	52	57	33	8	95	13	100	71	28	62	29
23	3	9	97	75	63	21	31	93	9	11	62	94	90	33	47	1	71	21	82
40	36	95	25	20	88	47	69	34	58	65	32	66	39	7	10	90	71	20	35
22	77	40	15	41	95	39	19	62	67	100	1	8	80	90	88	9	85	77	87
16	53	98	36	45	80	97	56	83	23	57	31	52	86	60	63	97	81	84	26
49	29	7	67	58	65	24	86	49	20	2	6	94	33	19	70	80	4	70	62
98	84	36	39	11	70	49	22	20	28	92	28	2	52	38	88	46	31	78	80
56	11	7	64	21	52	37	19	67	91	84	93	11	23	28	66	94	68	57	89
16	3	67	22	29	75	5	42	96	32	25	49	26	90	6	88	77	72	19	60
33	31	55	30	44	99	18	80	25	73	95	78	75	89	65	54	45	86	35	47
48	96	24	36	67	35	68	21	17	41	89	22	50	98	57	86	48	37	78	31
57	25	18	23	37	47	74	37	26	53	43	91	37	72	13	37	7	20	64	9
32	97	63	85	84	74	28	78	32	80	7	8	9	5	90	23	78	1	99	20
62	31	96	65	98	98	85	79	85	21	79	28	74	69	99	61	63	34	40	64
19	97	6	46	46	36	83	32	82	90	59	6	21	44	48	2	2	99	88	86
89	50	93	12	2	79	35	40	7	30	60	45	62	36	2	66	26	50	19	63
16	54	98	96	62	73	7	30	21	98	59	64	46	54	76	69	4	94	45	68
1	44	26	52	30	14	45	86	43	83	77	53	80	26	71	36	53	98	51	29
72	6	19	9	72	97	100	8	60	33	62	32	5	52	62	73	28	46	66	48
29	21	87	39	22	7	84	21	84	41	17	7	43	17	96	95	25	17	80	34
15	37	27	10	22	45	48	29	64	99	8	7	33	4	1	52	19	81	88	66
13	79	25	20	17	56	90	89	57	68	48	11	66	32	33	92	95	78	18	78
59	56	58	86	33	10	74	40	16	44	77	45	30	15	22	37	13	8	94	66
55	60	73	97	51	97	42	1	71	9	57	42	64	11	8	57	22	40	87	7
82	51	73	13	92	4	82	52	11	97	80	88	84	52	23	99	84	61	35	37
69	74	69	7	88	35	81	20	8	65	15	74	21	88	84	5	88	60	6	48
15	90	91	74	30	69	59	12	88	9	74	61	5	50	38	9	82	66	25	57
23	63	44	47	82	7	67	96	68	18	12	24	56	88	22	79	84	95	78	19
77	70	32	99	91	55	69	71	50	76	24	22	35	49	25	53	47	45	93	24
3	63	44	71	98	51	5	18	29	60	26	87	89	7	81	54	32	46	56	27
38	97	47	93	95	90	89	8	63	70	33	40	3	55	17	15	26	62	2	41
51	52	43	91	50	38	34	29	69	71	22	1	89	66	86	6	17	52	77	8
62	98	55	59	27	87	84	34	91	67	29	71	45	16	77	87	54	56	43	57
56	61	39	92	49	32	51	38	70	11	98	75	85	94	80	53	98	84	64	64
54	1	39	3	43	51	57	74	89	99	53	61	9	20	53	1	59	63	11	96
36	47	65	80	69	55	86	51	36	24	90	70	92	80	4	56	23	36	50	98
75	78	49	71	59	38	66	66	42	79	94	35	74	69	28	8	36	59	35	89
66	7	38	65	10	83	69	29	16	97	79	23	14	14	21	59	99	94	22	31
89	20	10	58	31	55	97	24	52	97	20	64	2	61	32	69	40	84	61	76
69	37	51	45	1	71	22	60	48	70	9	42	38	4	1	47	97	81	35	56
86	46	78	20	77	15	22	53	82	53	19	15	34	46	62	52	70	66	57	60
