5	200
34	15	18	14	48
27	39	5	22	16
15	45	41	49	36
48	3	47	2	17
4	33	37	29	19
50	43	17	17	25
49	29	1	40	15
37	3	23	26	48
15	38	49	45	35
15	14	45	40	24
40	27	36	13	27
2	29	40	45	49
34	23	39	48	17
36	44	2	35	50
46	30	22	5	3
17	34	43	44	4
36	48	27	43	35
23	44	39	13	13
8	13	28	28	14
43	50	2	28	49
21	13	11	41	28
10	6	32	10	11
18	37	46	42	13
37	47	46	13	44
43	6	39	22	42
33	3	45	41	11
18	33	15	45	33
24	37	37	15	26
18	13	29	3	45
22	18	37	15	27
46	4	39	34	7
16	25	40	49	46
8	12	41	50	44
36	22	1	9	40
1	11	31	38	27
31	28	36	27	21
16	16	30	15	15
14	44	31	38	18
50	47	38	20	18
7	22	29	10	10
50	17	29	25	26
36	24	2	8	27
39	39	14	29	31
42	32	27	36	31
42	42	13	41	41
5	23	12	20	21
9	49	26	17	21
49	38	5	39	29
40	43	24	12	30
11	34	9	40	26
25	45	44	30	18
9	4	38	35	22
13	12	32	37	18
40	13	47	9	32
5	27	39	7	41
50	18	2	11	30
21	15	23	44	47
14	5	47	50	12
46	1	21	17	16
29	11	37	45	40
48	37	50	8	22
48	7	38	40	19
41	3	27	5	1
49	40	38	41	4
36	17	48	47	36
4	7	22	41	13
39	32	7	21	33
35	15	15	23	49
7	17	8	31	22
44	24	17	16	18
39	24	47	41	5
32	39	4	22	18
42	36	47	28	30
10	46	6	23	17
34	26	16	43	47
19	9	17	26	43
31	41	6	24	24
16	36	16	17	1
46	12	43	5	7
22	21	31	1	12
49	18	44	50	34
14	8	4	45	36
23	23	28	30	38
2	30	23	4	15
25	30	40	22	21
23	33	12	36	25
49	29	16	14	45
13	47	7	41	11
8	32	22	32	28
24	34	14	17	5
42	48	27	37	38
19	29	23	29	11
31	47	18	20	37
45	7	15	36	25
6	23	33	44	7
43	8	9	44	48
40	20	45	32	33
1	2	30	27	26
35	25	29	30	30
12	14	2	45	34
18	20	28	43	50
20	16	34	30	45
11	21	29	31	22
12	3	37	37	36
43	28	38	10	41
32	44	3	14	46
29	7	14	11	31
20	42	2	32	14
36	19	50	32	15
15	46	49	8	18
10	28	16	9	42
40	32	19	3	19
26	14	20	35	16
5	7	18	1	2
20	1	5	24	1
24	28	6	46	27
36	46	45	46	36
2	41	6	19	41
39	24	50	14	38
23	49	15	17	10
8	28	48	7	49
10	23	43	8	18
13	26	24	27	33
31	19	24	49	15
14	1	50	10	14
47	1	42	36	29
25	14	40	36	19
8	48	39	48	27
30	49	49	1	29
14	1	24	32	8
4	26	16	3	46
8	29	39	43	3
9	32	7	30	44
50	36	38	8	25
33	31	27	23	35
16	3	49	32	1
46	27	11	28	26
50	48	38	40	12
29	10	46	46	18
48	42	19	8	30
28	13	16	7	26
24	50	44	18	31
5	31	8	43	7
33	22	30	5	44
2	49	48	47	47
23	35	31	5	37
24	34	41	2	23
33	11	4	3	2
1	4	21	10	8
49	3	4	40	36
27	13	15	14	28
30	16	20	10	3
39	19	40	31	8
21	40	6	20	24
22	18	28	3	43
49	28	39	40	49
21	32	42	19	10
11	19	27	25	44
18	42	45	50	14
32	14	40	3	37
9	48	34	17	15
10	36	13	21	29
2	28	31	12	33
7	28	22	21	47
2	14	32	26	6
30	23	28	39	12
36	38	36	3	41
24	48	25	4	1
26	7	6	46	43
41	12	33	18	7
5	43	20	6	35
46	16	9	11	35
38	8	25	10	44
14	42	28	22	9
10	3	18	21	22
46	8	36	34	16
19	41	11	33	7
43	19	31	19	45
8	40	15	19	13
19	33	46	2	30
50	34	12	9	48
2	25	50	35	40
38	31	25	45	17
47	47	43	4	1
46	12	9	27	2
20	38	49	8	3
14	12	34	5	17
35	30	3	35	5
19	20	46	30	8
28	15	21	3	17
22	41	43	1	34
38	25	35	7	28
15	26	42	32	26
27	47	21	28	32
18	44	8	49	33
26	16	30	20	24
6	17	47	42	32
24	20	34	21	29
10	45	46	8	41
43	28	14	4	31
