20	50
19	46	21	35	41	16	39	19	11	27	5	22	35	34	37	17	25	13	45	2
35	28	16	23	38	7	13	21	49	24	36	41	13	26	45	44	42	4	10	36
21	28	45	7	32	2	20	24	49	23	39	23	47	20	23	41	31	48	48	34
4	18	20	38	42	15	10	9	40	44	26	21	3	10	32	7	34	9	42	36
38	39	23	27	36	13	44	44	3	5	14	44	7	27	33	3	9	7	15	17
43	11	35	6	47	18	20	38	38	16	7	22	7	12	47	15	46	43	3	29
21	16	6	35	31	32	15	27	28	29	49	28	45	25	44	28	4	17	30	18
44	7	6	38	48	42	38	45	31	19	8	16	4	36	47	27	5	50	26	15
4	44	10	10	18	29	28	32	19	19	11	30	14	36	36	15	11	19	38	39
45	21	47	10	22	34	25	9	29	17	24	5	41	16	15	1	47	47	21	20
14	7	26	12	8	28	3	19	1	33	17	36	13	37	21	33	47	1	38	34
5	19	3	2	46	7	39	48	22	36	18	14	49	19	26	39	45	36	2	44
31	6	9	47	1	38	42	4	45	32	4	46	9	37	15	45	4	25	16	2
39	5	48	15	15	3	38	45	12	33	39	12	50	45	4	49	11	7	1	8
15	36	4	40	32	22	6	13	4	31	36	21	20	50	5	27	9	44	33	49
1	47	43	13	44	42	47	15	34	16	35	48	24	9	37	4	2	8	34	43
48	26	42	32	48	18	43	50	40	27	41	17	25	3	8	19	43	41	47	40
26	42	29	39	46	38	48	12	14	2	25	1	11	40	2	26	6	12	16	26
50	48	25	7	26	19	24	21	1	19	11	11	12	44	18	7	47	3	36	10
21	32	37	39	2	40	6	36	2	33	13	32	25	21	41	28	17	23	14	27
15	27	11	45	41	15	40	18	22	46	29	3	26	7	6	19	12	37	5	36
13	39	20	19	6	30	37	41	4	41	40	25	40	9	45	44	21	42	48	38
50	39	14	7	4	10	6	19	16	22	17	30	18	28	15	27	8	43	40	12
29	50	15	31	6	5	14	17	13	12	48	20	39	17	37	25	25	14	15	46
24	18	26	32	24	11	7	13	45	18	37	29	2	37	10	1	25	33	1	49
47	40	7	4	25	47	42	2	42	40	3	45	28	44	38	11	24	34	8	46
49	2	23	45	26	19	18	2	7	36	50	42	13	16	50	35	12	23	7	27
19	5	21	5	15	43	2	9	49	50	27	42	26	6	1	46	18	12	28	6
29	40	45	6	40	12	33	12	45	4	49	2	27	31	27	44	31	18	30	34
18	10	3	8	9	9	16	7	16	4	17	50	45	2	48	30	11	15	16	4
11	40	15	45	1	26	15	45	30	7	16	1	33	45	39	20	37	37	48	32
46	26	46	41	38	50	8	26	33	48	33	16	2	26	24	28	46	8	8	34
44	22	28	10	39	17	18	50	14	29	43	25	18	34	9	35	45	24	8	2
19	40	12	33	24	50	49	7	22	11	25	29	30	15	38	25	49	37	3	21
33	8	13	5	5	9	49	19	18	39	34	22	50	6	15	4	10	46	36	39
19	11	28	3	5	14	45	3	47	35	37	8	22	38	19	11	28	8	28	15
2	31	39	34	27	3	29	24	50	34	15	4	1	14	2	22	30	10	1	41
15	46	22	34	3	26	1	13	38	5	27	3	18	21	38	39	22	45	27	2
35	21	4	13	20	34	8	8	36	48	31	19	7	37	1	6	9	6	32	1
2	17	37	45	8	12	36	30	26	14	50	36	33	49	6	44	43	9	14	19
19	43	27	40	25	8	47	31	21	32	31	17	14	26	50	19	35	9	6	8
48	28	32	23	48	45	36	8	32	8	14	50	42	13	32	9	41	47	21	50
16	5	10	45	33	33	23	7	49	38	10	35	4	7	22	42	12	4	43	30
23	39	50	13	19	31	26	2	45	42	28	38	38	6	42	44	18	38	40	15
23	29	9	44	49	30	47	35	42	41	48	37	5	42	28	28	6	47	26	3
8	21	13	8	11	22	47	48	15	28	24	24	14	28	7	44	30	7	15	40
35	41	11	4	44	42	34	47	29	15	39	22	13	38	8	3	16	1	34	27
33	49	21	14	18	25	24	27	35	35	49	49	32	37	18	17	11	10	15	20
39	1	20	1	40	3	12	27	21	5	28	29	24	39	7	37	21	47	37	20
18	7	12	44	17	40	40	26	20	41	42	7	37	15	39	33	29	21	24	15
