10	50
59	3	77	22	59	58	10	34	83	95
46	8	21	76	72	16	80	71	30	32
28	44	45	78	87	25	64	19	82	32
100	48	69	6	96	67	50	26	58	37
14	83	46	78	99	45	9	56	44	75
7	2	78	62	85	15	58	99	35	34
95	91	52	51	95	99	39	16	81	5
67	55	14	94	19	46	98	68	79	43
16	8	76	8	25	99	71	8	22	81
10	51	91	24	43	23	31	96	83	1
7	94	76	39	8	53	88	84	44	40
18	91	20	92	19	87	16	44	26	97
28	32	95	100	96	16	64	91	52	96
15	2	86	79	37	23	33	37	100	73
12	87	64	82	63	19	31	100	6	57
7	87	70	87	73	76	100	76	44	93
90	98	33	48	26	17	6	42	56	97
54	80	45	54	85	41	68	13	38	77
85	65	86	96	90	28	33	100	6	61
24	57	93	7	84	14	55	17	57	47
14	90	44	9	3	28	43	17	2	33
8	87	39	68	9	26	13	37	59	98
84	7	37	96	73	98	87	38	71	72
87	51	57	91	63	96	21	77	93	62
85	17	99	74	53	37	19	26	99	58
2	18	58	59	63	8	54	49	36	6
42	6	46	30	46	57	31	48	5	14
5	37	44	97	14	68	9	63	43	37
79	62	39	13	71	69	94	98	29	56
42	73	41	88	21	79	71	69	28	96
7	71	21	86	54	65	74	62	46	95
99	91	6	100	27	81	68	34	60	78
64	33	20	49	72	32	97	57	76	35
98	40	36	47	30	9	41	54	59	6
95	32	52	34	57	52	67	41	62	41
12	37	9	51	33	74	52	73	14	22
69	18	86	12	98	60	56	60	70	18
40	15	75	54	83	33	82	86	93	21
65	56	95	36	24	62	32	85	15	57
57	69	40	38	38	78	47	41	37	98
96	8	71	44	1	97	62	55	68	100
93	67	81	94	57	13	23	51	89	37
28	71	46	14	62	72	76	38	17	6
86	41	49	95	25	58	85	52	35	27
100	77	18	15	64	91	89	46	81	25
55	96	52	1	70	26	62	58	83	30
22	24	39	62	14	52	18	86	70	99
29	72	17	63	37	52	54	31	50	71
84	31	58	93	52	91	89	49	25	99
96	28	69	5	5	76	39	56	1	13
