2	100
34	2
12	16
6	28
41	14
39	34
18	41
22	20
14	42
13	37
30	48
5	33
35	5
29	31
48	21
1	35
36	35
11	22
10	11
35	35
46	33
19	23
6	47
7	29
4	30
44	40
42	37
34	19
3	1
18	7
37	25
30	21
13	5
48	33
30	50
11	3
7	29
41	48
30	32
28	38
49	50
28	18
27	12
43	50
1	42
20	9
44	29
48	22
3	48
10	1
50	24
50	4
20	42
34	14
46	37
40	21
23	30
9	37
48	12
45	2
13	49
32	38
31	2
10	28
31	20
45	32
22	28
39	25
1	24
49	35
28	29
4	15
3	49
37	14
20	12
24	42
4	9
39	2
42	12
24	18
32	6
33	27
42	9
50	46
42	34
36	24
13	10
25	34
45	18
36	32
16	46
9	20
46	3
28	14
39	38
33	40
50	32
4	22
47	28
24	44
50	42
