5	200
5	7	12	19	2
3	5	7	1	1
13	10	6	17	14
14	17	15	20	4
20	6	10	2	20
3	1	4	7	8
16	10	20	14	2
6	19	18	17	19
12	3	15	5	3
9	1	7	7	15
5	5	12	20	9
20	17	11	20	19
2	2	1	13	6
4	11	12	16	8
15	19	18	2	12
18	12	5	20	12
3	15	18	13	4
11	18	1	6	3
10	9	18	18	18
11	3	2	20	19
19	9	12	19	20
6	8	11	8	11
8	12	11	9	17
8	4	8	10	16
7	10	6	14	19
7	2	20	4	1
16	10	6	1	13
14	3	20	13	18
4	7	13	16	15
18	18	10	2	11
7	15	13	4	12
9	3	19	20	14
5	8	7	8	16
19	6	11	16	3
5	5	16	12	13
20	18	11	19	2
10	12	19	14	15
2	17	2	10	5
12	5	1	20	13
17	1	6	20	17
12	8	14	19	6
2	19	1	12	13
12	12	20	18	5
14	9	13	13	15
2	4	1	12	12
20	5	17	20	17
20	12	11	3	10
2	18	20	8	13
3	16	11	18	13
20	5	3	15	20
8	8	13	6	16
8	7	3	8	6
18	3	2	16	13
1	1	18	9	3
16	10	6	1	12
6	14	4	19	12
16	3	2	20	9
13	19	6	8	2
16	16	12	2	16
1	15	16	5	13
20	8	14	13	5
19	3	13	15	10
15	3	5	17	11
15	1	2	7	1
2	16	11	7	7
1	18	4	6	12
11	18	20	6	12
9	9	10	16	11
10	7	12	18	8
14	11	16	12	1
20	13	10	5	12
4	17	8	6	5
1	20	7	3	19
17	3	20	5	3
6	12	7	16	11
15	5	13	19	14
10	2	13	6	12
19	9	16	14	9
12	2	4	12	11
11	20	9	19	12
11	12	11	9	15
8	7	14	14	17
20	5	9	12	15
19	7	2	12	1
8	8	6	17	12
5	9	15	6	1
16	17	15	8	4
19	12	4	11	4
12	15	2	18	10
7	13	12	17	12
4	19	17	18	4
3	6	15	17	10
20	12	9	14	2
3	10	1	9	17
8	4	11	8	9
14	6	9	8	5
12	17	19	15	17
17	20	17	5	1
13	17	7	1	5
1	6	9	16	7
18	12	4	1	4
1	8	10	9	10
17	18	8	13	19
4	14	15	17	5
4	13	17	8	4
12	17	11	4	9
8	18	14	1	8
20	14	18	12	16
10	11	8	15	5
16	10	15	3	1
7	12	12	11	4
5	16	16	17	12
5	18	7	1	3
20	4	7	6	19
11	16	4	2	16
14	6	2	4	8
3	2	8	3	2
16	6	3	18	3
5	18	2	20	12
13	4	8	13	5
13	4	10	4	11
12	9	11	15	10
20	15	13	9	10
3	10	5	19	7
14	1	9	3	15
14	15	4	10	4
10	18	10	19	16
19	13	5	12	11
8	15	9	9	4
11	5	13	10	10
3	20	10	6	12
12	15	8	9	18
17	5	2	12	1
2	5	15	14	11
10	6	13	8	20
19	13	1	19	5
9	3	15	20	1
11	8	4	7	5
5	6	16	15	14
4	14	17	8	2
6	10	20	19	20
18	8	3	7	13
19	15	9	5	9
15	11	2	11	11
15	2	8	9	7
5	10	19	14	17
6	17	13	18	20
19	3	16	1	4
4	6	17	15	7
10	18	12	6	20
13	13	6	18	8
4	3	11	13	16
8	10	9	11	8
3	2	11	5	11
12	15	2	8	8
9	5	14	3	17
8	19	13	15	4
14	11	15	11	16
17	13	4	5	16
15	17	7	8	5
8	7	7	16	8
19	11	18	11	19
20	9	9	16	8
9	17	15	8	15
12	8	1	10	14
20	11	17	13	14
12	19	7	19	9
2	13	17	8	5
3	14	5	12	17
8	4	9	18	7
18	3	19	14	13
1	6	18	3	8
8	15	6	18	7
1	3	11	7	7
17	20	8	3	12
18	3	9	14	6
16	3	20	6	16
9	20	14	6	8
16	15	15	20	18
9	9	8	5	16
6	14	2	11	10
18	16	16	2	16
19	17	5	17	13
5	16	20	2	18
2	10	6	19	12
2	5	9	6	4
10	16	5	18	1
3	2	9	16	18
14	5	12	11	10
19	11	19	7	13
14	9	6	8	15
16	8	3	20	9
14	8	10	19	6
3	13	7	17	10
3	7	4	5	5
17	18	16	10	13
11	7	2	14	11
2	11	17	4	5
15	20	9	8	5
6	15	14	5	7
