20	100
22	26	42	46	29	46	5	19	43	44	29	10	30	19	35	47	44	31	28	17
37	42	35	28	21	1	28	43	50	44	31	30	24	46	31	5	17	34	37	27
12	43	37	11	44	8	49	15	12	6	31	26	36	33	23	30	41	14	25	28
19	12	19	49	14	50	36	35	39	30	31	10	44	2	6	44	5	25	34	14
3	13	31	45	14	5	45	42	23	1	14	3	10	9	8	50	24	39	48	45
22	14	27	33	26	21	32	34	27	29	25	17	30	12	26	7	31	25	36	9
5	45	12	38	16	28	1	36	44	6	20	17	28	40	42	39	36	49	19	43
23	11	15	45	26	48	24	48	33	2	19	50	4	39	40	28	3	39	17	48
21	47	41	22	9	9	39	41	20	38	21	33	6	43	36	45	30	18	13	19
5	4	3	42	37	21	14	39	50	15	36	47	33	21	22	27	20	43	36	18
9	34	28	46	31	37	44	11	4	46	48	36	27	48	44	18	44	49	36	39
46	50	42	5	2	25	1	36	21	9	25	37	32	45	11	22	26	7	11	50
27	3	36	4	18	1	20	35	27	5	34	21	8	48	23	9	43	23	45	7
37	9	40	45	21	11	4	33	38	23	42	37	39	36	12	43	15	38	38	1
5	16	9	17	26	4	30	34	23	2	30	3	13	5	13	19	14	41	33	7
47	38	47	5	14	47	33	22	37	30	45	5	36	45	2	21	50	24	20	18
32	21	10	37	44	40	25	34	24	43	30	24	5	32	4	18	20	4	4	29
21	9	48	43	8	25	18	19	3	43	19	40	22	16	25	27	28	11	11	24
23	50	49	44	1	21	1	4	41	35	2	46	21	42	47	24	23	17	30	20
22	7	31	31	24	40	3	40	8	28	40	9	44	30	6	22	10	4	42	37
25	14	28	19	41	24	20	30	20	2	4	12	31	42	2	17	19	18	21	12
19	12	47	14	45	43	3	42	37	25	14	20	26	43	46	9	29	13	41	1
20	24	20	7	24	29	28	2	28	40	4	43	34	31	19	14	18	15	24	48
21	29	44	46	38	35	37	39	47	44	39	6	27	20	43	46	42	41	40	17
15	1	14	48	21	22	36	45	25	33	42	14	39	44	30	41	30	25	19	40
43	40	6	34	1	48	17	14	39	23	22	27	26	8	33	20	15	47	25	17
49	42	14	15	3	25	18	34	40	2	16	18	22	50	25	26	46	31	47	23
6	23	7	3	11	15	39	31	11	11	26	34	50	3	41	2	27	42	31	27
31	33	24	37	8	5	5	26	34	8	25	35	1	3	12	27	35	12	4	39
36	37	23	30	26	33	19	20	9	24	49	4	50	20	43	23	49	21	46	7
10	13	48	4	36	42	34	47	42	15	17	16	39	43	41	44	11	44	12	25
37	36	17	11	9	21	36	31	11	39	28	15	17	47	29	24	40	19	45	34
50	22	28	44	7	33	16	7	29	49	12	5	10	21	21	24	46	38	45	15
7	3	37	3	38	3	50	42	15	18	5	42	50	28	26	15	8	23	4	27
6	29	3	12	27	23	5	46	27	5	28	2	25	30	28	48	35	26	7	4
34	25	42	11	45	21	6	33	45	6	16	23	34	19	10	28	50	25	26	15
49	4	16	10	41	3	18	21	50	29	31	33	17	1	43	32	37	43	18	7
18	23	1	21	39	5	19	6	21	50	48	10	50	42	6	30	10	33	20	42
3	35	33	17	26	33	7	34	26	29	42	8	8	19	48	26	3	45	21	36
35	12	1	1	31	21	34	25	45	14	22	5	23	26	5	33	41	35	45	6
49	35	31	42	9	41	3	31	45	31	27	15	12	34	8	42	35	32	36	6
50	32	39	13	7	37	35	32	15	15	35	19	50	16	38	50	32	9	43	41
18	4	31	15	37	8	44	39	18	13	49	9	49	40	7	17	47	18	36	22
6	21	16	31	46	9	16	47	47	9	10	26	40	46	39	47	2	25	27	50
44	47	15	2	16	27	21	11	9	22	4	14	24	22	35	47	38	50	20	29
43	47	43	10	3	23	20	3	1	11	16	23	42	37	28	9	7	14	15	19
39	5	38	26	5	47	3	19	11	42	9	2	5	49	8	48	5	5	49	43
8	18	10	49	6	32	23	37	45	27	41	24	35	1	41	38	10	17	6	7
20	2	43	10	2	14	18	44	30	31	5	3	15	22	12	22	45	40	20	24
24	17	24	35	1	35	18	5	9	20	38	38	50	43	23	6	25	50	47	43
15	30	8	14	23	39	10	13	39	19	43	21	48	32	33	4	28	8	9	18
47	13	36	10	43	17	4	23	50	6	47	46	43	27	10	45	9	10	13	13
26	5	17	40	27	18	40	18	10	19	29	17	42	29	47	2	44	48	22	6
35	37	14	33	23	48	28	22	22	38	46	18	46	47	43	43	47	47	34	26
27	36	14	31	28	30	5	15	30	9	2	12	39	8	29	39	41	34	17	30
41	19	46	22	24	12	22	45	37	5	6	48	15	47	29	49	24	34	6	44
44	14	42	14	37	35	30	39	18	4	2	13	30	5	35	9	41	42	7	17
8	10	28	26	3	4	47	43	29	30	16	7	29	23	36	27	27	32	35	40
33	33	28	34	3	44	19	11	12	20	9	32	28	39	36	35	36	17	12	34
38	37	10	39	38	46	34	7	19	9	33	9	7	18	35	25	32	45	23	10
35	37	31	9	21	34	29	41	38	2	41	10	21	2	2	46	24	39	46	8
11	12	42	4	38	1	26	10	5	11	3	42	45	2	49	1	7	2	19	4
17	44	20	18	18	23	38	6	16	39	2	44	50	16	50	24	46	28	22	20
9	19	36	27	49	50	16	19	3	1	39	22	21	42	41	18	42	24	36	15
13	20	45	16	10	10	42	29	3	25	6	29	30	49	46	48	8	44	20	18
8	20	3	16	50	30	24	9	25	33	33	22	42	7	7	39	25	20	18	40
8	37	16	28	45	10	43	23	47	43	10	48	5	19	8	44	18	29	17	30
36	34	4	21	43	34	38	24	42	7	23	39	27	30	11	21	4	25	21	41
38	2	13	33	23	35	18	24	49	14	22	47	4	39	4	24	33	46	36	12
23	19	31	40	20	22	22	25	9	38	41	43	9	26	42	35	22	22	49	9
17	15	25	29	35	27	35	39	27	37	38	9	40	10	18	19	21	23	13	2
14	43	16	12	23	29	39	28	47	19	3	12	47	27	45	9	45	3	6	44
37	33	49	22	50	33	4	49	9	23	15	50	9	47	45	24	50	13	6	7
39	8	42	8	34	27	12	13	15	10	25	19	18	20	16	31	44	44	13	41
26	40	20	25	5	4	3	1	33	21	10	32	47	49	5	29	41	42	38	24
22	41	34	49	49	47	32	40	31	14	31	6	1	16	32	49	39	18	3	31
24	11	31	45	1	43	22	19	15	38	41	3	6	39	20	35	7	21	27	9
22	13	20	19	41	4	32	32	18	7	41	24	40	8	50	11	11	40	49	6
25	14	26	44	24	28	1	12	47	47	43	19	41	44	10	11	42	12	4	48
11	41	2	9	47	17	13	49	40	9	24	17	22	21	35	9	38	26	46	13
3	20	35	21	14	22	33	46	48	39	20	50	36	2	45	35	12	17	47	8
15	3	23	38	24	26	47	21	10	1	24	16	17	42	45	42	6	31	45	26
34	18	1	1	40	25	32	21	26	50	47	21	29	38	48	50	47	47	48	39
26	13	36	47	16	4	33	45	7	4	29	32	23	22	24	48	3	22	49	49
44	26	45	10	5	3	37	29	44	46	45	9	33	6	50	22	32	4	36	36
42	38	15	23	21	15	49	7	15	1	48	25	49	49	45	1	19	26	43	14
17	5	1	11	9	21	49	18	23	3	16	49	37	13	8	7	11	23	39	40
5	31	15	44	48	20	11	35	12	50	3	6	11	23	19	38	37	4	14	1
17	31	35	12	35	49	39	36	42	38	40	47	37	3	9	37	41	8	14	39
10	15	7	24	50	11	38	15	44	21	21	7	9	39	24	24	46	3	9	50
32	25	44	24	10	7	19	8	14	33	48	29	41	25	42	2	25	11	13	25
11	25	42	21	18	33	38	49	30	36	41	38	50	14	8	36	22	33	14	43
42	31	1	12	24	42	17	34	48	22	49	36	41	35	39	7	33	23	6	28
20	20	29	28	42	10	30	27	18	6	31	42	48	20	33	31	24	31	48	26
17	5	2	9	38	6	47	15	26	1	3	49	28	37	24	22	2	23	21	14
13	40	17	42	41	7	38	22	2	9	34	3	25	31	11	16	18	21	41	36
13	15	2	17	3	32	15	11	47	11	29	2	10	34	14	28	39	11	18	31
18	26	13	18	18	1	24	47	26	9	4	32	32	35	1	48	38	50	39	10
42	27	25	41	30	32	43	42	18	34	28	8	3	11	18	38	2	35	50	3
8	19	35	38	8	48	20	26	34	16	41	39	23	9	39	42	1	23	38	36
