20	200
40	40	24	34	26	40	40	29	1	2	26	19	20	30	38	17	3	42	21	36
14	12	25	5	40	44	1	34	19	26	25	39	23	15	8	32	27	48	5	10
20	38	23	15	48	38	25	42	24	1	20	25	50	11	47	29	15	20	45	33
40	7	11	26	27	38	47	6	22	6	40	6	37	11	16	26	40	10	7	2
19	9	10	18	7	1	39	12	18	30	18	8	4	23	21	13	28	48	39	11
41	20	21	19	11	15	38	39	45	22	40	5	14	43	14	31	48	43	19	27
49	35	38	43	39	32	2	14	41	4	49	42	22	46	12	50	39	42	7	43
13	50	17	47	40	13	45	11	10	40	16	35	29	12	12	7	32	28	30	29
13	25	49	42	23	48	34	18	32	14	43	6	36	26	15	49	19	42	3	27
38	41	5	1	38	15	13	10	34	5	19	11	12	29	31	38	2	25	24	43
29	27	30	46	48	10	49	3	48	14	38	41	25	3	42	22	21	49	4	9
35	24	34	27	46	32	45	8	46	27	48	44	18	11	48	11	12	9	3	29
16	11	13	21	18	29	37	9	37	9	18	3	22	15	8	6	44	4	50	17
16	41	8	21	16	45	23	14	6	31	11	12	46	26	44	25	11	13	10	18
46	36	22	37	9	45	23	3	4	43	18	8	9	37	13	25	3	42	6	23
6	23	4	7	49	6	8	46	22	33	45	31	45	33	21	31	20	21	12	22
22	20	11	14	14	3	3	10	13	19	23	20	8	37	12	23	32	16	39	4
38	27	32	21	48	37	14	27	16	33	5	33	31	35	1	37	13	41	43	46
4	48	33	4	11	26	24	8	21	49	49	5	33	9	34	46	39	40	16	27
39	26	44	30	14	40	39	24	36	26	11	42	23	43	50	40	45	29	10	23
14	7	7	18	35	1	1	22	1	6	49	23	26	16	7	28	5	4	40	21
37	50	22	46	38	8	33	40	10	45	1	10	30	43	14	33	20	27	46	14
40	18	24	31	27	39	17	7	36	23	36	41	39	40	36	14	35	12	30	28
18	11	13	7	5	39	43	33	3	25	9	29	8	26	32	20	27	42	19	50
42	26	4	37	9	11	21	41	8	1	48	9	47	19	46	30	6	17	26	38
46	34	5	12	14	7	34	14	9	17	37	44	43	30	37	43	7	26	48	45
18	2	26	2	28	1	32	40	31	2	14	11	16	31	4	8	22	43	24	3
27	8	33	41	15	4	16	18	33	4	23	30	20	31	20	45	9	3	34	14
25	44	34	7	3	26	29	12	26	29	21	14	3	46	18	11	19	36	38	24
35	15	8	27	30	35	42	35	11	10	49	20	9	10	28	34	25	27	38	39
26	4	42	4	33	9	28	25	14	10	26	24	15	11	29	10	37	7	27	19
35	44	1	17	30	2	6	43	18	35	36	42	48	50	48	31	24	4	44	21
7	18	22	2	34	26	5	49	32	18	47	18	50	19	4	33	4	26	24	32
4	36	7	29	24	35	26	16	13	49	37	33	14	7	13	18	22	50	33	5
48	7	12	50	38	19	43	30	47	16	28	48	30	13	18	21	11	43	28	50
50	40	36	34	32	14	5	44	6	36	11	4	44	20	35	47	25	8	41	6
43	47	19	48	21	39	4	1	39	42	8	29	22	34	5	8	22	29	18	25
14	49	24	11	5	24	5	11	29	22	47	3	3	23	8	4	21	38	13	43
11	4	5	15	29	32	32	10	15	27	25	46	40	17	42	44	23	9	44	47
34	44	23	18	45	5	27	50	27	2	38	34	16	26	14	10	44	10	33	23
43	45	46	3	47	2	13	36	31	14	31	13	45	17	9	18	32	38	20	24
6	32	34	14	39	41	31	15	3	32	1	14	26	21	5	40	48	21	22	44
42	41	20	13	21	26	40	50	17	47	29	7	40	10	18	11	12	33	14	6
21	49	34	49	14	18	37	25	12	20	20	12	17	26	32	15	13	22	43	14
2	31	49	7	4	45	24	17	3	45	29	16	7	16	23	44	8	22	50	4
39	16	39	47	27	18	40	15	28	3	49	40	40	1	5	41	1	27	45	19
44	20	22	18	42	5	6	1	4	38	7	42	22	39	25	37	43	2	30	37
5	10	39	50	46	39	26	6	12	33	44	31	27	31	10	19	44	21	6	22
12	39	12	40	47	8	19	2	27	18	49	50	47	9	15	35	32	22	22	4
30	50	40	21	45	26	15	41	29	6	43	22	47	8	25	16	48	49	4	39
20	24	30	44	35	44	34	18	17	26	38	23	49	2	43	13	50	41	46	21
43	28	23	22	25	27	4	40	34	49	37	33	18	33	34	6	21	46	37	2
42	48	24	4	18	21	24	45	16	12	17	8	4	34	47	43	2	9	19	8
41	45	34	19	39	6	5	16	18	38	43	4	4	44	29	46	4	20	4	5
4	9	25	23	33	30	29	34	37	42	5	13	28	29	11	48	14	6	15	13
16	8	27	28	20	13	4	10	6	2	39	32	5	15	5	33	21	12	36	10
27	21	30	27	34	31	27	25	34	32	33	48	5	42	39	47	32	47	3	20
26	19	29	36	4	23	8	13	25	29	27	2	21	6	36	45	28	1	45	40
37	30	27	25	19	41	28	14	26	9	1	25	10	17	35	9	43	45	23	11
23	14	1	6	6	31	28	49	6	44	19	32	3	14	34	47	43	5	17	13
46	45	38	16	28	2	42	5	22	28	3	34	28	34	17	23	29	21	19	39
13	29	8	32	41	19	23	47	33	39	16	38	28	10	16	29	27	35	28	4
39	24	28	29	42	35	5	19	47	12	18	22	36	29	1	17	37	6	26	9
30	46	22	34	13	15	7	18	18	38	47	45	43	16	50	39	2	30	41	6
15	4	50	22	21	44	3	50	10	50	43	21	10	19	24	44	3	44	17	27
29	37	1	10	15	24	30	20	30	12	16	7	15	20	45	26	47	1	13	19
12	7	8	19	46	26	35	24	42	6	37	8	14	14	28	29	4	40	7	48
15	33	21	48	34	36	7	40	25	49	47	2	31	48	15	22	29	32	14	40
39	6	28	24	26	8	44	2	43	16	23	7	45	16	5	30	37	11	36	10
20	45	49	44	10	35	27	17	49	6	50	22	27	17	9	9	5	47	23	26
43	5	48	10	26	40	8	16	43	36	36	19	47	5	21	44	7	35	14	41
32	28	3	37	17	1	31	28	7	46	25	40	39	10	18	15	48	40	18	20
28	12	24	13	21	32	25	22	46	16	3	21	34	32	45	16	3	11	43	26
10	31	9	48	12	46	31	38	37	7	47	17	17	45	14	21	4	40	17	35
27	9	32	42	44	4	7	7	15	3	13	37	48	43	11	47	3	27	2	25
2	38	35	40	20	36	4	40	18	25	12	13	45	8	49	1	49	18	5	8
40	24	23	35	45	10	20	25	34	17	18	28	39	43	34	39	25	43	23	8
50	18	39	41	42	50	43	40	44	10	49	35	22	45	35	28	16	1	45	10
17	30	6	2	7	34	25	2	24	11	27	6	46	47	8	23	36	32	44	45
17	31	31	24	19	34	6	44	8	7	23	25	48	13	41	21	12	38	35	8
25	41	16	34	34	43	40	26	37	13	42	34	7	1	44	37	50	32	34	24
28	31	45	18	38	3	8	34	7	38	11	49	48	36	20	26	15	48	41	26
44	31	8	45	15	40	18	48	20	5	21	31	5	11	31	45	47	49	46	31
36	7	19	50	2	44	37	21	31	18	22	2	42	8	30	47	24	50	3	49
35	11	14	3	17	31	44	37	6	26	30	17	3	10	41	38	12	9	43	21
3	48	18	3	33	20	40	47	32	34	22	47	46	47	47	25	43	17	33	22
50	50	15	5	39	6	50	32	18	42	35	15	7	32	46	38	43	12	20	48
42	48	6	22	5	33	21	6	14	16	46	45	26	22	21	4	33	14	15	27
20	8	29	40	50	7	41	15	1	9	33	31	47	36	30	3	45	44	1	6
36	45	19	3	47	40	40	35	11	43	5	30	48	44	28	35	20	16	23	49
43	6	5	5	33	15	49	40	42	19	10	40	13	9	42	26	40	26	44	10
17	6	4	8	4	3	34	4	9	46	34	29	22	2	14	30	40	15	20	32
42	1	44	42	34	16	17	40	3	3	45	44	23	13	32	37	2	48	1	31
32	45	32	47	36	31	19	11	46	13	37	26	7	12	18	17	13	13	25	39
37	44	2	6	1	40	7	9	21	27	28	43	14	40	1	48	19	48	7	3
48	6	45	40	17	20	38	11	46	16	25	40	23	13	44	38	44	26	46	46
25	10	41	19	35	45	12	17	11	21	48	16	6	22	41	31	50	12	40	31
3	46	13	6	2	38	20	2	46	14	4	44	2	11	28	38	15	26	6	23
9	22	1	25	18	10	35	2	22	13	38	33	37	15	44	30	48	36	18	48
25	10	21	48	17	5	14	46	44	3	16	25	6	18	23	31	45	39	38	42
4	19	30	34	26	22	8	38	17	49	41	30	9	9	48	49	1	3	8	13
47	39	8	20	47	14	27	19	43	14	35	9	48	26	44	7	31	38	23	46
48	26	29	46	12	37	17	48	20	24	31	43	31	26	46	15	11	11	37	12
46	39	46	4	14	33	33	33	15	42	19	14	30	13	15	21	11	13	8	11
48	29	49	19	34	43	29	22	31	30	46	21	1	12	50	10	31	26	33	30
5	34	34	29	6	17	13	19	11	25	5	49	3	27	14	18	40	27	21	21
5	11	3	36	46	49	14	19	13	6	41	35	30	28	7	15	46	20	14	17
31	10	12	7	25	48	18	25	48	33	20	4	6	12	26	44	31	48	34	8
4	44	6	5	34	20	19	25	20	50	23	21	14	4	41	45	49	47	11	48
31	39	22	31	37	38	30	18	3	13	34	48	36	6	14	37	4	7	23	6
29	43	5	49	11	49	40	2	22	32	45	35	37	37	27	15	23	26	19	47
40	1	23	8	16	25	35	8	41	4	41	43	24	6	20	38	34	24	21	38
48	29	47	21	18	49	12	50	29	49	14	29	39	27	16	28	21	48	33	36
15	32	11	18	41	3	12	32	18	40	32	50	6	31	49	12	5	2	40	18
14	36	29	43	40	13	5	47	41	42	18	36	42	35	24	16	19	30	31	16
37	31	33	40	17	15	23	8	28	5	24	19	9	15	23	30	3	19	28	29
49	15	42	26	22	46	8	22	8	34	44	26	22	24	31	33	3	40	26	26
40	47	20	36	18	50	27	27	12	45	13	50	2	2	18	22	40	7	19	21
7	2	50	45	12	49	47	36	34	41	27	14	43	3	39	2	46	6	9	22
19	32	11	14	21	44	24	21	7	9	44	46	21	5	19	38	48	25	25	19
4	42	43	22	18	49	8	50	13	16	27	34	49	47	3	26	42	36	24	19
26	27	29	25	47	32	44	38	35	1	4	21	32	40	19	28	39	40	47	22
36	25	8	41	33	11	48	25	3	43	47	12	1	7	44	28	14	18	25	37
6	20	16	12	13	6	3	9	28	26	38	3	40	3	33	1	19	39	43	36
34	19	35	42	5	43	21	25	46	42	14	21	15	11	16	16	10	46	29	28
8	39	47	28	6	45	23	49	24	44	9	26	26	40	3	38	36	24	8	21
36	28	14	36	12	17	39	30	37	17	42	24	10	16	29	45	22	8	36	11
20	22	1	3	34	39	45	26	8	29	31	36	39	9	43	31	26	12	17	39
7	44	13	8	2	36	16	11	12	8	16	29	39	48	1	14	27	11	3	23
23	14	22	8	37	7	35	2	23	48	20	11	41	48	5	27	10	44	1	49
24	35	15	1	14	3	48	42	9	29	4	15	9	45	17	43	22	5	22	46
1	14	38	14	39	5	38	42	43	24	5	34	11	5	49	38	49	22	45	34
9	44	44	45	45	5	3	47	31	12	6	5	23	5	48	11	47	1	12	9
15	7	49	35	25	21	5	5	46	29	44	1	11	38	37	7	20	44	20	34
3	42	11	32	19	1	11	6	7	39	42	49	10	36	20	3	46	9	21	24
1	49	2	3	18	5	44	36	18	42	41	4	32	29	6	24	46	18	17	25
10	49	48	7	38	46	41	25	19	35	12	11	24	46	34	5	40	9	15	14
7	26	38	16	49	39	17	32	31	46	8	29	43	47	14	2	1	45	16	22
15	20	18	34	31	30	30	37	45	2	34	38	4	3	19	35	12	33	9	49
30	10	45	23	28	33	19	27	32	32	4	46	44	43	50	37	9	5	35	19
9	30	37	29	13	21	26	40	29	30	41	19	37	17	43	5	26	45	7	48
12	4	5	14	48	39	44	11	4	32	27	7	48	40	41	50	23	16	11	8
8	29	49	3	42	36	9	28	1	45	12	14	48	38	8	6	25	24	32	24
27	15	37	47	3	34	21	48	27	43	33	10	35	50	40	34	5	3	22	12
30	17	11	9	20	13	10	11	32	35	25	49	35	37	31	43	42	3	50	8
16	12	1	9	12	3	30	49	48	25	2	23	2	20	45	10	5	29	27	41
25	11	16	42	18	34	26	48	19	47	42	3	3	15	47	18	16	2	47	18
34	11	13	8	34	3	47	15	43	21	39	13	26	10	34	6	47	10	41	29
28	32	30	2	33	50	20	38	23	27	45	3	32	10	8	14	48	9	8	15
37	11	6	48	9	29	27	43	32	42	22	7	12	19	41	2	31	11	25	35
33	10	43	16	27	36	32	17	3	20	8	39	2	26	42	17	27	33	44	5
23	27	7	32	5	38	42	14	19	7	34	38	34	24	33	28	18	40	21	23
48	11	41	12	35	34	5	36	28	24	25	49	18	21	12	6	4	11	12	39
45	19	48	47	36	21	5	29	44	14	49	38	12	21	7	12	37	45	48	22
33	7	36	45	32	35	20	14	12	27	25	8	29	32	29	30	13	44	27	15
30	27	42	14	25	37	38	48	14	50	20	9	14	40	6	38	33	4	15	2
1	41	17	17	40	42	10	30	43	28	50	43	19	33	43	7	15	22	20	46
48	23	50	12	8	16	44	39	27	41	47	10	29	25	14	39	11	26	25	34
28	9	5	37	1	27	41	31	48	50	24	12	34	20	5	29	42	6	9	24
49	21	4	3	32	41	14	44	20	5	47	40	47	37	18	40	18	14	11	32
26	13	42	27	17	35	26	10	21	36	48	6	17	2	36	7	5	3	6	11
13	47	12	43	4	35	15	48	3	15	11	28	45	28	49	36	29	27	36	47
15	5	24	35	7	41	23	46	2	11	35	16	9	1	19	29	1	49	23	33
21	29	7	6	25	20	12	39	3	50	29	28	17	9	47	9	24	28	37	13
12	19	46	42	31	46	20	44	9	20	35	30	5	4	26	37	48	18	10	38
30	34	43	2	33	7	49	50	5	11	6	24	13	10	21	2	33	16	26	30
1	18	31	34	15	49	24	14	33	10	11	7	18	49	34	29	27	45	10	24
47	21	40	49	15	12	18	45	34	25	5	33	42	31	38	13	4	10	37	35
34	35	17	45	1	49	6	15	27	42	26	39	7	3	33	30	28	33	19	4
32	30	31	9	6	29	15	38	12	21	26	17	8	25	41	12	4	46	48	16
7	3	18	42	50	17	26	40	49	8	36	22	42	34	3	4	5	8	40	23
34	18	3	7	17	9	31	32	12	21	27	33	35	3	48	29	12	40	10	40
3	26	39	5	36	4	26	24	22	37	8	47	7	26	33	39	1	12	25	41
36	45	28	29	32	4	38	39	36	25	43	16	49	50	21	8	30	49	22	13
34	7	10	26	13	31	27	9	21	10	28	50	15	19	4	8	49	11	23	33
17	37	38	48	44	43	48	7	6	25	9	2	41	12	7	29	35	2	16	2
27	29	19	27	47	43	1	31	47	13	10	19	26	40	47	47	19	13	32	20
33	21	4	46	1	27	10	4	12	25	23	48	45	22	6	39	19	12	1	1
43	18	10	43	16	41	27	2	16	10	11	23	20	46	19	7	26	23	27	21
34	48	19	22	40	13	25	4	35	9	29	8	12	31	28	16	11	11	31	11
50	9	38	2	15	1	28	49	4	49	13	47	35	31	18	46	49	39	4	4
17	23	18	7	32	3	11	39	19	3	47	15	42	17	22	26	10	17	7	40
35	26	1	36	46	33	24	32	14	33	17	22	8	28	44	27	42	32	21	13
40	39	31	1	2	48	5	18	9	43	36	33	32	14	19	41	23	32	12	50
30	30	26	36	37	25	8	15	23	45	34	29	47	45	1	47	45	50	35	48
28	6	23	22	47	35	40	44	9	4	4	11	20	21	34	11	13	46	15	27
41	40	46	15	9	8	37	38	14	22	47	23	47	15	22	25	7	4	39	3
35	14	6	20	41	24	9	26	11	40	35	49	36	8	8	38	10	9	14	40
48	3	31	38	7	32	14	6	49	9	4	9	8	13	42	27	35	26	24	35
50	11	27	24	38	48	38	39	7	35	15	48	41	50	5	33	34	19	14	10
11	3	27	3	37	26	42	24	17	31	4	35	35	29	40	38	26	7	50	9
44	25	49	15	45	6	19	8	9	9	43	16	13	15	25	47	34	25	38	13
7	15	23	27	32	31	14	12	10	17	8	27	19	5	16	36	5	13	8	31
7	34	16	8	38	38	22	21	5	44	4	1	20	38	3	30	3	23	34	15
43	7	49	42	2	17	47	8	49	39	43	22	18	8	6	23	49	15	39	44
9	43	7	17	14	8	8	32	3	37	34	32	30	43	38	50	36	24	7	22
42	15	23	17	1	33	34	13	32	30	31	38	35	40	7	1	1	32	29	45
9	16	5	12	6	11	42	25	20	6	37	26	9	17	3	44	21	41	16	31
24	46	1	24	6	46	48	40	37	38	50	5	46	13	14	27	10	11	12	40
41	9	43	26	43	6	30	18	38	13	31	10	16	48	21	14	15	32	6	10
