20	50
8	2	11	15	2	1	7	2	7	7	3	6	9	5	11	2	13	8	6	9
6	3	19	18	11	15	3	12	3	20	9	7	18	6	6	17	10	2	10	18
1	10	20	13	19	5	3	15	9	18	2	7	12	19	3	6	4	13	5	8
19	16	20	7	18	17	9	4	19	15	13	12	18	8	9	16	3	7	20	6
13	8	3	5	18	3	15	19	3	1	13	18	17	3	19	6	10	13	15	2
17	19	17	14	6	10	9	4	11	7	4	17	13	20	15	11	13	16	9	16
2	11	1	18	2	16	16	16	10	3	6	10	13	18	9	14	12	9	19	9
15	11	9	16	18	17	5	18	8	9	14	15	5	19	1	7	19	19	13	11
15	13	15	8	1	14	5	16	11	2	19	4	17	1	2	11	2	5	1	6
12	18	9	1	10	12	6	14	18	3	16	14	17	9	15	2	17	1	15	4
12	9	8	7	10	10	19	4	18	10	5	14	18	7	20	17	5	14	19	10
9	11	18	8	6	6	7	8	7	20	15	1	10	17	14	3	11	3	12	20
13	2	17	9	18	3	16	11	10	18	18	3	3	6	16	2	12	20	1	4
3	12	18	18	15	5	4	2	13	17	6	2	3	19	18	7	15	10	11	4
11	17	18	9	3	13	18	5	2	13	12	12	2	9	18	1	5	19	15	14
19	15	18	14	12	16	20	5	8	10	7	3	10	17	14	7	15	9	16	2
7	19	1	1	6	15	1	15	2	17	3	16	15	17	6	16	19	5	17	7
13	14	17	13	6	10	3	6	15	11	7	16	4	13	8	20	15	18	8	18
16	6	4	12	7	12	8	14	12	18	8	10	13	9	9	13	3	9	15	17
13	15	20	11	11	8	12	3	9	6	2	2	17	20	12	8	11	6	6	15
2	10	15	18	4	17	3	16	4	16	18	6	4	12	6	1	6	13	1	20
20	6	5	6	16	7	14	14	18	2	3	17	3	20	15	4	1	3	8	14
5	17	19	14	9	17	18	5	14	11	2	18	5	6	15	17	5	9	2	18
4	10	18	3	13	1	4	4	18	2	1	4	6	8	16	4	7	12	17	20
9	9	20	7	1	5	12	17	6	18	19	12	1	10	10	15	19	17	1	8
13	15	8	13	11	19	13	17	11	12	10	14	12	3	9	16	11	11	3	8
10	7	19	20	4	9	3	16	19	1	5	11	11	10	7	15	2	8	17	2
13	15	6	14	8	5	1	19	2	15	5	8	15	14	19	7	16	8	9	3
16	17	19	11	7	20	4	3	17	15	14	4	15	1	16	15	1	5	13	19
9	5	15	5	16	18	16	17	11	20	19	15	19	15	6	17	17	16	8	8
2	18	3	7	1	2	14	15	19	5	7	12	15	11	15	12	3	15	15	9
4	7	13	17	17	20	5	20	15	19	19	5	17	5	17	11	3	9	4	15
5	2	19	7	14	7	20	9	1	15	14	2	1	19	4	15	5	6	10	2
18	14	20	20	6	2	15	11	14	4	10	15	12	1	5	3	8	6	3	10
1	16	20	20	5	17	5	18	1	3	6	17	19	3	18	12	3	20	1	13
13	10	16	18	6	20	11	1	15	2	8	20	4	20	1	2	14	20	15	10
17	17	10	12	18	13	16	9	4	14	20	9	6	11	18	12	1	3	15	6
6	5	4	19	15	7	14	19	2	17	18	3	6	12	16	16	20	5	1	13
5	2	17	1	2	19	15	14	3	10	1	12	5	10	4	13	14	11	17	11
20	17	8	7	17	18	4	14	15	2	12	17	3	3	1	4	8	3	17	17
13	1	17	12	16	7	18	16	8	3	3	9	8	10	13	8	15	11	5	5
16	1	19	1	18	4	9	3	9	20	6	11	14	20	18	20	1	16	11	10
20	8	6	13	20	4	9	13	10	14	10	18	19	13	1	12	2	16	15	13
18	16	8	9	18	13	15	8	12	13	7	20	20	15	6	8	15	7	2	15
15	17	14	15	11	9	12	2	19	6	18	5	2	19	13	5	1	18	16	7
9	1	1	17	8	10	19	4	7	14	18	16	15	20	18	2	3	13	18	9
1	14	10	6	15	2	19	1	3	2	8	17	11	15	7	14	16	17	8	2
11	9	16	6	9	3	10	2	1	12	3	8	1	7	7	15	12	16	2	6
12	18	2	6	6	1	5	1	13	5	7	6	6	17	19	13	19	4	18	13
12	17	1	11	20	1	17	5	9	12	2	1	15	3	10	13	7	11	1	9
