10	100
19	49	47	19	10	3	36	20	9	23
8	32	16	26	30	9	34	43	10	36
8	34	35	23	12	13	50	20	11	45
24	4	12	5	27	18	31	24	48	10
18	36	19	2	15	24	28	21	34	47
27	50	37	10	49	35	15	24	8	48
4	17	9	15	50	4	20	12	49	13
28	10	45	50	18	22	15	34	9	39
35	29	36	15	18	25	17	2	6	42
4	7	17	1	7	1	27	5	3	11
4	17	22	22	19	18	5	38	42	28
20	32	16	19	13	25	32	45	47	26
38	19	7	7	10	22	43	44	43	17
45	10	32	48	35	19	7	15	46	1
20	29	10	29	23	23	42	48	39	32
20	33	9	28	24	36	10	16	13	48
25	11	45	26	33	10	50	18	35	44
18	17	49	46	6	9	9	29	35	37
30	45	6	11	47	13	2	5	25	49
9	42	2	49	26	9	35	35	46	13
23	25	14	46	15	3	35	14	22	15
27	32	31	26	19	31	6	34	29	21
9	46	44	36	36	26	16	50	20	48
25	25	33	23	15	6	32	11	47	45
28	39	33	10	23	27	12	27	31	46
3	1	7	25	4	27	32	28	10	39
38	35	44	24	41	2	49	9	11	13
49	46	38	35	43	21	14	34	14	9
15	39	20	25	45	25	19	8	19	39
25	4	1	9	7	44	45	10	20	21
29	4	16	18	47	7	14	22	33	34
14	48	15	2	24	50	15	19	29	17
34	41	40	23	39	46	46	29	29	50
26	5	14	43	31	12	23	3	28	39
12	47	26	36	26	27	40	50	35	7
29	27	31	4	37	38	14	44	29	2
12	35	44	33	8	10	35	22	21	13
27	13	42	41	6	38	15	5	48	13
7	47	45	22	21	50	24	10	6	44
48	30	24	26	27	27	3	43	29	17
42	18	29	22	31	17	35	40	49	50
23	10	47	16	46	16	40	23	13	8
36	25	16	28	15	48	40	16	15	29
35	23	27	31	22	39	19	23	41	5
16	35	12	7	21	39	34	8	31	12
38	30	31	21	31	17	2	1	8	34
28	20	26	21	15	1	34	16	45	7
48	17	32	9	43	2	14	10	8	27
14	32	35	4	41	6	42	6	1	5
37	19	16	8	27	46	9	41	42	21
5	18	13	24	15	21	48	22	28	30
3	43	44	32	20	46	35	22	30	10
9	28	16	41	21	30	2	25	32	47
43	24	18	37	22	47	19	12	40	21
8	21	29	21	2	45	25	35	38	32
12	38	12	32	12	28	3	23	4	36
19	24	41	31	38	30	25	7	10	24
27	23	33	10	3	39	50	45	39	26
5	18	37	1	36	6	13	37	26	45
45	47	9	5	2	34	31	48	34	22
21	19	25	15	5	39	5	2	29	24
28	8	35	28	31	2	37	40	46	33
18	38	32	16	29	31	15	29	9	19
9	2	12	17	6	36	44	22	46	47
2	11	8	2	17	37	12	31	24	50
48	41	3	1	5	33	38	9	37	25
25	26	44	11	16	27	46	19	22	46
9	16	45	49	32	8	31	30	50	42
19	34	6	9	22	18	49	11	13	24
48	35	36	22	23	26	18	48	37	40
42	44	9	28	42	33	46	5	20	47
2	8	10	45	6	41	20	35	39	48
29	35	6	49	48	25	30	24	26	6
41	34	44	10	1	26	26	29	18	40
22	44	41	16	22	40	26	42	16	33
6	33	9	40	12	7	38	11	30	17
3	23	29	15	7	19	15	50	45	30
15	42	18	49	26	35	44	41	27	9
49	39	8	44	50	9	25	5	49	44
38	16	49	1	38	50	16	27	9	4
26	27	48	36	18	14	15	10	14	28
13	48	34	22	19	14	16	35	15	49
44	11	1	1	43	50	44	17	12	27
19	18	32	23	34	23	42	22	27	36
44	15	41	21	31	41	32	27	33	24
34	31	12	11	11	15	26	47	44	18
21	48	49	38	9	46	16	11	39	47
23	45	9	30	6	29	21	31	20	2
19	17	35	39	43	39	6	22	13	19
48	46	28	9	16	46	17	3	12	35
26	21	39	37	2	40	22	33	5	32
45	45	27	43	50	4	13	11	46	21
41	44	48	20	50	28	17	1	14	10
13	18	19	36	27	48	29	49	37	3
17	23	17	32	25	3	19	36	10	12
33	6	7	42	45	32	23	19	37	25
24	22	19	45	19	27	27	42	16	2
26	15	24	44	4	18	27	17	46	48
9	32	41	3	28	7	11	28	41	45
25	10	12	13	30	46	5	23	13	48
