5	100
14	3	7	4	11
15	1	12	2	8
16	19	13	5	6
8	5	12	12	16
2	12	11	14	14
10	12	13	7	4
15	20	7	12	2
11	16	7	13	8
11	10	6	18	11
11	4	7	6	13
18	16	18	5	12
2	13	14	11	2
4	9	6	18	13
16	12	2	4	15
13	18	20	4	5
13	7	13	3	3
7	6	8	14	7
20	3	2	20	20
19	3	17	12	4
3	5	8	5	16
20	2	3	11	1
20	16	14	1	20
16	20	11	8	15
19	1	13	12	14
14	10	2	5	16
11	2	8	1	3
8	19	9	8	4
5	3	18	13	7
4	10	2	1	5
20	12	9	17	6
3	13	16	12	3
10	1	19	15	11
18	9	14	19	12
17	11	4	5	11
16	4	20	6	10
5	9	1	20	16
19	14	12	15	20
16	4	18	6	14
4	4	3	3	9
16	17	4	9	9
10	8	4	7	11
19	13	11	2	18
2	1	20	19	12
5	18	19	19	17
13	13	19	12	7
12	1	18	17	14
8	5	12	12	7
11	10	5	5	1
3	14	17	8	12
4	5	4	11	4
19	18	6	13	16
17	10	13	20	19
19	16	14	9	11
17	9	8	13	2
16	13	15	18	15
20	17	12	20	4
8	17	7	14	15
11	20	20	17	10
2	18	5	6	3
7	20	9	18	15
15	17	12	10	9
7	4	9	18	16
1	18	13	17	12
2	10	1	14	20
18	10	12	3	20
19	8	9	15	9
1	9	15	5	9
11	5	17	5	9
8	11	2	1	10
4	5	9	15	1
17	20	16	18	18
6	6	10	10	11
19	15	14	10	15
12	4	9	8	2
18	13	16	5	13
7	8	11	14	16
14	19	15	14	12
2	14	18	8	4
6	16	7	15	10
13	18	13	6	18
1	16	1	13	4
5	4	11	5	11
19	15	17	15	17
1	20	20	18	14
19	6	1	5	16
2	6	2	15	20
10	15	5	16	16
19	18	2	11	8
18	3	13	18	6
12	20	13	19	10
13	18	16	13	20
15	15	17	18	3
19	3	17	5	1
4	10	1	19	19
3	18	10	10	17
16	14	4	20	5
2	13	4	5	7
13	19	13	16	1
4	2	5	9	9
15	7	8	18	2
