20	200
13	7	8	5	6	4	13	11	18	18	3	10	18	1	3	16	11	16	15	18
1	13	18	13	17	14	12	1	1	8	4	17	19	1	18	20	16	18	1	10
14	18	1	20	7	16	19	9	3	7	4	2	17	18	15	20	9	15	8	13
13	13	11	10	14	6	11	18	3	4	1	14	15	6	4	4	13	19	7	1
15	3	19	15	5	3	20	2	7	18	11	1	10	8	17	2	8	11	6	2
6	2	7	19	7	10	7	12	14	12	8	11	9	7	19	11	14	16	6	12
7	10	11	6	14	1	4	8	9	3	17	2	13	6	16	13	16	20	8	15
17	9	8	16	10	20	12	4	10	7	8	12	6	15	16	17	12	1	6	7
6	19	3	12	15	7	19	4	11	6	15	15	9	11	16	18	2	16	16	14
9	1	18	3	15	6	16	19	11	20	2	16	14	2	9	18	6	16	1	3
2	8	13	4	12	14	3	15	19	18	15	16	6	12	18	6	2	1	17	10
11	20	14	12	5	20	1	7	2	18	13	6	15	13	13	2	8	14	11	2
3	2	20	13	6	6	11	2	5	4	17	5	20	11	13	2	14	2	20	13
13	17	14	1	5	9	1	13	20	16	18	8	10	16	8	10	1	1	7	19
10	20	3	19	2	9	7	5	1	12	8	7	15	19	10	6	9	19	9	18
5	18	3	9	6	9	16	4	3	3	1	13	16	1	3	14	14	15	19	17
2	17	12	8	8	12	13	11	7	3	2	2	13	9	15	12	17	15	13	14
14	4	2	18	11	16	12	14	16	17	12	14	20	13	17	8	7	16	1	15
16	5	18	1	2	20	1	7	7	12	17	20	2	6	4	19	16	15	17	13
20	20	16	11	11	9	2	20	13	7	6	2	14	19	18	9	6	1	17	12
16	6	7	5	20	13	12	14	10	19	13	13	19	8	15	17	10	8	11	14
18	1	14	1	7	16	6	4	9	15	13	16	18	6	18	15	14	12	11	18
17	9	11	15	14	13	4	7	4	2	20	19	10	4	15	15	12	6	18	5
7	8	6	15	6	18	15	13	11	1	3	19	17	13	17	10	10	20	7	14
12	20	1	8	15	15	6	15	12	3	4	8	14	7	12	9	3	16	10	17
19	11	17	3	19	2	2	17	7	5	6	12	20	4	13	7	8	18	1	11
12	20	2	8	17	16	5	11	2	8	7	14	11	10	15	2	4	18	10	14
14	9	9	7	18	12	9	11	14	5	2	5	16	19	6	20	9	9	6	3
17	11	16	19	19	12	2	10	9	12	4	11	9	7	18	3	12	16	11	6
8	15	18	17	7	2	18	13	5	16	14	15	12	7	17	3	14	10	9	6
11	20	2	3	2	12	17	9	1	3	9	14	19	1	16	3	14	19	13	17
14	10	5	14	18	9	19	3	11	15	10	2	8	5	16	8	13	15	16	16
6	10	12	3	7	20	17	11	12	14	10	15	18	12	12	1	15	9	5	13
13	15	19	6	13	8	7	14	6	8	10	19	4	17	12	5	18	3	7	19
13	8	12	17	6	16	4	16	13	15	14	5	10	4	3	12	11	6	10	20
14	3	6	4	5	11	11	1	1	7	4	13	3	7	1	5	4	3	1	18
4	11	2	12	15	6	10	1	14	1	15	12	13	7	5	10	3	8	13	15
5	3	16	6	12	2	3	4	4	19	9	9	6	13	17	3	2	15	10	20
2	11	8	20	13	12	20	16	2	11	3	16	11	6	13	1	16	16	20	14
3	6	17	16	12	7	7	1	10	3	9	8	19	13	14	14	16	16	14	20
2	7	3	14	16	13	18	20	20	17	8	6	15	17	17	16	14	12	9	7
5	19	6	20	2	15	17	18	12	19	5	20	3	1	12	16	4	4	20	19
9	7	2	14	16	3	14	3	17	18	1	4	8	8	16	4	2	4	12	1
17	1	8	1	12	8	4	15	5	2	13	10	12	10	18	18	17	13	4	19
2	15	2	14	19	2	13	16	5	8	15	1	13	20	3	9	20	2	3	8
19	19	18	16	6	11	12	19	10	18	7	9	20	13	20	2	20	15	2	10
15	9	10	17	7	13	18	13	7	10	19	16	10	16	1	3	17	6	9	9
10	15	6	7	1	6	2	20	1	2	9	5	20	13	14	11	10	1	9	14
14	20	12	1	20	12	20	4	13	17	6	14	6	14	1	1	4	4	17	2
11	18	13	6	1	14	16	18	3	10	14	16	18	15	16	11	3	6	8	10
7	18	8	4	16	16	20	7	13	13	8	7	5	8	3	16	7	7	20	6
16	3	1	3	4	10	17	12	18	10	18	18	16	7	15	14	10	9	10	6
15	10	5	10	3	8	11	10	13	20	4	16	6	2	14	5	17	5	1	7
20	9	9	3	15	10	11	18	13	10	7	18	18	15	12	7	18	12	20	17
19	7	19	19	7	3	13	15	14	11	17	5	9	4	7	7	1	3	15	14
17	14	17	3	14	6	19	12	10	7	7	6	5	4	8	13	10	10	16	13
18	16	5	3	13	2	10	14	9	6	7	16	17	7	20	6	10	17	6	1
5	1	6	8	4	12	20	6	17	14	18	11	7	3	17	1	9	15	11	13
17	5	3	5	1	12	9	19	4	2	3	13	5	16	9	17	11	17	19	2
2	4	18	16	9	16	10	15	10	19	17	16	6	14	5	1	19	1	7	13
3	2	2	15	11	5	7	12	14	1	11	13	16	9	11	13	7	8	17	6
3	15	10	6	5	8	8	11	11	9	19	10	10	7	20	1	3	3	5	4
9	18	1	10	9	5	1	18	3	12	14	11	5	2	11	9	12	16	11	4
18	16	1	6	3	1	3	10	10	11	10	4	4	13	18	5	14	20	17	20
8	10	9	19	15	8	6	9	17	11	9	7	13	2	7	13	18	16	8	8
3	11	8	12	2	10	8	13	5	6	16	12	19	11	16	8	8	2	12	15
16	14	13	19	3	3	12	2	6	5	8	18	13	10	17	17	2	17	17	5
1	13	5	11	16	17	8	2	6	20	5	16	5	13	13	10	19	10	10	20
19	6	7	20	19	18	20	10	14	20	6	12	5	7	14	3	10	3	3	7
15	10	16	7	1	12	14	20	17	8	19	13	7	18	7	15	6	5	13	19
17	19	8	7	14	13	11	18	20	11	20	16	7	3	5	9	11	1	20	7
4	20	14	7	2	14	6	8	1	20	17	5	10	4	10	17	3	10	13	8
2	16	1	7	9	3	6	4	14	18	5	6	6	7	16	18	5	2	5	1
8	4	18	20	14	15	6	4	14	8	7	1	9	12	5	8	19	8	18	19
8	2	14	3	15	12	20	4	9	12	13	1	5	13	1	18	19	2	13	14
17	3	11	7	12	4	18	15	2	8	20	18	4	7	13	6	10	15	5	3
16	3	15	2	15	6	17	16	11	7	10	18	16	5	3	6	11	8	12	12
14	6	3	2	13	16	17	19	20	15	8	4	17	11	19	15	8	9	12	6
7	2	4	15	19	2	3	20	4	8	16	3	4	14	9	10	20	14	9	20
9	19	17	16	19	6	2	5	6	9	18	3	16	6	5	13	2	8	3	11
14	18	15	13	20	6	1	3	2	10	15	15	1	12	18	9	6	8	16	13
1	18	15	16	10	13	7	18	9	16	8	13	11	18	7	12	4	4	17	14
6	19	4	17	14	4	2	4	9	17	8	15	13	11	11	17	3	19	3	7
19	3	15	6	2	3	4	3	6	7	5	2	12	2	7	3	14	18	2	7
12	3	10	12	9	14	20	1	8	10	9	5	2	10	16	3	5	18	15	12
20	20	19	3	13	7	4	11	4	9	3	5	18	17	16	16	14	3	17	9
3	4	15	16	18	20	1	2	7	5	18	16	4	11	7	12	5	8	20	3
11	10	17	19	8	4	8	5	15	1	9	2	1	7	9	17	5	3	5	13
6	2	5	20	11	7	2	7	11	5	11	7	4	15	19	14	8	17	9	15
12	16	8	7	16	17	15	17	2	11	7	2	3	7	17	9	5	18	9	1
2	1	15	10	10	3	19	7	9	16	9	9	15	11	1	10	14	18	4	15
12	5	6	20	18	9	4	17	18	10	9	10	8	8	13	11	2	18	18	13
18	9	9	7	2	18	8	13	7	7	15	8	14	14	9	18	16	15	12	1
20	3	10	19	7	19	1	7	18	10	9	16	1	11	17	4	16	20	19	20
2	11	11	11	15	2	17	14	20	15	16	8	6	17	14	16	19	11	20	3
17	2	15	17	19	20	7	3	18	6	2	17	16	13	20	9	13	19	5	6
3	8	8	3	15	1	10	4	18	2	5	6	20	16	3	1	17	15	12	16
16	14	17	15	14	20	12	14	18	6	4	1	7	15	20	10	14	12	2	18
10	3	6	17	1	16	17	20	10	20	13	19	8	9	10	10	11	14	10	16
9	17	7	12	18	5	20	6	17	14	7	5	13	14	7	13	8	1	14	19
3	12	5	19	14	6	13	18	5	11	20	1	3	7	9	13	17	15	19	16
16	11	4	17	13	8	6	14	3	18	2	11	20	12	13	18	12	8	19	13
12	3	2	6	14	6	3	6	6	14	17	14	3	19	3	12	9	9	6	6
20	20	16	7	9	10	2	11	15	12	2	9	16	7	4	14	10	19	3	8
6	1	9	9	2	9	9	2	10	1	9	4	3	13	13	12	7	15	18	5
5	12	12	14	13	9	18	17	15	9	3	11	7	19	1	20	12	8	6	20
2	20	2	14	4	18	6	4	14	13	8	16	1	18	3	14	9	15	16	13
12	12	8	2	19	19	18	5	13	14	20	20	9	18	4	5	10	19	11	15
3	15	3	2	1	8	10	9	16	7	11	18	12	13	9	10	13	1	15	5
1	2	11	20	13	8	7	4	14	18	5	11	5	2	11	18	10	6	1	12
10	9	9	6	3	3	9	16	10	15	13	10	4	6	14	1	4	3	10	13
1	6	16	18	3	1	13	11	3	11	20	8	20	4	16	13	13	6	18	10
20	11	14	19	6	15	7	19	8	11	14	7	16	8	11	4	13	12	4	3
11	18	14	19	15	6	10	20	11	2	8	19	6	1	14	10	13	17	13	8
14	14	3	13	17	14	12	13	14	12	1	2	3	16	20	2	18	16	5	1
6	8	9	7	3	16	1	16	15	1	12	17	19	16	9	17	16	2	2	2
14	18	7	19	2	6	16	11	2	12	13	17	13	13	3	7	6	17	10	2
13	17	19	13	1	4	4	7	7	3	7	17	14	3	7	9	1	10	6	17
1	11	15	3	9	15	4	7	13	3	12	19	12	1	9	18	19	15	19	18
3	9	4	20	5	17	3	10	6	15	6	16	12	14	1	3	2	16	4	7
20	17	15	4	11	9	5	14	15	9	10	7	12	8	14	12	7	15	19	13
12	15	1	18	17	17	7	18	20	6	16	4	11	13	18	7	15	1	9	17
12	10	15	18	6	20	5	4	1	10	17	7	18	12	15	6	16	17	8	14
2	8	14	9	13	7	16	20	11	8	17	7	7	2	2	2	20	4	13	18
13	4	18	10	10	9	7	20	18	12	11	18	13	16	15	4	17	6	6	20
4	5	14	14	14	10	1	16	11	13	6	13	5	10	2	19	11	4	20	4
20	17	2	19	17	20	14	11	8	18	6	14	18	14	15	8	11	5	17	20
8	11	10	6	7	18	14	4	14	17	14	13	7	2	20	8	4	15	17	15
17	11	9	14	7	12	15	11	15	14	9	6	8	20	16	10	8	17	13	20
6	10	18	11	4	14	8	17	14	8	5	16	8	3	4	18	3	17	19	15
3	3	9	20	9	9	6	7	6	11	20	8	3	18	9	7	14	18	10	14
5	19	18	8	10	13	19	5	17	18	7	11	18	19	17	3	2	18	3	16
9	1	12	4	8	18	14	11	15	17	5	6	7	5	10	5	6	1	11	16
10	2	11	8	4	9	10	4	1	6	6	16	16	15	6	4	8	14	1	13
20	9	11	20	13	2	5	13	9	13	18	1	8	7	6	8	10	4	1	19
8	10	10	9	11	9	10	12	20	6	18	13	1	18	17	2	11	11	15	3
5	17	16	9	9	6	9	9	10	19	14	4	14	3	5	10	19	2	9	5
12	14	14	3	16	6	20	10	10	5	17	19	9	18	15	12	15	2	1	6
1	1	3	2	12	14	19	19	13	7	3	10	3	11	11	12	3	13	14	4
6	20	20	6	3	16	16	16	8	14	16	18	2	4	4	11	11	13	11	3
7	2	18	3	2	7	17	18	8	4	9	2	8	17	20	1	2	18	20	17
18	4	11	20	12	5	8	19	7	20	1	11	2	11	18	5	3	17	4	16
19	18	9	5	5	15	10	6	4	3	10	14	14	15	5	3	11	18	12	17
20	18	11	8	3	19	20	18	20	15	19	6	14	4	19	20	15	6	16	18
16	3	16	4	11	7	18	8	7	15	14	5	6	7	17	1	8	2	2	6
15	13	6	9	5	4	1	10	16	5	8	6	3	15	2	17	3	7	17	17
1	12	11	5	2	15	1	7	8	18	13	14	4	10	3	3	17	7	20	7
7	9	13	2	7	9	3	11	6	20	18	1	6	6	5	4	2	2	8	10
4	14	2	18	13	15	2	13	12	20	20	17	7	10	11	13	20	10	19	13
13	10	2	9	20	13	8	19	5	20	1	16	19	11	4	13	7	15	10	12
7	10	19	6	20	2	14	17	16	12	4	13	4	16	18	15	12	14	18	20
7	4	9	13	20	5	19	17	6	18	7	5	1	7	6	4	11	17	10	19
19	12	3	13	16	8	13	3	13	10	2	14	17	10	6	4	2	6	7	15
4	17	11	18	6	19	13	18	11	15	4	16	5	20	1	16	1	16	17	12
13	16	5	17	17	13	9	11	1	2	3	5	10	15	16	3	2	6	8	18
16	16	13	19	6	6	10	18	9	11	3	6	9	15	3	8	13	14	2	13
11	2	17	9	12	19	6	10	5	19	14	16	8	20	17	17	3	6	12	11
4	12	3	11	19	17	16	15	12	8	11	8	4	15	7	14	19	5	7	8
1	20	13	10	17	8	19	10	19	7	6	7	3	12	10	20	20	6	10	16
3	11	19	18	9	6	12	13	14	3	18	19	20	5	10	5	19	13	15	12
18	7	17	6	3	4	6	13	6	8	15	14	16	11	5	10	1	16	2	11
17	6	16	17	9	7	7	19	2	5	2	7	12	18	18	16	15	14	16	5
1	20	7	6	8	5	3	9	20	1	4	3	12	4	16	13	11	20	18	16
17	8	11	1	7	9	3	18	13	10	16	8	1	18	11	17	19	11	9	4
5	19	19	2	2	19	15	8	3	6	5	16	17	20	8	13	9	6	20	20
3	5	16	11	5	17	2	15	14	19	14	1	11	14	11	19	9	9	20	8
14	15	16	8	5	1	11	1	10	18	8	13	11	10	2	20	3	9	17	6
18	1	14	4	13	5	5	3	10	9	5	1	7	13	6	8	10	9	6	5
6	1	5	17	12	1	10	1	13	12	16	20	13	15	10	13	2	12	16	1
16	8	12	1	13	8	7	19	4	14	10	15	3	13	20	17	17	18	13	12
15	4	11	18	14	5	9	13	3	13	7	19	13	6	10	18	10	5	4	4
15	12	18	20	2	2	17	20	15	14	17	5	19	4	6	13	18	14	8	9
20	15	17	12	8	11	2	17	4	2	8	12	14	9	18	4	7	12	16	13
8	9	18	10	17	2	20	10	1	17	1	16	17	16	5	20	15	6	12	11
20	20	17	13	6	5	12	10	7	2	6	7	18	16	1	12	17	8	15	6
12	13	17	7	2	13	16	18	5	18	9	1	20	5	13	8	12	5	4	12
11	11	3	19	11	14	18	2	16	14	3	8	12	7	20	8	4	11	11	14
10	14	6	9	13	6	7	13	3	13	1	13	4	4	15	1	10	18	16	8
16	14	3	12	15	2	10	14	6	6	5	1	14	11	2	18	5	14	6	6
8	5	19	3	14	11	5	8	12	19	18	6	16	4	18	16	11	14	14	12
17	14	8	18	9	20	19	13	2	18	16	16	13	10	1	11	15	20	19	5
18	2	2	7	9	19	6	11	13	6	7	12	1	15	10	14	17	2	15	14
13	12	7	15	3	2	14	6	3	8	2	12	16	10	15	15	12	2	9	10
15	8	20	16	11	5	16	18	1	7	15	13	5	5	12	6	16	8	4	7
5	20	9	6	5	16	16	11	20	15	2	16	13	6	20	6	12	11	5	18
6	16	6	16	13	9	7	11	18	9	20	5	19	3	5	15	19	14	11	15
10	6	18	6	6	20	1	20	6	7	14	5	3	6	2	10	15	14	14	17
10	5	13	12	16	18	17	11	1	5	7	18	1	10	9	1	18	20	11	14
9	7	6	12	15	16	2	13	2	16	1	6	1	15	6	5	13	7	10	9
3	10	20	2	20	16	4	14	17	1	12	15	4	20	9	4	20	1	17	1
16	5	10	5	4	2	17	6	5	4	9	12	11	2	12	19	7	5	13	19
12	9	16	1	5	7	3	2	7	2	6	12	11	10	14	19	20	15	18	18
20	18	9	14	13	1	5	2	9	10	17	16	9	18	9	7	9	9	1	18
20	16	20	3	18	17	2	1	9	13	19	13	7	16	20	14	1	3	9	5
3	1	13	18	6	11	4	13	2	7	10	12	15	1	19	4	19	6	16	16
19	5	13	16	11	4	9	14	19	15	7	6	1	17	16	19	4	3	18	8
14	9	19	3	4	8	18	7	18	17	16	15	8	13	6	18	9	17	7	2
3	11	15	7	1	4	11	19	5	20	1	17	9	9	3	10	6	11	13	3
7	3	17	2	20	12	19	8	11	18	10	7	16	16	6	3	15	13	2	20
18	20	2	18	17	20	6	20	11	16	13	19	4	5	16	20	15	13	7	9
