2	100
73	19
70	6
59	16
14	73
61	89
48	46
95	49
17	30
40	11
90	36
57	79
39	54
45	64
28	86
35	87
18	92
19	14
16	19
71	32
27	69
37	5
39	5
85	99
19	44
15	27
3	86
4	20
15	95
81	16
61	95
89	28
38	74
71	57
27	81
33	99
59	8
85	21
99	53
41	34
70	46
46	84
72	8
85	33
88	100
99	22
38	56
71	32
81	10
67	65
35	28
73	38
12	16
69	96
2	83
21	63
54	47
47	16
50	6
57	31
90	39
69	28
83	12
61	3
38	53
41	90
86	76
100	42
74	8
73	56
40	89
31	6
79	36
68	92
9	56
83	76
53	37
76	96
60	45
56	100
56	66
58	49
43	31
78	79
48	6
42	42
34	1
91	1
8	64
49	47
45	70
95	83
70	65
37	49
1	4
83	29
53	73
1	75
32	82
64	48
59	89
