2	200
33	26
64	34
2	5
31	52
36	7
90	88
66	16
63	37
93	51
37	76
86	91
70	51
89	75
28	78
41	26
7	9
86	7
28	79
5	51
96	72
61	39
57	54
41	22
30	30
72	43
10	76
88	50
28	42
57	13
45	27
78	53
12	11
1	82
3	59
88	85
33	43
55	66
15	48
35	17
11	67
45	98
7	98
17	32
22	36
79	87
22	92
6	70
95	9
28	46
53	59
20	72
42	87
10	68
21	22
36	81
7	41
3	78
83	80
46	14
95	70
61	67
80	2
63	41
37	86
72	6
21	89
64	52
48	74
57	20
89	49
11	100
100	99
80	82
90	28
87	15
63	14
52	84
98	53
92	41
25	69
31	35
51	30
61	19
77	51
31	9
24	26
26	46
59	62
68	82
23	81
52	10
99	57
43	7
37	80
54	96
83	16
96	20
19	77
49	71
39	61
5	40
98	79
92	38
89	7
25	37
86	11
18	44
18	21
36	95
87	54
82	98
97	36
27	8
31	6
27	83
14	97
43	62
77	12
13	21
66	6
19	31
55	18
10	73
99	52
2	98
41	55
84	86
80	8
43	62
53	85
7	83
80	43
24	89
68	57
68	6
9	16
30	81
35	52
43	80
26	54
10	79
5	30
42	59
14	57
83	69
70	51
69	81
100	37
51	13
94	22
5	42
85	96
89	26
26	3
51	29
66	64
37	99
76	29
78	51
2	65
76	11
75	100
37	59
48	49
82	98
1	31
86	4
50	68
95	9
41	16
34	11
7	55
4	7
14	70
6	71
60	100
11	30
47	94
68	85
60	31
79	78
21	53
28	36
78	33
49	8
34	69
11	86
32	65
5	20
96	30
45	78
43	12
39	2
20	57
58	56
100	10
50	10
38	57
90	54
27	69
