20	100
38	1	32	42	35	7	31	11	2	2	23	19	18	1	36	11	48	19	27	19
42	42	14	43	50	5	18	44	30	1	29	34	41	25	25	39	38	49	33	10
27	49	22	13	27	30	35	6	10	18	11	30	16	17	38	47	37	40	43	31
39	37	31	1	23	40	28	44	26	47	23	50	37	17	43	43	20	2	17	20
20	12	35	13	40	50	19	25	38	29	2	49	7	3	21	41	19	21	41	38
3	42	30	13	46	12	44	49	25	45	27	36	23	23	11	27	3	18	12	24
22	4	7	48	46	24	43	35	46	2	25	50	12	30	18	29	32	23	18	29
6	20	50	43	3	17	26	34	42	45	38	1	10	17	16	49	36	33	17	22
19	10	3	23	21	28	25	44	6	33	45	31	1	34	18	2	4	15	46	30
48	10	43	2	14	24	40	45	14	20	43	50	6	46	10	47	18	28	22	25
42	33	29	9	50	8	1	27	49	15	45	22	37	38	24	10	17	2	9	48
38	30	31	37	40	46	26	5	24	22	35	27	43	21	38	16	32	34	3	7
24	14	46	49	25	22	13	18	22	50	30	17	19	24	38	12	2	43	19	4
33	46	3	28	31	18	29	17	1	9	29	33	49	3	25	24	35	33	12	19
34	8	34	25	42	19	9	19	33	26	15	39	15	49	25	29	11	19	19	7
43	47	17	14	21	47	18	17	50	14	28	20	31	1	21	25	13	29	37	13
10	10	34	25	44	40	19	1	28	47	13	17	14	5	27	38	41	20	4	45
1	43	20	19	49	46	9	15	29	50	17	33	32	7	48	33	13	43	21	32
29	18	39	4	2	12	6	26	24	34	34	43	25	43	12	17	41	15	27	49
32	4	22	29	30	30	35	8	7	44	25	49	50	23	16	34	5	16	18	37
41	33	41	46	17	24	9	40	46	32	43	49	16	22	50	25	46	11	24	22
27	48	19	31	9	35	44	3	27	28	13	25	47	40	9	50	13	27	12	7
22	46	13	26	2	27	33	28	23	41	39	45	43	47	11	43	14	11	37	32
31	7	14	18	19	18	2	27	14	1	13	19	49	18	50	32	36	43	29	32
2	17	30	36	39	19	33	1	30	16	36	3	41	30	27	16	33	45	8	34
26	7	14	23	29	21	46	25	48	29	8	21	32	5	30	15	27	28	29	1
36	2	48	49	15	11	29	19	41	34	50	41	36	46	7	46	3	8	7	19
23	8	3	1	9	15	21	36	1	13	40	5	16	7	48	24	9	16	8	19
42	27	34	14	29	17	35	37	49	35	12	20	21	11	28	29	49	47	40	50
40	43	19	29	45	46	26	30	48	33	37	38	50	39	28	46	24	40	22	43
31	34	38	16	1	20	34	6	30	20	26	12	26	8	29	49	9	6	19	34
41	6	39	16	48	25	20	33	33	32	5	9	25	48	20	7	6	3	29	25
12	20	50	28	8	26	12	43	10	29	38	19	22	39	2	25	45	22	19	27
1	2	23	48	16	17	38	29	38	23	44	6	27	44	23	21	6	11	9	23
13	28	24	5	45	37	38	37	46	46	12	34	34	3	25	10	48	3	13	41
38	34	5	38	36	32	42	28	16	31	19	35	14	47	14	24	29	19	4	29
30	1	33	43	11	10	23	25	20	13	24	4	48	18	35	29	23	37	20	13
45	10	22	15	27	28	21	38	39	1	32	30	50	35	11	38	2	12	27	26
10	18	9	3	8	16	37	46	13	35	1	43	49	41	35	20	29	18	17	34
40	35	36	19	32	45	4	14	8	47	28	11	10	44	4	27	2	19	8	11
42	25	25	4	50	40	31	10	50	42	9	35	46	43	37	25	32	40	22	14
12	23	39	17	8	41	33	6	38	8	19	11	10	6	43	15	11	32	19	42
15	45	15	17	38	44	16	17	7	29	46	13	47	45	50	19	36	9	47	10
8	25	23	42	23	49	25	41	1	22	15	50	21	31	50	18	8	23	29	14
25	16	49	9	13	7	14	16	7	24	30	2	35	10	35	40	23	23	44	40
20	25	17	36	15	46	42	17	46	32	12	14	31	33	35	42	26	14	30	17
35	9	35	28	43	13	16	12	46	10	45	36	30	40	45	50	50	14	45	18
15	47	21	25	12	16	22	3	25	43	14	9	44	27	5	11	41	39	43	2
31	31	22	36	38	26	35	41	39	36	43	12	20	13	3	39	39	10	16	28
42	13	37	4	46	36	43	3	36	35	9	11	22	44	37	34	26	35	37	37
32	31	14	40	50	3	40	31	25	17	22	32	23	16	10	18	44	18	40	2
34	33	6	4	27	32	40	26	26	19	13	5	23	30	46	11	50	48	4	44
47	12	28	20	14	28	39	7	34	20	41	8	45	36	3	50	26	10	13	19
13	14	6	6	4	17	9	43	20	50	18	46	15	47	6	22	5	37	41	49
44	34	43	6	29	5	11	38	27	47	36	40	36	36	32	33	7	23	16	47
20	46	37	35	2	45	44	48	30	32	45	39	20	15	26	29	22	50	28	50
7	21	17	23	14	29	11	30	16	24	16	33	22	45	29	48	47	9	4	35
12	13	8	46	2	48	21	21	11	3	11	7	45	17	40	50	30	15	21	24
35	15	33	7	16	13	18	26	36	28	32	14	46	44	39	45	14	21	22	17
9	40	20	14	13	9	38	5	5	30	18	33	39	31	1	47	30	1	30	39
31	46	36	33	21	48	12	2	29	46	36	10	44	4	15	45	45	20	44	8
26	13	21	6	11	50	25	16	44	42	15	13	41	33	37	14	5	38	43	16
48	36	27	10	44	9	40	35	16	6	3	11	8	23	14	19	25	30	23	22
23	47	9	37	31	24	19	11	18	2	41	8	27	29	10	40	36	12	13	2
10	41	50	38	39	4	5	19	19	19	39	26	15	22	43	2	28	41	29	20
40	29	18	15	16	45	35	29	13	24	33	14	17	21	12	33	47	21	48	28
19	1	43	49	13	16	43	5	36	9	13	46	33	43	12	31	24	35	23	45
19	27	6	46	36	26	9	45	10	11	5	7	43	2	1	40	37	19	2	1
2	30	43	5	11	38	31	25	9	31	10	13	49	4	9	43	45	48	14	38
7	49	46	26	4	7	4	32	42	23	45	5	34	22	43	40	34	1	35	48
45	34	36	29	2	43	8	39	44	9	45	40	6	14	44	3	35	18	2	4
35	50	33	37	37	5	29	28	11	20	10	44	13	16	44	24	14	17	24	12
50	15	38	34	28	6	50	20	29	41	5	16	50	31	14	45	1	49	43	47
14	31	28	25	50	2	28	41	21	21	39	19	44	40	5	21	12	50	10	32
6	10	50	21	15	44	45	32	2	49	23	16	25	28	48	20	37	14	35	27
29	10	49	8	2	36	22	10	26	44	34	2	39	11	42	5	32	8	10	6
8	46	39	23	49	24	45	17	43	36	34	49	16	34	4	47	11	42	20	30
23	35	6	9	15	22	27	14	36	44	39	30	4	29	20	33	21	27	10	28
42	5	18	41	10	35	36	6	8	46	44	40	38	31	33	23	40	30	8	28
47	31	32	50	48	5	45	37	15	21	26	35	32	43	38	18	17	16	49	31
36	22	7	41	50	49	42	24	46	47	44	42	19	33	31	11	24	19	44	6
41	49	41	37	20	10	9	46	43	16	7	25	32	28	42	26	25	41	50	50
13	21	41	19	28	34	16	49	12	27	45	49	23	44	40	37	32	20	21	40
40	46	31	31	40	19	11	42	42	6	37	34	19	44	43	20	8	23	9	36
45	10	35	17	22	9	3	39	38	6	45	5	20	10	10	17	41	11	29	10
24	24	8	7	41	11	30	29	1	21	29	10	11	35	46	30	12	15	10	32
17	23	4	36	11	32	14	9	35	26	30	48	44	50	13	21	3	28	27	11
29	24	38	18	27	36	45	35	15	30	6	26	2	48	43	2	21	22	46	9
48	21	44	25	42	32	16	11	23	26	28	35	39	49	3	43	35	37	10	26
38	29	45	6	21	4	47	47	8	11	50	32	32	18	13	9	31	14	27	46
20	34	13	39	3	22	38	3	45	1	18	35	12	21	22	19	26	39	4	38
35	20	4	12	26	46	3	21	36	45	13	21	10	14	6	5	17	6	4	50
16	44	3	8	44	16	20	12	47	45	33	42	10	39	11	1	30	1	14	7
19	17	17	50	38	47	25	49	15	18	3	21	36	5	22	42	18	47	19	10
27	42	25	42	13	21	12	21	4	6	25	16	43	47	31	50	28	3	20	48
42	22	47	30	42	12	7	6	17	20	33	34	32	4	30	28	42	25	37	18
36	4	45	10	43	37	29	39	24	23	14	15	28	22	19	6	45	46	1	1
14	6	5	35	23	42	34	39	18	3	8	3	17	2	13	38	27	37	37	5
34	18	33	45	6	19	7	11	36	25	33	47	25	36	4	30	50	11	37	2
3	41	22	21	15	12	49	26	10	32	29	8	9	46	18	46	24	10	29	5
