5	200
25	58	96	48	35
52	54	21	66	99
95	98	38	34	65
25	78	10	13	14
63	58	9	9	48
90	59	32	55	78
91	85	42	8	15
63	3	17	2	2
12	5	23	18	87
96	85	66	92	39
81	80	64	13	98
67	50	87	100	46
94	22	66	88	8
11	56	31	19	2
22	61	9	11	2
59	35	91	23	53
6	94	41	16	97
11	21	29	10	48
14	17	17	57	9
90	39	35	11	77
40	55	47	91	18
20	72	54	12	40
32	59	65	48	41
100	82	50	91	97
90	27	21	72	89
6	45	52	2	12
20	1	81	47	14
51	47	51	99	77
40	68	18	70	16
55	53	70	17	9
9	90	44	14	87
13	34	75	3	13
76	21	52	100	21
32	79	18	34	90
53	32	52	15	58
22	10	52	56	34
53	75	36	94	4
30	57	67	60	1
18	73	49	87	1
20	17	19	49	85
76	35	37	28	56
77	39	30	57	66
4	83	19	69	60
2	85	59	96	92
75	13	59	33	72
81	84	66	14	39
5	91	3	72	58
19	39	9	38	28
92	28	10	94	98
36	54	80	27	100
35	59	24	58	10
64	76	4	56	75
94	74	16	19	62
13	80	47	12	42
64	77	21	69	100
48	3	66	36	37
28	4	39	15	4
46	68	45	63	94
43	35	53	63	34
18	12	92	33	85
57	7	69	86	36
59	38	55	58	62
61	11	69	20	48
90	35	2	15	16
46	35	85	18	99
29	24	59	35	82
36	12	33	51	80
22	36	54	79	46
8	13	88	1	34
33	67	34	16	45
84	11	78	18	39
22	22	51	87	8
35	80	21	76	27
50	78	18	40	26
55	82	23	70	8
33	48	84	85	67
62	90	43	91	99
26	34	16	12	59
100	85	67	72	11
29	93	12	75	84
55	50	95	90	91
2	88	9	10	7
75	39	67	21	46
46	37	31	78	1
16	63	6	82	26
70	15	52	59	80
41	36	10	2	12
13	96	54	100	97
38	26	6	6	84
62	18	46	27	66
92	63	35	74	68
93	45	13	64	21
87	37	50	31	67
39	29	66	9	33
50	84	31	81	64
90	57	100	98	65
52	70	25	94	89
78	2	36	34	20
68	83	90	80	10
2	77	76	40	46
33	53	37	94	16
8	33	54	11	78
36	46	16	100	69
18	12	56	43	89
37	93	33	90	66
68	95	51	71	62
14	82	61	53	32
100	33	32	79	81
46	49	26	57	84
23	68	90	11	92
90	21	34	51	9
41	21	48	29	49
14	82	83	49	65
55	85	64	69	69
86	81	78	62	43
89	68	76	6	43
1	5	41	79	73
93	48	10	45	92
80	85	4	31	67
65	67	77	92	29
39	5	22	42	7
10	44	72	8	20
73	45	42	86	48
10	42	4	77	72
7	75	19	77	90
1	77	48	96	79
23	92	85	77	5
97	83	99	73	63
50	77	3	25	20
36	44	18	83	58
24	63	100	20	23
64	86	45	53	7
33	96	77	30	98
81	60	66	82	52
28	43	32	14	23
31	73	95	58	55
58	60	65	38	55
60	92	65	55	42
11	38	47	67	31
54	1	74	27	39
76	78	37	31	31
81	32	86	98	92
91	91	87	98	49
74	31	39	75	38
89	96	11	40	42
90	97	65	84	70
30	100	69	20	80
80	23	35	8	75
29	6	68	63	51
21	51	49	18	58
23	63	99	89	50
80	68	97	90	41
84	67	3	29	63
92	23	68	19	70
51	97	31	1	10
84	29	48	90	21
39	49	48	26	47
68	1	80	71	100
13	26	45	68	91
62	4	39	1	60
98	84	30	49	7
27	32	99	80	67
51	20	8	69	2
36	20	77	82	95
91	44	98	20	58
25	52	64	11	48
80	90	48	30	24
56	20	100	19	21
36	3	100	4	49
93	18	77	66	56
43	27	57	6	69
55	87	10	91	82
75	69	89	32	87
62	73	78	46	47
16	21	58	62	60
88	44	94	72	65
8	75	98	55	6
54	34	42	62	69
70	11	9	38	46
67	15	69	18	88
20	41	31	20	40
23	69	95	47	82
12	94	39	27	75
100	72	34	26	34
28	32	17	77	77
6	12	21	17	93
74	75	77	84	45
68	45	78	16	84
85	39	95	80	58
77	72	83	63	46
96	82	43	84	60
89	24	55	43	35
11	48	78	55	9
37	17	55	82	8
56	95	18	43	49
90	37	37	20	1
34	30	59	72	98
92	33	93	25	57
44	90	35	81	73
37	61	41	72	22
