2	100
54	93
58	4
21	56
100	91
90	10
24	90
79	61
20	58
6	24
39	9
81	40
17	21
36	24
30	34
29	41
21	51
64	61
23	3
66	13
70	26
100	19
27	32
68	2
58	94
96	33
38	80
8	19
19	15
77	38
68	97
26	67
62	49
89	73
26	19
39	18
93	93
54	13
9	63
13	86
54	35
66	37
38	96
4	42
44	46
42	9
27	28
45	73
100	34
57	78
43	95
76	40
56	79
41	45
26	95
10	57
2	91
84	34
32	90
30	67
45	48
30	81
78	30
91	66
48	82
13	76
6	35
44	59
59	27
82	59
56	60
17	49
36	86
8	37
45	12
42	11
4	91
34	96
66	96
63	26
89	76
98	45
82	35
52	67
48	25
76	5
8	71
11	86
31	81
45	93
23	55
22	37
40	3
72	15
2	48
94	64
65	57
71	81
62	73
68	2
34	41
