20	200
79	14	69	65	96	24	59	99	18	20	8	3	60	27	10	37	75	18	67	60
14	19	65	27	99	61	29	6	74	82	36	65	66	61	13	48	3	47	25	32
80	29	38	38	34	31	54	91	95	44	86	11	73	97	64	60	49	43	67	35
95	54	25	36	84	43	37	100	15	63	34	28	94	36	80	85	82	28	93	69
8	38	12	31	97	26	93	70	98	53	100	61	81	90	37	27	4	2	55	92
94	55	77	33	10	58	18	37	18	79	79	22	50	99	28	57	43	95	40	58
50	68	3	62	64	73	47	4	99	54	81	80	74	1	75	54	62	79	21	40
9	57	53	19	74	79	11	83	62	80	85	10	63	97	43	27	53	15	70	38
11	14	38	65	98	100	48	49	24	75	95	64	74	100	50	94	16	84	88	85
62	65	42	19	69	72	17	77	59	49	1	48	10	83	29	95	19	89	21	75
31	62	59	88	86	22	36	64	47	49	11	69	27	85	76	47	72	20	96	27
83	72	91	76	74	48	54	91	72	55	76	28	64	14	55	100	6	55	34	48
37	54	31	11	38	33	21	26	8	82	24	100	93	95	93	60	72	84	14	38
68	45	92	92	74	84	5	14	30	76	42	18	86	48	91	30	41	80	38	41
28	28	84	90	32	77	35	70	22	96	29	22	41	97	80	92	62	39	37	55
28	8	96	32	41	7	14	46	4	63	19	92	46	73	11	40	61	3	60	98
49	36	93	35	48	20	77	90	68	99	68	2	43	84	14	20	33	53	50	26
63	90	66	59	77	37	77	68	87	41	31	60	79	40	7	93	15	61	84	21
30	25	78	6	96	17	49	62	60	91	8	9	53	35	35	59	70	35	58	12
44	9	3	28	69	8	24	4	78	22	5	72	69	29	97	39	13	61	64	61
88	15	9	96	33	23	7	45	6	48	23	81	4	73	78	21	22	50	37	88
94	46	85	39	86	36	41	25	39	97	47	10	72	98	24	29	1	7	95	47
2	79	98	30	100	25	69	96	51	76	17	63	24	76	67	42	30	70	11	98
82	83	7	9	2	13	10	6	49	49	21	15	56	91	87	15	49	56	40	62
68	45	74	63	81	84	86	96	31	83	100	31	97	98	65	19	73	89	28	87
15	64	47	3	56	2	8	33	90	53	94	75	31	50	30	38	9	44	29	18
27	15	75	67	50	90	19	58	27	68	43	60	28	53	47	5	98	72	8	79
77	54	6	79	89	26	1	47	68	27	11	29	61	10	61	100	89	81	54	66
83	50	6	23	10	35	47	78	3	26	40	38	36	50	42	74	9	96	78	24
89	72	90	1	58	14	100	18	93	47	16	18	18	43	96	27	48	83	69	55
79	23	45	43	87	73	94	11	69	87	92	93	3	30	77	12	61	6	66	97
35	29	86	56	10	23	20	94	55	16	26	26	27	24	46	67	28	47	14	85
21	89	50	6	56	23	16	89	66	85	67	43	18	73	20	50	38	89	34	65
53	100	57	53	62	66	66	80	84	11	84	14	92	81	77	47	80	80	1	87
8	31	29	70	50	83	9	55	4	96	30	39	14	50	33	21	33	97	45	91
58	37	5	56	1	53	51	37	96	74	71	58	89	48	57	22	72	87	4	79
57	11	76	89	82	46	1	43	49	57	14	84	36	10	30	72	26	74	70	97
33	73	60	30	25	72	51	66	93	11	49	47	93	66	34	47	61	17	74	56
53	9	88	40	61	88	22	79	19	86	96	99	18	8	47	85	52	46	64	10
95	35	50	38	8	67	91	70	77	84	11	10	100	14	44	24	85	20	70	38
51	73	48	8	16	51	29	86	20	50	95	15	53	65	62	18	60	50	33	94
97	52	3	36	75	86	100	4	64	23	100	32	77	27	60	22	88	42	23	57
38	6	51	27	89	96	58	35	53	26	64	36	88	76	41	99	71	13	33	30
52	26	22	97	51	63	39	26	6	41	31	18	28	76	56	92	2	76	47	80
29	65	52	39	59	65	44	1	86	62	51	75	9	94	5	13	85	55	76	26
57	32	29	13	96	47	9	12	21	50	97	96	67	54	1	87	74	84	38	87
19	39	41	45	90	56	10	34	71	44	7	48	100	21	23	97	37	40	43	13
57	33	81	36	65	56	9	56	93	19	40	2	17	90	7	19	91	84	23	40
37	75	41	77	43	50	96	46	32	5	51	35	41	25	31	87	59	5	81	34
47	55	42	53	4	6	31	11	14	4	6	53	17	4	76	82	92	4	93	15
61	64	24	89	68	6	62	92	60	21	61	87	4	89	93	83	34	89	74	38
19	86	33	28	99	99	18	37	50	49	96	55	13	66	74	84	31	53	85	99
45	40	51	94	44	20	49	28	11	93	49	4	31	56	97	75	32	96	91	70
88	25	43	11	26	6	74	39	16	10	53	81	4	75	94	80	35	39	85	79
50	90	26	57	1	93	25	57	70	100	53	36	63	16	11	20	98	40	69	38
46	11	13	2	41	69	100	57	62	17	41	93	11	12	20	99	99	86	11	34
82	17	69	16	58	18	18	88	64	74	83	95	71	47	33	40	77	25	16	32
93	69	95	53	60	60	25	51	96	13	21	12	30	36	57	29	42	97	45	24
51	13	93	89	35	46	22	65	80	81	23	75	71	79	41	13	23	17	57	98
94	67	93	52	54	71	66	36	90	4	99	80	81	93	81	81	76	7	18	14
38	60	72	16	91	46	42	51	95	45	7	26	40	47	31	85	20	42	35	64
80	87	75	77	83	43	95	78	98	61	37	16	99	44	60	34	95	77	62	8
30	16	42	46	97	74	40	34	63	97	61	35	72	54	35	52	85	96	34	48
52	64	53	34	8	92	27	97	87	97	90	43	81	28	35	64	46	30	80	10
3	62	16	2	1	3	44	45	9	9	49	100	44	14	57	66	64	8	38	5
47	43	47	66	7	18	55	45	20	72	7	55	16	25	46	91	49	51	33	6
49	82	89	79	49	90	100	67	72	69	1	38	93	76	63	60	15	50	95	83
48	100	26	38	3	94	85	20	69	67	17	13	75	33	57	66	55	69	18	18
19	88	73	51	72	69	63	41	62	86	76	100	57	50	58	49	56	52	77	55
6	80	99	6	52	88	63	60	19	98	6	47	33	78	65	60	27	76	66	34
31	45	58	83	91	18	57	26	75	8	10	3	93	64	12	39	89	68	99	85
7	3	22	65	80	30	67	79	86	99	22	81	86	43	24	62	23	17	16	35
31	38	86	11	88	3	54	70	66	26	71	60	77	82	28	29	23	93	3	61
52	78	40	77	86	29	18	50	40	51	17	73	53	65	54	70	18	11	77	78
77	98	14	61	28	63	4	4	16	96	39	30	14	55	84	53	98	10	25	60
86	4	30	15	9	98	8	13	29	58	11	12	16	26	85	54	65	80	50	24
25	14	35	45	13	88	60	98	82	1	72	9	87	18	92	73	69	99	52	30
56	91	76	58	85	27	14	88	71	30	88	19	60	2	35	73	70	85	2	22
39	10	32	28	87	3	26	99	35	13	85	67	28	20	69	35	38	77	60	87
74	73	28	52	14	53	49	85	84	20	3	84	97	31	92	46	60	48	71	83
1	16	54	58	45	22	91	41	34	1	35	94	25	16	48	67	83	81	15	35
55	42	15	16	11	2	70	98	29	24	75	90	6	78	86	59	19	70	7	92
63	9	52	84	85	10	59	81	83	25	63	80	34	37	29	60	2	39	48	44
53	93	12	11	26	45	88	48	31	90	48	13	74	23	72	46	90	31	31	1
43	89	16	4	61	96	57	69	50	26	58	81	23	64	40	70	98	42	58	41
22	12	51	94	78	50	6	12	66	83	70	71	8	47	1	64	78	8	50	30
89	20	98	5	33	67	91	11	84	3	49	49	74	91	80	32	39	23	27	11
91	46	4	68	56	87	73	76	63	76	93	90	92	28	52	3	14	46	61	11
60	95	28	63	34	22	98	18	68	70	26	55	81	40	40	44	16	31	49	46
95	16	49	9	10	59	58	46	39	78	18	93	62	16	51	97	18	41	34	35
90	55	9	94	50	38	10	52	89	9	87	84	97	16	17	45	46	20	53	75
65	53	80	91	52	34	94	66	89	44	26	75	97	15	56	40	7	56	59	73
50	6	57	30	91	35	96	46	100	7	51	99	88	59	71	38	76	19	42	17
44	45	64	46	84	13	87	83	61	77	38	91	62	81	26	59	96	50	1	18
38	49	66	83	94	28	87	39	44	18	65	89	14	42	29	6	43	12	47	78
49	14	86	23	69	60	38	8	34	13	43	26	18	25	80	96	79	81	53	57
26	49	39	43	13	50	78	20	53	20	17	84	4	23	70	24	63	44	14	34
91	80	5	32	76	39	71	89	63	33	28	62	60	90	53	100	75	43	11	20
82	18	55	15	96	59	22	96	56	56	34	36	68	19	67	46	45	8	68	75
79	89	58	20	93	55	25	14	71	70	50	21	33	94	53	73	25	90	36	17
18	76	34	7	100	93	94	42	24	7	56	68	76	37	42	93	61	36	23	41
34	8	26	86	7	13	3	74	67	94	22	55	72	51	58	4	56	51	21	100
61	84	91	64	14	83	45	97	53	60	12	90	68	95	84	10	50	48	100	87
90	21	75	30	86	2	96	25	79	38	38	10	16	23	81	51	18	62	73	25
68	6	22	7	83	32	88	78	68	48	54	8	52	34	11	41	9	61	79	13
87	21	18	15	22	2	75	45	15	34	92	88	76	76	19	85	100	69	48	54
15	19	58	32	84	30	59	82	13	40	42	57	83	60	38	48	88	7	85	82
58	43	63	35	56	66	32	77	15	26	42	41	14	26	99	69	63	87	31	92
43	93	33	75	92	36	6	17	38	72	97	93	84	66	96	73	56	24	76	18
98	83	68	87	99	1	44	58	61	70	86	1	76	93	39	66	10	88	43	21
61	16	39	44	30	49	58	48	31	27	13	40	11	13	95	61	25	47	77	92
92	48	56	68	86	97	17	91	28	30	63	69	81	56	58	83	44	24	58	50
44	97	27	35	57	46	90	63	99	79	42	63	11	52	30	14	61	71	58	33
33	68	20	2	64	45	59	56	56	12	17	1	90	28	48	95	22	21	12	41
7	54	92	50	88	1	58	30	26	44	22	73	67	25	18	77	77	26	72	13
87	35	8	88	63	41	74	83	4	35	93	40	60	18	27	79	76	71	14	63
87	30	31	12	91	44	35	66	11	72	19	96	50	99	55	73	47	5	87	48
28	75	26	92	52	82	13	50	98	39	1	6	13	9	26	58	4	96	97	19
6	9	73	33	17	97	91	62	64	55	32	72	84	66	36	12	4	40	60	9
31	86	68	72	71	13	84	41	73	97	69	52	8	69	42	20	3	94	75	56
92	52	87	43	8	30	23	47	73	15	54	65	36	89	88	21	41	1	62	5
13	50	89	67	87	80	65	16	24	17	10	11	65	5	17	79	100	25	65	42
90	38	69	59	44	4	16	19	81	22	79	3	32	70	43	42	64	21	57	28
66	8	23	57	5	44	1	32	73	9	22	16	37	21	15	76	82	30	23	84
65	46	35	3	38	7	79	95	62	75	16	79	69	37	77	83	15	12	54	1
4	85	47	72	1	64	67	12	56	68	61	35	98	73	64	20	73	21	19	99
65	6	70	98	94	43	47	100	44	33	61	70	76	22	81	80	99	63	2	75
41	67	40	95	15	81	82	97	74	57	11	95	93	56	36	98	15	50	78	59
17	67	68	24	8	91	60	76	93	84	21	10	19	45	58	99	66	76	83	14
62	51	27	88	22	66	77	20	87	83	65	50	85	44	58	74	99	17	87	25
21	6	4	90	36	1	77	49	99	38	33	40	67	65	98	66	41	81	2	42
14	41	90	10	20	72	26	75	87	84	100	49	89	59	93	56	47	37	52	22
90	29	22	50	51	26	83	21	47	92	33	18	16	46	11	81	17	95	70	65
75	2	62	15	38	84	51	9	72	42	20	4	30	80	52	86	20	41	60	94
89	6	28	95	52	82	34	43	48	13	40	53	67	87	47	88	67	7	12	67
75	74	49	6	73	30	89	36	95	26	62	77	35	76	77	70	74	68	64	56
51	8	61	60	3	67	37	44	34	64	20	13	29	93	20	15	57	23	23	22
94	98	49	23	51	64	18	91	11	77	15	100	44	57	17	68	14	89	3	7
93	46	3	31	6	50	48	43	57	62	14	52	46	42	62	53	59	38	10	40
50	46	34	57	50	20	69	72	76	53	2	68	21	16	30	49	95	19	17	2
16	75	35	49	64	64	55	3	95	65	9	76	80	64	58	47	13	47	81	87
81	76	68	5	61	46	32	30	12	14	59	40	21	9	24	75	12	85	93	87
66	66	78	12	44	26	89	57	59	84	37	49	39	31	21	40	8	30	88	19
33	26	91	82	7	69	55	72	40	83	35	28	54	94	21	15	99	56	62	35
57	75	71	29	77	10	2	91	89	85	67	83	97	75	55	41	76	97	6	75
72	18	17	76	49	9	95	45	11	6	42	52	69	54	62	58	55	63	5	97
67	65	83	56	17	53	31	79	40	80	40	3	51	87	64	40	58	95	81	68
15	58	80	84	43	15	14	44	14	98	86	14	92	9	9	7	35	62	60	96
79	16	6	31	66	39	2	83	90	22	100	61	82	37	82	10	85	100	13	3
39	88	66	43	94	27	11	42	79	57	6	97	35	85	90	99	53	49	18	5
14	32	54	92	98	26	32	56	28	99	22	35	49	58	58	91	51	63	38	39
29	60	5	34	17	4	26	98	47	83	58	36	83	9	89	7	34	75	45	69
96	56	15	80	35	71	49	78	28	99	49	90	12	79	77	54	28	21	75	94
100	34	9	45	42	86	53	41	69	51	57	76	18	69	44	73	46	25	99	47
56	49	70	49	35	69	25	4	33	36	80	14	100	51	69	62	48	70	39	49
19	8	9	78	42	73	72	43	36	4	9	4	22	29	39	52	64	61	11	74
62	49	8	34	72	44	77	67	100	82	26	76	87	50	28	48	40	93	7	62
97	82	68	29	28	76	93	71	13	18	98	87	60	66	88	70	1	76	7	99
97	5	43	54	79	33	17	73	2	92	12	71	54	50	77	81	82	79	7	96
52	6	55	83	84	39	16	22	63	59	48	64	87	8	65	93	39	15	51	95
59	20	70	21	7	27	34	11	89	8	89	22	70	11	48	91	50	61	70	40
18	96	11	43	45	48	85	46	85	85	42	67	29	12	37	32	36	35	76	58
6	6	33	55	71	26	95	77	61	74	43	78	45	12	77	64	10	28	77	59
43	88	26	5	66	22	93	58	75	17	56	16	86	13	34	13	64	56	73	19
54	9	86	11	42	64	23	17	36	74	22	9	58	18	15	19	80	28	89	49
33	37	2	45	19	28	93	33	78	65	100	55	55	58	6	35	2	16	64	2
100	77	23	2	95	47	58	68	98	15	33	36	67	24	86	17	7	42	93	15
72	91	39	71	74	68	54	1	13	81	17	64	65	87	50	57	15	1	50	72
70	25	35	63	33	65	88	31	73	89	29	61	24	49	31	10	38	53	28	28
93	58	56	18	99	69	71	80	75	29	3	6	92	21	46	47	56	76	39	9
80	24	28	25	53	56	41	16	57	40	20	62	74	23	80	12	70	17	65	64
94	9	56	44	86	23	69	4	4	85	54	62	15	19	48	70	31	32	66	43
29	56	24	35	10	41	33	70	41	34	77	40	12	75	15	72	68	85	39	30
87	38	12	72	87	59	48	55	75	10	82	39	51	23	36	39	85	21	35	45
90	100	63	70	8	14	51	40	4	76	3	46	93	37	56	91	44	52	49	52
94	79	96	31	53	39	90	90	40	77	88	47	51	94	40	88	76	42	65	73
8	9	51	99	8	36	46	15	67	45	96	34	73	84	52	12	5	32	18	69
25	61	100	28	89	56	96	100	97	69	16	2	87	77	44	85	29	97	23	17
94	76	23	96	82	54	75	67	42	29	84	44	25	97	48	47	10	23	10	53
41	47	18	99	29	94	47	96	40	68	84	8	9	1	76	50	38	4	47	36
82	29	58	69	85	73	77	91	29	97	76	6	87	71	77	48	58	25	67	88
8	79	28	75	46	76	35	25	21	99	10	6	76	75	71	12	89	50	14	57
18	57	68	44	92	78	22	38	24	28	92	14	38	60	28	4	2	84	24	9
38	53	70	30	88	71	30	12	1	66	59	9	12	10	70	52	11	84	83	68
55	97	2	94	7	96	68	17	47	67	11	5	27	5	20	65	87	38	57	22
48	10	38	58	69	84	3	29	90	77	94	18	2	56	54	41	52	77	23	92
3	14	65	34	56	55	83	7	90	5	65	73	28	61	21	46	60	44	25	24
94	40	28	70	74	93	4	71	52	80	14	11	16	65	19	35	45	4	3	15
1	96	39	85	13	21	90	41	36	9	81	8	53	100	98	64	86	95	61	63
51	12	56	11	92	55	58	64	42	86	1	57	41	10	23	99	2	43	58	53
3	64	36	43	99	6	58	16	67	56	49	51	43	40	65	90	41	28	94	58
64	27	99	50	8	25	67	43	77	100	63	44	38	8	61	88	77	13	13	86
97	42	97	87	38	51	14	2	46	34	58	74	50	100	90	77	65	86	36	75
39	16	40	67	94	6	13	35	80	77	13	29	16	8	62	22	30	13	13	58
11	66	98	43	43	89	94	38	19	84	23	91	78	39	47	82	2	30	94	33
38	79	23	69	21	30	59	42	39	68	47	53	74	78	64	74	18	98	25	5
12	76	17	96	55	23	51	78	62	81	20	100	19	81	20	32	43	30	22	14
31	52	100	51	37	71	17	100	75	74	64	5	6	89	21	63	63	28	14	99
79	81	81	59	48	47	34	94	59	32	31	89	76	12	75	61	77	67	59	85
6	52	3	89	17	16	95	31	60	57	70	16	16	24	35	50	71	42	3	91
