2	200
4	27
46	45
37	29
28	21
27	36
46	26
42	15
14	2
42	49
28	43
13	21
48	26
49	38
45	41
1	32
38	46
8	33
21	8
10	27
45	28
1	19
21	26
44	47
27	3
17	49
49	45
15	49
12	33
29	21
46	50
34	37
20	45
48	1
19	9
45	6
42	16
4	50
43	45
1	22
32	2
11	42
24	2
34	44
31	10
21	38
30	39
31	45
44	14
50	26
29	43
29	18
9	12
8	34
42	16
6	18
33	7
39	45
39	43
14	18
11	5
21	9
39	7
27	4
35	10
7	30
46	25
44	39
23	44
34	13
45	1
3	15
4	3
6	23
1	37
7	2
1	32
16	24
23	20
30	2
35	4
49	32
10	27
23	9
13	50
22	46
10	1
23	11
3	6
6	36
2	4
3	49
3	5
29	14
9	21
17	4
15	32
28	41
2	21
6	28
31	48
11	1
16	12
42	50
10	6
21	17
15	44
1	31
2	1
30	5
48	10
50	43
34	18
31	29
23	32
9	33
1	29
6	5
44	3
33	42
14	29
4	4
50	50
39	21
31	48
40	2
42	2
30	21
49	19
17	48
31	14
27	29
47	39
17	37
39	47
37	49
18	38
41	20
6	46
43	35
29	11
48	26
42	8
42	49
49	35
6	26
37	36
12	50
2	26
7	12
33	3
33	35
11	42
34	4
11	10
15	3
26	33
19	21
17	2
37	40
47	19
38	4
41	12
13	32
26	42
18	31
39	32
2	27
29	13
16	1
24	38
39	39
21	4
1	4
18	42
34	1
39	18
15	15
16	29
45	50
30	3
28	20
43	34
15	44
31	42
43	4
37	37
17	10
30	49
34	38
11	9
15	35
8	17
43	22
18	38
12	50
19	16
22	21
10	20
47	37
39	7
