10	100
25	22	31	48	23	16	40	44	26	32
30	23	43	49	36	42	3	21	40	49
30	26	48	21	29	28	9	26	19	36
1	46	35	21	20	4	10	45	3	35
36	19	31	35	22	39	2	27	38	14
22	9	31	48	3	50	25	10	20	46
8	14	26	40	31	35	38	22	29	33
32	9	18	6	13	11	45	13	49	40
26	32	39	6	14	42	15	38	18	21
29	1	26	8	27	22	44	42	5	38
1	30	48	5	32	14	42	26	35	43
5	12	11	30	20	27	26	21	26	40
20	1	5	8	4	32	33	11	29	41
18	4	9	12	39	47	34	34	24	1
1	39	3	26	17	18	40	47	38	1
47	24	16	15	18	1	26	41	1	50
31	31	48	44	26	1	4	50	41	24
43	42	47	26	39	32	49	29	42	37
43	37	23	28	45	44	39	44	44	39
21	44	34	24	20	20	42	9	1	16
14	40	6	14	8	5	27	41	27	37
3	48	49	14	8	45	8	20	50	32
13	10	6	2	4	50	9	24	7	20
40	40	28	26	24	4	31	10	21	41
18	48	18	8	37	24	45	20	17	26
12	23	10	20	4	4	34	5	11	9
46	4	35	7	48	13	20	24	41	5
14	49	49	10	14	15	43	49	16	30
5	40	7	31	8	17	31	9	23	20
20	27	49	13	45	14	14	11	11	24
5	22	29	13	12	13	25	1	6	39
12	36	39	31	4	6	47	4	50	31
33	11	2	22	35	38	50	37	15	1
1	32	39	42	26	33	12	45	20	45
43	31	4	34	8	35	38	19	9	39
18	11	11	30	42	44	21	7	28	25
14	38	36	6	39	30	47	48	5	21
45	3	34	6	38	3	8	18	14	1
50	32	28	26	34	41	21	9	1	33
13	5	17	46	32	5	45	48	45	29
38	41	14	39	45	15	28	6	42	40
36	3	44	27	25	32	11	11	23	49
9	38	47	23	9	40	36	39	24	34
8	10	24	36	14	10	18	40	32	19
13	16	18	11	47	10	12	41	22	50
45	35	26	47	20	50	44	42	31	5
30	40	32	9	32	27	30	8	14	16
14	22	30	4	36	44	21	36	26	49
29	46	17	25	39	24	34	27	16	14
16	27	10	27	40	24	34	9	30	21
31	4	27	6	37	24	6	23	12	27
30	8	16	32	27	35	23	8	21	9
43	3	43	50	50	38	12	3	15	12
10	12	7	6	19	26	19	12	38	16
19	12	16	40	35	9	11	28	1	5
2	26	39	21	29	28	11	28	7	49
12	3	8	50	17	18	1	11	13	2
16	11	20	5	41	31	38	4	16	42
27	35	3	10	10	34	24	36	28	42
15	42	5	40	4	16	5	16	23	17
8	1	15	50	40	41	7	34	31	48
41	8	12	15	22	28	50	49	41	33
45	16	33	22	37	25	7	31	2	25
27	22	31	49	35	27	20	4	21	19
28	40	5	30	1	7	30	40	18	27
17	7	26	40	23	43	18	44	13	15
35	26	33	7	22	19	28	13	31	46
9	47	28	22	5	5	11	4	21	31
46	17	13	25	8	20	46	41	27	43
9	26	42	7	34	2	7	49	8	33
30	18	10	23	19	21	29	4	36	18
33	15	23	33	20	19	14	9	49	3
24	37	37	39	37	33	5	22	38	3
48	12	46	39	1	28	8	40	7	38
42	42	6	9	10	44	4	10	37	16
39	49	50	6	9	44	31	21	37	36
16	8	16	33	20	21	20	34	32	42
11	25	2	12	11	32	31	28	29	44
29	46	35	23	15	49	13	40	30	8
48	37	4	21	23	35	27	24	39	40
25	20	28	46	5	15	48	38	45	28
13	4	42	44	8	20	23	44	18	21
8	30	5	25	45	25	21	32	39	27
6	7	39	39	19	10	19	40	18	1
2	26	46	2	45	44	46	11	14	3
12	33	6	19	33	46	16	4	1	31
44	16	49	18	23	6	16	3	25	48
2	33	26	18	20	33	35	3	30	1
29	11	19	36	15	23	1	21	7	24
45	15	40	38	8	37	27	28	30	39
29	43	36	16	2	30	8	39	50	1
11	14	25	1	2	33	48	14	4	50
6	45	47	2	4	37	44	38	11	33
7	7	23	41	22	37	25	3	35	36
16	13	22	6	13	32	41	39	37	25
39	13	25	30	34	34	46	35	13	15
37	20	29	17	45	5	41	34	29	15
8	46	29	19	35	44	24	41	39	23
47	5	2	36	45	44	33	44	8	39
42	41	40	20	49	46	34	6	12	9
