5	100
46	13	32	35	13
38	18	15	39	4
47	12	6	21	40
33	7	12	27	34
33	5	21	36	48
44	34	26	41	23
41	38	36	10	2
38	32	19	23	15
12	18	14	2	26
41	45	4	26	10
16	23	1	49	16
41	43	47	37	20
5	43	25	16	13
10	26	47	20	3
1	39	39	12	23
16	42	19	10	8
50	30	50	31	8
19	37	38	45	11
45	36	32	4	11
19	44	48	39	17
15	48	35	24	10
28	34	40	27	50
50	24	37	29	21
25	43	44	9	45
23	38	3	9	8
15	8	36	1	4
23	44	31	43	43
2	46	27	22	30
36	47	11	45	12
22	49	3	34	37
27	50	40	45	44
28	46	27	17	45
21	48	40	24	28
6	44	45	37	19
29	17	23	29	10
26	28	8	48	37
17	5	3	14	27
23	5	37	50	16
7	20	11	27	10
38	8	38	17	6
28	5	17	16	8
11	28	11	35	18
50	38	29	31	29
16	46	26	47	6
1	7	46	21	12
10	6	47	19	22
19	40	42	42	9
13	39	38	6	17
46	45	2	32	16
19	41	31	49	45
42	33	41	11	5
21	10	47	4	49
5	32	42	14	50
11	47	38	22	17
28	9	20	31	11
7	6	15	5	43
19	26	48	25	31
36	50	31	37	38
3	42	35	8	13
15	3	39	32	6
23	4	9	32	17
34	14	11	1	49
16	46	42	11	31
29	34	17	34	15
11	16	1	35	14
36	25	13	18	47
4	17	33	49	20
16	17	17	9	47
23	39	30	38	22
8	1	24	28	34
32	36	6	17	45
8	3	25	19	31
10	2	43	5	46
49	13	43	41	15
12	17	9	37	43
22	36	13	13	6
36	1	35	34	15
18	12	16	4	13
13	43	48	28	37
21	47	26	43	23
46	9	33	13	22
15	28	19	25	24
22	41	12	13	46
9	17	9	40	29
38	47	39	29	3
20	20	32	50	22
26	11	21	40	11
28	19	23	13	1
40	44	42	31	41
23	32	35	32	29
5	38	36	14	36
49	20	5	11	3
46	46	19	4	48
12	20	22	3	19
41	44	47	39	39
44	6	8	38	30
39	35	50	22	17
39	25	7	5	12
8	14	13	10	6
45	25	38	34	29
