10	50
23	6	36	41	29	22	41	21	39	38
12	17	22	46	16	20	38	28	19	48
35	39	21	26	2	19	20	34	3	10
4	36	17	1	5	21	26	11	45	32
19	24	29	46	42	16	8	31	43	11
31	12	36	42	47	34	35	11	39	10
3	7	19	29	35	26	1	21	41	45
45	27	34	37	29	12	11	26	35	36
11	40	41	42	29	43	1	25	5	21
37	16	23	35	30	13	6	50	12	16
15	37	40	49	17	5	28	49	14	36
24	10	26	3	50	13	16	27	1	43
26	27	17	20	9	29	5	49	8	17
7	12	15	20	22	24	50	43	26	25
15	3	12	20	48	27	40	20	36	17
47	29	49	19	41	39	21	20	40	38
50	30	41	47	30	13	45	7	32	26
14	24	2	27	28	24	16	48	23	32
39	35	14	42	20	28	13	46	29	33
4	30	3	38	25	36	12	15	41	36
32	34	38	10	4	24	28	23	42	18
24	24	48	9	49	15	16	50	28	2
50	50	28	50	23	34	21	14	2	43
13	1	8	38	50	6	47	5	38	46
50	40	5	12	10	31	33	45	39	10
20	12	38	39	36	33	6	39	37	20
4	15	22	50	6	23	16	11	10	44
19	12	13	32	2	11	46	17	40	43
2	27	25	42	23	1	14	19	2	18
1	8	18	18	43	36	19	5	7	37
15	22	36	46	42	9	49	6	37	26
37	39	49	44	19	28	40	30	27	5
9	47	9	43	43	11	45	45	39	16
42	41	10	4	29	30	42	30	1	14
2	9	32	27	31	12	10	24	49	16
47	40	28	3	28	18	13	44	3	32
15	5	17	22	34	47	30	46	16	40
37	11	29	14	3	1	15	33	12	32
2	21	46	24	20	3	13	8	26	12
17	48	27	20	50	48	42	11	43	34
33	14	9	10	30	37	11	15	50	28
3	30	32	22	30	44	9	44	2	32
34	22	21	5	23	39	34	10	14	5
10	5	41	29	49	38	13	36	45	34
42	48	8	49	9	38	17	5	40	6
39	48	10	11	1	12	44	4	38	41
3	2	2	45	18	49	40	3	23	43
32	23	50	19	40	36	14	22	46	36
22	29	20	8	17	12	45	30	29	38
45	9	49	4	31	41	47	13	31	11
