5	200
45	9	30	6	16
39	23	8	11	5
17	24	2	30	29
15	31	48	25	39
9	8	43	32	16
41	21	20	2	14
24	13	4	14	15
9	37	16	29	25
43	35	6	33	43
27	42	39	49	10
12	48	11	35	25
38	16	49	41	25
18	4	6	47	31
4	21	38	16	20
28	16	20	50	47
25	2	10	39	39
50	33	21	43	3
26	3	19	39	27
43	39	25	4	7
39	29	10	2	39
7	4	23	29	32
46	29	11	39	1
36	7	10	3	26
36	33	14	45	6
2	2	50	39	28
40	42	17	43	8
46	43	8	1	33
46	10	43	11	7
48	42	30	38	42
37	29	23	28	22
6	16	15	47	37
5	5	35	2	43
5	12	18	32	6
44	49	10	20	31
27	41	3	38	8
11	23	12	48	41
11	20	39	22	2
30	28	11	14	28
41	26	41	19	3
36	24	48	33	48
38	20	3	48	45
16	14	27	40	27
33	43	37	11	32
36	23	47	31	26
16	38	46	43	40
2	50	34	36	22
37	25	30	50	4
42	17	42	27	36
17	1	22	38	46
49	39	31	37	18
14	28	18	7	33
1	24	11	8	44
16	30	42	18	40
8	14	38	8	41
19	32	20	45	10
15	16	9	47	42
13	20	48	19	9
10	8	24	17	4
18	7	34	33	21
38	10	5	48	39
35	2	23	46	49
32	9	24	48	19
35	15	14	17	32
47	33	24	9	31
50	41	21	5	24
12	48	37	25	23
5	12	12	9	7
12	47	2	20	28
1	35	26	49	19
3	44	18	2	24
5	37	47	17	39
45	32	19	23	37
35	23	49	26	14
24	4	5	10	21
50	31	4	32	30
16	15	22	36	21
19	31	35	1	18
19	15	45	20	13
30	28	30	33	43
29	36	1	36	46
49	39	8	32	24
24	33	16	38	23
30	10	34	2	19
5	38	48	8	45
9	10	35	48	41
23	2	22	39	2
31	14	36	40	22
30	24	4	28	44
37	49	8	48	33
20	45	28	14	39
42	38	44	42	38
40	4	10	42	2
23	11	28	36	43
17	25	44	31	39
31	35	21	15	8
10	3	38	15	21
28	25	8	50	10
43	21	45	3	33
27	14	13	26	22
27	22	22	5	17
46	2	48	26	8
8	18	29	34	28
38	16	46	21	25
48	3	28	27	1
46	30	42	48	13
18	23	45	44	32
39	32	34	49	25
26	28	33	42	3
25	43	11	25	46
11	18	42	2	24
24	44	45	5	21
16	11	50	14	40
36	23	35	3	40
6	33	47	46	50
20	21	36	24	26
4	20	17	3	2
50	31	44	20	8
45	37	29	29	9
16	29	20	2	18
3	8	8	36	40
28	22	46	3	4
4	8	22	29	17
47	45	47	12	41
5	30	15	46	45
20	4	19	37	34
42	1	35	6	24
47	12	31	14	24
29	36	42	17	4
37	16	1	12	13
21	33	8	12	14
23	43	12	42	21
24	3	9	19	13
3	24	16	5	21
35	14	33	38	12
20	38	49	42	8
5	4	7	25	14
10	44	23	43	1
4	50	40	44	1
26	27	24	5	1
13	50	47	42	29
8	50	20	1	44
36	44	21	34	16
21	46	35	6	3
10	2	23	4	17
35	25	40	38	36
43	15	45	42	45
5	7	16	47	6
11	24	22	49	16
10	30	7	28	30
30	43	19	2	42
12	27	43	25	44
34	10	32	15	2
21	50	29	39	12
14	31	39	50	43
37	30	25	38	7
5	19	13	9	7
1	46	44	1	34
29	15	41	3	23
1	42	8	48	45
11	1	18	16	16
50	4	20	9	5
32	3	5	19	39
15	47	24	9	1
26	7	29	5	34
50	40	36	27	43
46	23	27	44	47
4	1	47	43	7
47	27	35	46	2
26	10	23	15	8
4	18	50	48	20
5	23	13	33	17
10	19	43	17	10
10	26	12	23	35
15	1	31	2	4
49	22	34	3	8
41	18	22	19	39
28	23	30	24	42
32	38	14	27	47
29	35	19	37	43
50	48	1	30	44
4	37	48	44	22
34	39	10	26	26
43	47	24	29	32
37	47	39	31	3
27	37	5	5	25
14	3	47	11	8
44	18	43	26	35
41	26	36	3	9
44	29	39	1	5
32	11	41	5	7
4	10	21	27	17
18	33	44	19	9
31	43	50	18	33
26	5	48	44	42
12	11	37	22	10
49	48	5	1	44
3	13	43	4	5
34	48	16	9	18
9	32	17	44	29
1	29	22	18	30
