5	100
15	3	14	3	5
5	10	5	8	12
1	17	7	7	16
3	8	6	10	1
4	2	17	10	9
10	13	1	14	2
18	4	12	14	7
16	6	14	10	4
2	5	1	4	16
13	6	1	5	6
7	8	3	18	18
13	7	4	14	16
12	9	11	7	15
17	6	13	20	1
18	15	16	7	19
20	2	13	14	17
4	13	16	8	15
11	1	15	17	15
9	2	1	14	12
13	14	15	10	20
7	13	1	5	9
13	12	17	19	19
11	14	10	17	12
19	13	4	12	4
16	11	17	5	12
16	15	3	16	6
6	8	4	15	11
12	12	12	20	3
19	5	16	18	4
16	13	5	3	13
1	11	3	6	4
16	16	16	14	13
19	10	1	14	14
4	10	15	7	1
7	2	5	9	6
12	16	20	2	16
4	11	20	3	6
16	5	18	12	15
16	16	18	7	5
9	4	3	5	1
6	18	18	3	6
19	7	15	1	13
1	17	15	18	9
9	11	19	8	19
19	12	4	12	6
12	5	18	5	17
8	13	15	2	11
6	13	18	17	8
10	11	18	19	14
19	2	20	19	17
19	6	16	7	2
14	14	7	18	15
15	9	10	4	6
8	3	14	8	3
16	13	2	1	10
9	14	6	19	8
10	5	20	9	18
2	18	8	1	17
13	7	1	3	13
1	2	15	14	6
16	9	13	16	1
7	5	15	18	13
20	9	8	11	5
11	10	2	6	4
11	15	13	11	11
10	13	20	8	9
8	20	13	13	12
2	12	4	9	12
18	4	11	8	18
4	19	10	18	3
11	20	9	10	16
1	16	3	5	11
14	6	7	9	6
1	17	16	19	4
19	7	14	15	7
8	5	6	14	8
12	3	2	5	19
8	11	3	18	11
7	10	20	18	19
13	17	2	3	18
7	3	12	15	5
5	7	15	4	9
17	10	10	17	19
11	4	3	11	18
10	14	19	9	17
10	7	16	16	14
12	3	4	16	1
9	12	8	1	15
1	17	20	9	14
17	20	3	19	8
10	15	12	5	8
14	5	4	18	15
18	12	20	10	18
15	7	14	17	10
20	16	2	16	18
14	15	10	15	1
10	5	17	8	5
18	11	19	9	8
5	9	11	6	18
10	17	10	12	20
