5	200
15	14	6	13	11
12	10	5	13	16
1	19	4	6	10
16	17	3	16	6
17	17	20	7	6
11	11	9	2	8
14	4	9	7	6
9	18	2	16	4
17	9	5	14	20
6	6	10	12	17
7	8	18	10	1
19	15	20	8	20
1	2	3	5	2
18	11	18	1	1
19	16	7	12	9
9	13	6	8	20
6	1	17	6	2
7	6	19	6	7
14	18	15	16	3
15	6	20	12	3
16	9	9	11	18
11	1	7	1	13
7	9	13	8	15
1	5	18	4	16
13	12	12	14	8
2	1	12	9	14
3	13	15	5	5
18	13	6	9	11
6	19	19	14	1
5	5	8	2	3
11	9	17	17	11
5	17	15	4	17
10	10	18	7	10
14	15	8	3	17
9	19	10	14	11
14	13	18	14	3
17	14	10	6	4
14	17	18	15	20
1	18	3	12	1
16	1	12	4	7
11	18	5	5	15
12	20	3	7	17
12	20	2	2	20
17	20	13	4	17
18	18	14	4	16
11	17	18	14	15
13	1	14	7	13
20	10	5	11	13
14	14	12	19	8
2	16	1	13	5
17	9	9	8	9
13	5	2	10	4
15	3	10	13	4
11	6	16	10	1
7	15	2	11	3
5	7	16	16	15
16	17	6	9	18
5	13	7	18	20
16	9	16	8	18
12	4	19	15	17
17	1	12	12	18
2	8	18	5	5
7	10	6	15	9
19	18	1	15	20
19	19	18	10	6
19	19	15	14	12
1	8	1	19	19
15	5	14	12	16
18	15	2	14	13
7	3	1	19	19
14	4	4	15	18
18	3	2	7	19
3	14	5	14	5
20	9	7	17	14
14	4	9	20	3
5	17	5	18	20
16	19	16	15	18
18	4	7	1	1
12	4	8	13	13
4	10	9	9	14
18	17	5	5	5
11	15	5	12	14
1	19	5	7	4
5	18	10	17	8
17	2	6	16	2
11	17	16	7	19
15	9	16	5	2
20	15	11	11	8
3	19	16	8	1
14	20	1	10	9
7	1	12	2	17
17	11	9	4	15
14	19	19	13	19
13	4	20	6	5
11	7	20	10	5
18	7	19	16	9
12	16	7	18	13
15	17	14	8	5
9	6	8	16	14
5	20	3	9	8
10	20	15	6	18
1	1	3	17	20
11	13	13	15	4
18	13	2	1	5
16	10	13	1	17
5	19	4	17	1
18	5	10	8	19
12	2	2	20	13
14	14	18	9	15
16	13	14	13	16
13	19	2	4	12
1	8	14	10	13
2	18	7	17	2
7	3	6	17	13
17	12	2	9	12
3	13	4	7	1
13	6	12	1	9
20	3	7	16	19
4	8	12	8	11
17	8	1	7	9
13	8	17	1	19
2	18	13	13	10
9	4	8	9	1
16	6	6	9	3
4	17	10	19	9
10	20	14	18	16
15	12	18	19	8
5	9	11	3	8
2	10	14	7	10
20	1	3	7	16
11	3	13	5	5
16	19	19	13	10
2	4	15	17	16
17	7	9	2	16
7	15	4	1	1
15	4	4	9	9
9	17	8	3	6
13	20	13	14	12
7	10	19	13	6
18	15	18	11	14
14	12	2	11	9
16	20	12	5	11
13	16	11	4	1
6	17	13	12	3
18	15	16	10	10
17	17	11	16	3
20	6	13	15	16
18	16	17	15	10
14	8	9	4	20
12	20	16	12	1
2	3	6	9	16
19	16	13	2	12
20	9	17	2	12
7	4	16	9	4
10	20	18	3	10
11	7	13	11	19
18	1	19	16	2
17	1	5	20	17
2	4	16	3	11
5	12	7	12	13
9	4	8	9	11
2	6	4	19	6
13	4	3	4	14
19	11	1	1	15
7	20	17	12	3
7	5	15	12	6
19	20	1	18	10
14	14	11	6	20
12	18	6	14	4
18	1	13	9	12
14	11	7	18	6
10	8	16	6	4
18	11	12	14	7
14	3	5	14	1
5	1	16	1	3
10	14	3	8	5
7	13	6	1	12
9	13	4	12	1
7	18	5	2	3
2	7	13	7	11
15	17	19	9	7
14	15	7	15	17
16	5	9	2	18
5	5	11	2	19
2	20	13	13	14
8	17	15	19	2
3	1	17	18	10
10	14	17	14	19
14	7	9	15	6
3	10	3	5	18
17	16	12	9	9
16	4	7	16	20
17	1	8	13	15
15	9	11	12	8
12	9	18	3	5
15	11	19	8	12
18	14	10	1	6
8	10	8	9	15
7	8	2	14	2
14	19	17	1	11
