20	100
7	18	8	3	16	3	6	2	17	16	6	9	4	7	8	13	11	6	12	10
8	4	16	2	16	2	7	7	7	5	13	3	6	16	1	17	13	16	2	19
14	15	9	6	6	18	1	20	12	6	12	9	17	11	9	4	3	7	8	14
17	19	15	13	3	3	3	8	6	12	20	15	5	14	17	13	15	10	16	19
1	8	16	2	14	4	7	15	8	18	14	7	9	8	3	15	1	17	4	4
15	13	14	1	7	17	4	4	15	16	9	13	12	9	13	10	4	14	19	19
16	9	1	9	18	14	7	18	11	2	13	19	7	12	4	9	15	15	15	18
1	4	20	12	9	1	15	20	16	14	12	8	18	5	8	6	13	5	3	14
10	7	13	13	4	10	7	20	5	5	16	9	19	2	19	13	9	9	1	17
19	7	2	18	11	6	2	3	4	19	16	10	13	2	8	14	11	7	9	20
15	16	15	11	19	3	9	17	6	16	17	4	5	6	16	3	5	15	3	19
9	5	17	7	9	6	17	18	14	6	3	2	1	2	3	3	12	12	20	8
17	6	17	9	2	12	6	7	6	5	9	16	5	10	11	11	20	9	2	13
7	11	3	1	13	15	4	4	4	13	12	14	16	16	2	4	8	8	6	18
20	10	12	9	18	7	18	11	11	13	4	4	10	8	1	7	3	17	16	7
9	3	4	14	14	15	1	9	9	8	3	12	4	5	14	18	19	15	4	7
17	13	13	12	9	8	5	9	15	16	1	12	13	19	9	18	7	19	15	3
7	10	2	3	10	13	1	5	15	4	8	9	13	10	10	16	10	12	5	7
10	13	14	14	7	11	19	5	17	16	12	1	20	1	1	8	12	11	2	17
8	1	15	12	8	13	19	4	10	14	8	15	15	9	13	14	16	9	16	20
14	17	9	19	12	8	9	13	10	2	5	20	11	9	20	10	19	2	6	15
12	16	15	3	8	17	6	11	9	7	12	3	15	3	3	11	12	16	20	1
5	7	14	8	9	9	5	6	10	3	16	14	3	2	8	18	2	6	11	16
2	18	5	3	11	2	5	8	6	9	18	3	3	6	11	6	3	7	14	20
13	1	2	6	12	18	1	14	16	5	9	7	6	5	19	7	3	12	18	8
4	17	20	2	6	13	12	18	12	2	16	16	12	12	3	2	17	19	12	13
2	12	13	2	20	12	18	18	7	4	4	12	10	7	16	16	1	1	1	20
6	4	3	14	10	14	16	14	2	18	11	4	20	5	7	13	5	19	2	14
15	15	11	8	19	5	6	5	17	8	2	16	19	13	8	19	10	20	13	6
16	5	16	9	14	20	12	5	1	3	12	2	19	7	5	12	13	16	15	5
8	11	18	15	17	15	5	8	18	9	4	6	7	16	19	11	19	2	14	19
14	1	5	14	17	20	18	13	8	16	6	15	5	8	19	6	7	2	13	20
16	4	8	12	20	7	15	3	9	15	13	11	2	17	12	7	6	4	19	17
17	13	20	2	3	10	2	19	18	13	5	17	10	15	4	10	14	13	15	10
5	15	4	14	3	16	13	8	17	12	20	3	4	17	3	3	5	6	10	11
5	17	6	16	11	16	1	7	13	3	14	13	10	9	12	3	9	7	20	8
17	14	3	7	14	2	14	14	13	1	6	8	4	4	6	9	10	9	4	7
15	6	15	15	18	7	13	15	5	20	15	18	7	3	14	12	15	19	2	9
3	8	15	13	17	6	10	7	4	3	13	1	3	13	13	11	19	8	9	7
9	19	9	13	7	8	2	2	10	14	15	11	7	15	5	8	12	3	18	13
18	7	12	2	8	14	15	14	10	4	14	7	11	15	20	4	19	3	6	10
5	8	17	10	9	3	14	9	9	6	20	17	11	17	10	3	8	7	6	13
13	8	12	7	1	8	1	12	16	2	9	10	17	9	9	10	11	2	14	6
1	7	6	5	5	17	17	15	6	18	16	13	18	13	17	17	17	10	10	1
3	3	14	7	17	11	20	2	8	1	12	6	14	1	13	7	2	7	3	4
12	6	7	18	6	17	13	4	13	12	14	1	13	13	3	19	14	20	9	14
18	15	7	6	6	11	19	17	1	10	15	10	7	7	10	17	16	16	2	1
19	16	10	17	7	12	14	1	18	14	13	3	19	9	6	17	20	2	13	15
18	16	4	3	18	4	14	7	4	7	3	19	18	9	16	3	6	11	19	15
17	19	20	7	17	12	12	19	1	13	18	15	3	7	3	3	13	7	19	4
18	8	17	12	12	15	6	10	13	4	11	9	3	19	19	20	16	17	6	6
12	16	6	12	9	8	16	11	6	13	11	19	12	15	17	10	3	9	16	3
7	2	6	18	2	9	12	5	9	4	8	16	2	14	12	2	2	6	3	4
20	15	5	20	13	13	18	9	2	9	17	8	1	4	20	10	11	9	10	1
17	12	3	3	6	15	18	19	3	16	9	17	7	13	3	12	18	6	5	10
12	4	4	20	7	20	15	18	15	3	12	13	17	2	8	9	13	2	15	18
15	20	6	7	1	1	1	9	1	8	13	5	5	20	10	13	8	3	16	6
20	1	5	1	4	16	1	5	5	15	20	17	12	7	16	13	18	17	20	7
20	7	17	7	10	7	8	18	13	15	1	10	6	9	19	14	15	6	3	5
1	17	4	7	9	16	14	19	4	18	16	12	4	10	7	14	5	18	11	18
8	3	13	11	15	10	11	3	9	2	18	13	15	15	7	4	3	10	19	14
13	10	15	16	20	10	7	17	2	5	10	18	15	6	18	18	4	14	13	19
6	12	10	2	20	3	17	9	4	4	11	15	20	17	5	19	9	17	12	6
3	15	1	4	12	20	18	10	18	9	20	10	18	20	9	2	20	13	16	17
13	18	13	19	14	16	18	19	1	19	9	8	3	7	17	12	11	7	10	20
6	7	12	15	5	2	17	1	9	3	19	17	2	15	13	5	2	3	10	17
3	20	9	19	1	12	8	12	4	18	12	14	3	16	12	6	7	18	15	13
20	18	10	19	1	12	7	8	15	12	10	8	17	14	18	6	19	13	15	13
14	6	17	12	11	5	14	6	4	7	19	5	8	17	17	5	10	11	19	9
6	20	17	12	8	4	17	10	18	6	8	14	4	3	20	15	1	19	8	16
18	1	5	8	13	6	1	20	17	14	16	8	15	6	7	14	9	5	4	8
9	5	8	18	20	5	1	6	18	3	4	12	4	3	11	5	16	10	20	3
4	18	13	5	11	20	20	19	16	6	7	16	16	1	8	14	14	7	9	9
6	15	2	15	10	5	5	13	15	2	19	19	6	1	4	11	13	3	8	20
6	2	11	13	17	8	17	3	15	18	12	9	1	11	18	10	16	18	16	7
16	7	4	15	8	8	10	15	17	17	1	11	20	9	3	4	5	10	19	2
8	2	18	17	10	10	18	16	4	15	16	15	8	1	5	19	18	16	6	10
18	3	7	18	18	2	9	13	8	14	6	7	20	15	19	14	10	8	5	18
10	15	11	3	2	6	4	20	5	5	6	9	5	10	4	6	16	20	20	9
1	6	8	10	10	10	16	14	3	12	10	11	12	8	20	4	12	4	17	12
18	10	8	4	8	17	3	11	11	13	18	10	8	16	18	4	8	1	14	13
10	10	17	14	15	16	18	17	10	1	15	13	4	8	11	11	19	5	3	13
8	5	3	11	14	1	4	16	10	17	17	12	10	5	3	8	14	14	10	13
20	6	2	11	18	5	7	20	5	8	5	3	19	2	5	5	8	7	20	14
13	2	7	13	4	4	3	19	6	4	18	5	15	10	13	2	4	13	13	9
15	4	12	3	12	14	13	9	20	18	1	7	15	16	1	19	19	9	7	15
3	8	15	2	10	1	9	9	9	4	2	16	15	11	20	9	11	4	2	11
11	15	20	9	3	11	11	20	10	15	4	16	6	18	7	7	10	10	13	12
6	5	1	17	16	6	13	4	16	12	8	15	7	17	5	9	8	6	20	20
11	9	20	14	20	6	10	17	5	13	20	1	11	11	6	7	14	4	13	18
18	7	4	18	7	9	9	10	14	19	20	4	11	14	1	17	5	8	17	11
16	16	20	3	13	7	5	17	12	18	15	5	13	3	2	4	6	3	7	12
18	1	4	6	14	16	11	18	10	9	2	7	7	3	2	3	8	2	5	1
5	12	19	16	5	15	12	8	12	18	12	3	1	5	14	16	12	15	9	18
16	7	8	3	16	8	18	11	1	20	16	5	18	7	8	6	3	8	1	20
4	4	7	12	18	20	6	3	10	7	11	14	13	8	5	18	5	16	20	17
18	2	7	12	2	8	5	15	18	9	13	5	14	10	14	13	1	17	5	17
2	16	2	15	10	3	12	11	3	10	1	7	8	5	2	3	17	15	10	11
15	12	5	2	14	7	1	3	14	12	18	9	12	4	16	2	1	13	3	20
16	15	12	8	8	7	17	10	9	11	17	7	7	15	2	10	11	20	2	4
