20	50
6	5	99	37	7	29	52	41	33	70	90	50	99	59	84	50	42	5	77	40
59	84	16	61	90	30	39	80	69	48	100	80	81	75	2	50	27	28	44	16
82	83	90	82	76	31	33	57	58	64	25	68	57	63	45	23	89	38	47	77
91	73	72	86	71	11	69	25	58	34	23	14	61	62	58	76	94	34	86	60
98	83	22	6	23	32	23	19	30	80	61	89	81	68	26	9	12	5	12	66
62	9	100	25	41	12	7	96	5	69	29	56	53	88	80	8	51	67	63	39
88	51	95	78	73	34	33	94	36	50	65	89	23	20	98	89	84	98	65	12
26	28	14	61	52	6	37	94	88	18	58	46	43	73	79	12	15	22	52	8
79	14	60	56	5	40	33	34	90	92	25	54	2	51	14	61	37	34	27	67
98	40	6	18	92	20	47	50	42	87	75	62	46	58	34	12	68	59	57	12
74	4	4	97	94	5	44	92	60	19	75	81	96	85	10	39	8	43	65	86
93	83	92	4	17	64	9	45	18	2	93	79	78	15	94	94	36	10	25	87
76	56	91	24	13	94	66	61	48	95	4	26	94	71	19	92	12	1	80	31
96	100	74	58	26	96	4	82	92	16	4	98	18	78	11	38	93	69	91	24
98	48	97	23	98	68	86	7	97	3	83	35	31	95	92	77	83	33	99	18
90	85	69	32	92	6	8	17	61	82	99	44	11	57	33	49	3	51	60	58
10	97	85	90	34	69	68	24	87	34	55	60	71	74	34	14	79	66	32	92
60	70	47	16	4	39	25	74	62	43	75	32	73	41	8	93	100	80	98	23
39	85	30	27	27	40	74	37	23	20	70	38	20	69	99	41	51	70	86	96
44	95	62	44	60	24	88	30	67	41	14	100	68	9	54	75	40	20	89	65
66	89	51	43	74	38	13	5	42	67	43	31	94	3	80	44	24	87	68	4
53	44	70	83	7	71	70	11	15	24	2	32	81	22	31	56	44	19	70	22
11	83	89	1	99	83	6	66	30	10	52	53	52	86	13	22	19	69	37	4
68	3	91	19	65	12	50	73	73	24	1	5	17	46	94	70	56	69	85	24
65	5	81	5	72	49	80	96	10	9	37	75	83	67	55	9	93	70	37	88
33	34	94	6	10	47	37	6	93	43	67	51	85	13	40	64	22	86	47	16
32	55	63	64	88	26	23	51	92	85	78	86	33	98	91	32	11	76	96	26
13	74	4	67	43	87	91	70	28	91	87	7	23	21	56	79	71	30	19	84
25	86	15	8	66	81	18	87	22	9	53	47	91	22	3	58	51	97	22	1
36	53	24	2	99	71	64	12	42	12	61	81	57	12	1	28	60	96	1	62
70	4	49	19	38	41	16	2	19	99	28	75	9	19	48	73	62	14	10	95
18	6	46	11	48	73	91	79	21	76	98	55	96	60	32	32	5	5	64	58
55	62	94	44	84	87	72	39	64	29	66	47	87	7	45	64	59	39	72	66
51	37	81	44	1	74	79	50	87	17	68	58	50	52	41	56	12	2	27	62
1	52	15	92	10	52	69	90	15	68	74	67	34	99	8	18	82	51	44	11
8	23	52	48	62	9	97	36	67	89	53	57	12	11	65	99	23	89	34	49
5	90	36	19	43	2	24	52	45	23	75	61	58	16	54	79	100	67	31	2
55	33	24	26	16	17	55	24	34	9	96	93	17	96	6	18	87	34	6	60
85	46	92	44	15	92	99	97	57	87	99	56	58	33	94	72	67	10	3	26
48	1	19	36	27	82	45	63	10	36	92	67	62	72	17	10	42	80	11	25
19	58	67	47	10	41	35	85	2	34	52	78	31	80	12	84	27	56	18	33
47	36	87	21	95	33	94	87	16	84	30	88	99	78	8	90	35	72	26	86
48	61	62	76	85	15	36	82	60	34	84	87	62	79	78	83	71	46	52	78
48	49	69	19	4	65	79	53	73	22	49	56	30	33	86	87	75	12	37	81
97	12	27	83	1	44	26	21	1	26	20	90	20	49	38	99	92	43	72	20
37	83	10	39	85	28	57	30	93	91	8	60	9	72	81	36	22	86	18	61
39	58	53	48	3	60	36	82	95	87	96	32	40	18	45	14	3	89	99	73
87	97	29	10	18	61	81	49	68	3	78	7	26	12	81	79	31	62	36	25
93	75	35	6	96	76	20	92	28	68	33	34	88	45	74	43	29	43	30	43
80	87	15	93	10	90	7	29	37	66	84	41	53	74	80	13	63	23	15	43
