5	100
10	7	7	10	9
14	13	17	8	15
19	15	9	17	6
14	16	12	6	1
4	9	6	9	6
11	6	16	19	9
17	6	18	15	11
3	19	8	19	12
5	15	12	14	10
10	20	14	1	5
14	6	4	12	17
2	2	18	5	18
8	18	18	20	19
13	17	14	7	3
15	9	13	15	16
9	17	12	20	16
12	13	16	15	15
12	2	7	19	9
2	1	3	1	5
8	18	13	16	17
13	6	7	18	10
6	13	10	17	8
6	10	19	9	7
15	2	4	5	8
12	11	16	18	2
15	6	12	11	9
12	5	17	3	3
7	6	18	6	9
19	13	10	11	4
12	3	14	15	10
6	15	8	9	6
2	11	10	16	15
1	1	20	8	17
1	14	16	7	1
9	4	18	17	9
19	2	5	15	11
13	12	18	1	3
17	17	8	18	1
17	17	3	11	9
18	13	3	14	3
18	7	8	15	1
2	17	12	20	7
1	6	15	6	3
9	4	19	5	20
4	6	19	6	5
12	2	8	9	11
7	19	11	12	13
6	5	4	1	2
1	6	9	11	20
11	3	18	9	20
15	14	18	15	19
12	9	2	10	9
1	10	3	10	1
3	15	4	13	17
5	1	19	4	20
18	18	8	7	14
10	5	19	10	16
13	2	17	13	1
18	3	14	12	1
11	4	19	11	18
17	20	5	12	15
15	15	14	15	1
15	1	16	17	19
16	11	14	14	8
1	18	11	12	20
3	7	8	4	9
15	19	18	9	18
11	20	8	15	2
18	8	3	12	7
17	8	17	13	5
1	10	6	3	17
19	9	14	13	12
8	8	11	6	6
16	4	7	20	8
17	4	19	13	10
14	16	19	5	3
15	11	15	19	9
6	14	15	12	19
3	7	16	3	14
11	17	17	6	11
13	1	18	5	9
18	11	13	13	4
3	11	9	10	17
18	13	13	18	1
2	10	16	1	6
11	8	17	19	20
17	20	13	14	10
15	13	10	10	11
16	1	2	8	17
12	18	6	7	16
18	5	19	6	9
4	6	17	19	19
10	15	15	14	8
4	19	16	20	3
6	3	4	8	5
2	9	8	5	15
14	2	11	3	3
12	2	7	5	7
10	16	11	11	1
2	7	9	1	14
