10	200
33	23	10	38	5	20	45	43	49	23
39	15	27	36	38	44	29	4	19	27
27	32	6	6	9	35	38	27	17	34
26	21	21	35	15	34	46	12	13	24
25	49	45	41	49	35	6	45	20	40
33	49	19	10	37	2	18	4	29	21
32	19	27	15	47	18	44	42	21	4
49	17	42	45	2	28	37	16	8	25
30	44	8	28	2	28	3	12	49	14
17	42	34	43	42	6	23	30	44	31
42	14	24	16	41	17	8	24	8	9
15	3	47	5	41	39	12	49	14	20
15	33	44	8	38	8	34	49	3	47
6	7	22	27	34	16	20	42	37	35
21	29	4	40	50	15	46	29	2	3
45	24	16	25	17	9	20	17	29	34
33	9	22	12	3	8	32	21	22	25
20	20	13	29	50	37	29	4	9	23
12	6	48	50	2	33	41	47	11	25
47	4	14	3	3	12	8	43	38	42
34	25	8	27	34	25	11	38	26	31
31	16	8	6	22	28	12	22	10	21
17	35	11	47	29	16	7	10	27	38
29	37	17	17	40	38	48	21	16	28
22	4	21	31	44	31	46	9	31	25
1	37	33	17	25	49	15	11	49	19
19	2	11	38	2	45	49	42	16	35
30	42	6	33	49	13	14	31	3	48
20	49	29	2	38	42	4	50	42	41
23	38	23	48	10	21	44	34	29	50
32	5	43	47	46	10	32	1	19	13
35	35	8	1	49	21	23	9	1	11
42	49	50	25	12	43	19	8	24	29
20	31	2	4	16	16	6	33	7	29
11	3	32	30	6	39	30	22	50	40
48	35	33	19	9	34	6	18	35	4
41	24	28	41	43	5	33	5	35	33
15	41	3	22	50	39	18	20	19	24
13	47	9	34	31	35	48	34	45	33
11	38	48	3	39	38	26	42	37	2
7	26	38	17	25	7	32	12	19	21
16	36	50	12	42	44	16	44	10	9
7	49	10	2	23	27	43	50	34	13
13	26	34	18	18	37	10	42	10	25
3	37	16	25	18	25	39	37	12	45
22	32	33	29	45	8	17	36	45	48
14	33	28	6	8	40	3	32	45	5
35	25	35	36	6	21	33	36	35	48
39	7	38	40	41	32	44	5	23	10
21	24	48	12	11	21	10	10	18	28
23	7	43	8	11	48	48	48	24	24
26	32	2	47	10	8	45	39	16	27
46	48	10	36	34	11	28	24	25	35
12	24	18	8	25	32	15	31	29	44
34	47	32	49	35	40	23	1	2	3
27	22	45	41	32	26	48	8	24	1
21	24	23	39	13	2	14	44	22	28
44	15	10	22	43	50	16	11	2	45
38	27	22	22	9	41	30	27	27	50
35	7	7	29	23	11	25	43	37	33
27	30	29	25	10	12	12	23	49	32
10	38	7	30	13	44	3	1	31	23
23	37	18	23	44	37	8	31	50	33
26	23	24	19	18	9	49	47	12	47
29	7	29	45	40	48	1	28	16	30
8	24	13	15	10	41	12	6	32	24
5	31	24	17	7	37	14	38	12	5
46	6	39	34	44	16	9	24	34	46
36	31	16	21	25	3	11	10	9	28
47	43	16	39	43	48	34	12	38	3
35	14	16	12	34	2	35	29	21	45
32	39	23	36	38	25	16	3	43	5
27	4	29	34	8	3	41	1	42	46
32	47	36	31	12	23	15	4	37	23
18	33	39	15	46	9	21	30	2	19
33	31	20	33	27	31	35	33	5	31
12	35	38	25	13	36	3	42	25	15
10	13	17	20	37	45	15	15	39	49
33	11	49	24	14	2	28	3	5	31
38	32	50	6	11	34	45	14	3	11
6	29	6	38	9	20	15	50	46	33
16	21	45	6	49	2	36	15	12	12
8	1	37	44	27	28	13	11	9	4
50	1	12	28	44	4	5	12	15	44
37	28	7	23	16	18	38	44	8	10
49	31	3	42	3	6	43	13	11	31
8	4	42	43	33	15	9	17	12	45
48	25	50	18	25	30	44	14	29	10
40	20	4	50	5	19	49	21	25	39
12	43	2	35	37	33	37	14	40	1
9	22	32	13	13	24	32	36	18	24
12	29	35	1	41	39	1	43	38	15
17	39	42	24	33	5	24	16	31	42
44	30	25	28	2	19	38	41	38	32
38	14	4	2	27	34	9	1	44	49
32	45	27	26	35	20	30	9	31	8
1	16	5	26	30	33	5	7	50	23
1	11	5	7	28	4	36	41	47	50
47	24	22	32	10	50	4	49	44	32
39	29	10	30	31	22	9	28	23	45
29	2	1	22	48	22	40	20	48	31
35	40	12	31	11	28	45	23	16	30
30	6	14	19	34	23	1	25	27	7
45	8	18	3	21	45	23	1	35	39
11	34	2	13	48	49	18	30	20	3
28	36	12	43	16	24	39	33	38	26
21	15	44	42	37	27	23	10	10	17
6	44	39	28	20	46	5	2	21	36
6	22	6	24	30	9	46	26	38	48
7	40	13	9	19	46	41	11	26	21
27	9	21	4	48	34	48	35	24	21
20	38	12	3	21	50	10	20	12	28
31	48	22	12	10	16	32	30	10	25
5	44	26	1	9	48	2	3	26	46
12	12	3	18	29	20	29	11	39	19
37	21	49	49	40	30	37	9	44	33
3	18	25	49	16	26	13	12	44	24
49	7	45	16	17	20	46	5	34	41
37	22	42	41	38	34	45	27	11	30
11	43	10	43	44	44	37	4	2	3
8	17	17	15	21	31	27	33	33	21
34	32	25	4	46	32	27	35	12	33
31	36	2	14	13	6	48	2	23	24
33	43	4	32	34	21	5	27	20	8
8	12	45	41	47	30	19	7	47	13
18	3	43	20	22	22	16	3	3	16
33	25	11	9	38	42	28	44	20	26
27	50	15	4	25	19	41	11	18	33
38	42	6	10	6	31	50	35	10	12
5	2	25	5	25	34	2	36	4	5
2	25	37	22	36	18	38	39	45	4
31	5	36	20	29	42	20	1	4	7
42	44	35	9	21	25	26	10	29	42
18	6	8	14	31	13	5	34	24	39
43	12	41	7	31	50	17	5	27	34
15	1	33	47	13	9	41	29	1	12
43	28	11	3	36	26	48	23	39	16
38	36	28	15	14	31	3	29	28	21
9	21	34	46	28	18	23	12	1	22
23	27	33	13	46	15	1	38	21	6
3	45	17	11	47	29	24	18	33	33
7	12	1	31	4	23	45	16	26	19
4	37	22	17	44	11	3	15	20	49
30	16	8	23	19	14	5	23	50	49
44	5	29	19	16	11	26	3	10	24
21	36	13	2	2	17	23	50	18	36
26	9	49	35	3	42	4	29	13	40
19	22	17	27	26	49	9	4	2	34
35	1	6	47	29	45	3	7	21	2
42	5	6	14	24	35	7	45	16	25
7	48	41	20	5	49	20	36	27	4
9	19	48	35	2	26	4	3	6	9
39	48	8	11	48	14	17	3	4	41
43	15	38	27	27	38	10	36	42	31
25	17	30	18	44	23	7	21	13	48
32	4	39	8	37	9	40	31	23	42
32	18	33	37	11	44	32	22	8	15
17	19	12	26	34	22	19	41	17	26
7	47	41	6	10	39	26	30	41	19
48	30	14	1	49	8	35	43	7	50
42	36	14	49	32	13	43	13	25	15
41	49	14	47	35	36	27	28	28	23
19	2	31	40	17	37	6	11	28	27
38	26	35	17	34	21	33	42	25	47
46	13	6	27	28	49	16	17	16	14
31	7	16	35	32	41	6	24	32	45
8	32	36	49	28	16	15	48	14	14
3	35	4	32	27	6	46	5	13	18
22	39	46	15	46	31	10	1	35	43
16	10	11	30	39	15	28	8	49	13
35	19	3	3	11	46	4	35	8	27
46	2	12	15	24	19	37	22	3	47
6	14	13	21	49	44	25	24	43	13
29	38	6	50	34	4	36	43	4	50
27	26	43	9	48	14	48	46	6	20
28	6	6	3	7	21	6	33	4	18
21	30	42	46	48	8	46	12	31	21
34	44	19	3	20	31	22	4	23	35
46	29	19	23	36	23	33	4	44	13
48	4	40	37	30	47	34	48	11	41
18	37	16	36	37	34	38	3	33	27
50	3	10	20	23	42	12	19	11	26
25	43	19	18	24	30	5	32	24	23
47	24	43	32	17	9	14	34	37	2
36	31	22	17	14	46	44	20	15	38
36	15	38	36	17	26	18	48	13	7
29	6	30	10	30	26	10	28	3	14
29	29	33	9	40	45	22	2	5	28
37	36	18	36	38	32	37	8	16	42
42	17	21	31	24	30	1	13	37	38
36	16	18	1	10	7	33	30	46	23
4	16	43	35	20	44	38	44	22	49
40	3	13	12	22	12	8	2	35	11
44	10	16	17	42	21	18	17	27	31
50	8	12	43	38	26	24	37	11	31
43	7	41	39	49	34	4	7	29	48
50	31	45	36	30	45	1	26	43	50
26	21	18	41	49	33	41	20	24	47
38	21	42	5	18	37	19	27	19	9
17	12	38	30	32	19	13	26	14	43
