5	50
31	80	58	6	26
73	2	6	23	49
88	61	56	15	92
78	16	7	78	39
56	21	26	60	21
30	18	10	78	81
8	19	82	49	50
90	78	6	62	37
64	25	27	3	62
34	16	60	44	75
61	100	12	65	44
11	55	99	85	97
56	92	29	43	41
70	80	8	65	2
1	10	46	42	76
31	95	24	99	87
14	59	67	3	21
8	7	18	5	40
36	80	22	65	82
73	96	84	62	92
55	8	95	42	75
51	55	71	90	13
16	32	100	99	83
98	26	26	22	33
63	62	4	26	67
21	89	81	60	3
35	11	62	7	32
7	64	25	28	70
54	36	29	92	25
4	80	24	83	85
48	71	62	29	30
93	4	70	75	54
63	74	12	87	78
5	70	94	67	77
34	1	99	53	80
27	34	13	1	64
42	65	99	75	56
65	49	33	78	39
3	94	50	74	7
80	25	42	14	20
34	87	57	7	51
47	72	10	50	3
60	92	70	12	13
98	76	37	31	14
56	38	16	28	74
41	51	25	47	100
3	93	99	82	30
55	9	93	24	10
93	40	84	75	80
12	25	39	61	9
