20	100
13	3	33	36	38	28	29	50	37	2	5	26	31	25	29	30	3	50	3	24
6	49	6	42	13	39	40	20	46	45	30	9	48	6	25	27	40	6	22	10
42	40	7	46	23	48	19	10	18	48	40	13	7	38	48	15	48	41	23	49
39	9	5	42	22	46	28	26	1	2	40	48	28	43	32	16	42	10	20	16
20	30	3	48	5	18	3	11	9	10	30	49	33	23	22	33	36	15	24	27
20	44	10	16	8	42	35	14	6	32	23	38	22	8	30	9	7	7	37	4
44	17	18	41	23	41	16	6	22	49	31	28	36	44	46	27	20	37	41	14
34	39	6	28	38	42	28	26	43	13	27	29	28	21	33	4	27	20	43	17
27	29	43	7	1	46	2	28	12	4	39	20	17	24	21	5	12	40	4	31
14	41	13	9	23	2	50	16	11	43	50	1	44	24	38	6	46	49	27	43
41	50	14	40	25	7	13	4	1	28	43	37	17	13	4	37	16	35	35	50
46	36	18	20	4	38	27	43	37	15	9	14	14	11	41	14	28	24	35	17
39	46	16	33	50	14	35	32	20	2	40	12	14	28	47	5	32	44	37	37
31	20	18	36	20	29	23	6	23	41	9	43	50	19	11	50	21	36	20	41
3	45	24	36	26	48	50	37	14	36	32	34	38	49	36	20	29	30	14	22
41	30	10	30	43	47	13	46	17	48	35	47	24	46	34	36	47	32	10	22
30	37	42	37	9	25	6	2	33	42	22	41	23	49	1	24	35	44	44	29
36	4	20	17	2	36	11	42	15	50	23	47	21	42	42	4	39	23	22	18
42	11	14	26	27	44	24	25	46	11	2	3	39	32	37	26	18	25	36	24
15	15	38	33	19	25	21	32	8	47	35	12	23	27	38	25	41	44	41	8
12	37	46	5	49	20	8	40	5	17	37	14	37	48	3	27	24	31	8	2
24	43	18	50	26	40	31	13	44	12	35	24	34	29	12	29	19	33	35	49
17	32	27	41	10	21	26	25	24	11	2	11	37	40	34	20	19	47	30	10
40	46	46	43	32	13	31	9	37	25	9	41	47	9	35	43	16	27	40	5
15	7	40	33	11	25	38	45	45	42	10	23	4	25	10	22	36	35	10	48
41	17	38	49	3	11	15	28	5	42	5	43	8	25	46	34	6	13	33	8
26	36	14	46	16	37	38	22	50	13	7	32	17	43	14	48	19	41	31	50
10	11	40	4	38	17	15	29	30	27	16	23	2	2	22	6	3	43	33	17
24	43	28	43	36	24	26	15	11	48	15	15	33	34	48	16	46	11	9	49
22	9	42	24	47	34	30	15	21	9	45	26	8	15	27	18	33	48	18	14
42	1	18	33	12	1	41	19	5	7	10	43	35	35	46	15	1	5	46	2
44	11	45	3	3	39	7	19	7	31	33	49	43	45	8	22	42	10	12	46
43	12	11	15	49	3	42	24	20	12	17	28	2	17	21	31	6	16	30	23
45	23	12	24	24	11	50	40	27	24	24	42	43	50	9	32	1	30	4	1
48	34	49	46	15	6	48	27	24	27	16	26	31	40	2	21	50	37	42	39
3	2	47	46	39	26	36	2	8	39	31	27	12	30	26	11	24	17	10	19
14	24	17	50	9	48	11	4	49	39	32	14	38	16	49	46	37	4	8	39
20	46	19	35	47	39	15	2	14	41	47	34	27	24	25	29	36	47	37	41
15	33	4	20	7	17	39	47	31	31	25	21	10	22	49	19	6	32	4	20
34	10	40	8	42	49	37	15	41	20	10	40	18	17	25	38	43	50	28	30
1	18	21	34	17	27	25	6	25	7	24	5	44	17	7	5	43	46	28	9
31	25	6	12	21	35	3	43	47	12	27	7	4	24	20	16	40	6	41	16
24	31	40	35	47	6	46	1	10	20	45	47	22	20	50	27	13	9	13	32
24	33	10	14	31	17	1	21	47	42	15	38	6	12	36	50	35	22	15	16
39	3	33	27	17	30	35	35	24	44	4	32	43	10	43	41	22	26	4	30
5	26	4	19	5	8	42	10	34	1	42	41	44	48	43	22	50	33	47	1
33	17	47	4	38	34	45	46	20	45	28	10	19	36	11	14	49	14	22	10
39	25	1	23	2	14	38	46	17	22	42	40	29	3	48	39	29	1	32	22
13	46	41	40	23	33	23	9	37	30	23	37	11	38	12	8	16	24	2	25
47	49	30	49	4	39	31	16	38	23	35	49	33	1	47	44	35	12	1	20
41	29	9	37	49	5	30	42	41	41	23	5	49	7	25	14	16	42	36	35
2	7	21	14	45	24	4	10	41	19	23	5	24	32	34	18	41	43	50	49
10	40	25	48	1	31	1	26	27	34	29	43	26	16	18	35	9	46	42	26
2	20	1	23	18	19	31	17	24	7	24	23	43	38	26	13	33	23	14	15
24	28	34	8	40	30	29	9	15	50	10	46	1	25	47	40	39	2	31	33
50	34	3	20	10	6	1	39	41	6	3	36	32	28	3	25	37	44	34	38
40	23	3	25	48	29	22	19	41	36	25	31	43	32	16	40	26	14	49	35
30	41	19	10	48	24	14	24	22	23	4	45	19	44	43	28	32	29	22	31
35	33	49	5	31	22	44	1	12	13	49	23	46	50	9	50	4	44	28	24
15	48	47	18	33	30	12	49	39	39	9	47	43	18	50	47	42	14	29	26
31	14	12	10	24	32	50	20	36	44	24	38	1	48	17	37	37	31	23	2
10	45	12	24	5	3	31	29	50	12	8	41	16	2	44	2	36	37	44	1
30	43	14	46	16	21	46	45	2	14	10	11	42	28	16	36	2	39	6	22
2	22	21	24	36	34	23	50	5	15	1	1	38	22	22	18	31	17	9	34
7	36	28	36	2	47	49	38	36	8	1	48	32	22	50	9	23	40	11	32
48	47	40	37	14	10	24	20	6	49	6	36	30	22	16	16	45	35	22	39
35	36	14	48	15	3	19	17	23	13	46	41	6	27	37	10	47	41	23	42
24	30	33	38	3	15	18	10	6	35	15	38	18	22	48	13	34	43	23	11
42	8	48	44	4	15	30	4	36	7	20	4	13	31	16	5	3	26	45	50
36	9	11	39	49	8	23	35	29	24	26	4	18	12	1	17	33	39	34	39
35	15	25	50	15	11	25	38	7	44	10	8	48	23	26	33	47	9	45	46
42	46	25	12	31	16	36	1	30	50	22	14	43	7	15	21	35	12	24	38
33	36	29	36	14	19	7	45	37	19	20	24	45	38	47	40	41	13	19	49
25	24	9	8	22	46	16	41	9	5	49	36	36	8	13	7	18	40	48	13
10	41	15	11	30	49	20	5	11	26	31	22	43	25	13	10	27	22	14	19
4	16	37	32	20	35	39	37	26	41	23	2	15	7	40	34	10	48	28	24
26	12	31	33	25	28	43	11	45	4	30	47	26	30	10	45	4	33	41	46
10	33	30	20	4	29	7	37	36	30	50	29	44	41	43	42	35	5	8	43
42	29	43	22	11	26	27	36	48	45	30	28	7	32	14	44	33	12	30	46
21	6	25	16	5	2	3	35	38	18	10	50	25	49	4	32	41	8	9	28
3	21	40	41	50	22	22	12	27	50	10	24	26	12	22	36	4	28	17	10
24	42	49	30	35	31	3	9	28	33	3	25	3	2	43	50	17	35	17	33
30	41	9	39	8	37	25	14	27	19	28	13	41	50	5	12	23	10	6	20
19	13	34	44	47	36	22	24	19	23	20	20	12	34	30	33	34	10	22	49
6	40	33	10	5	41	34	3	48	32	28	7	29	47	15	18	7	15	42	23
16	1	45	4	49	9	2	8	21	22	29	13	38	8	14	30	30	24	39	7
2	19	27	38	46	13	41	15	20	13	26	19	19	50	34	6	46	29	12	46
39	27	33	26	4	15	19	21	34	35	38	33	26	36	22	47	24	8	9	37
19	38	38	8	47	10	45	39	24	8	35	1	13	44	18	26	36	2	34	31
44	20	31	36	25	43	44	33	28	37	32	38	20	26	28	2	40	25	30	45
20	31	48	26	1	37	20	33	18	47	11	23	24	28	43	49	7	3	33	4
17	13	11	37	27	47	32	38	16	17	37	12	23	40	12	14	23	5	35	39
23	11	16	32	27	9	14	42	33	30	45	37	43	27	28	8	20	11	50	5
6	33	18	2	11	50	1	35	17	30	26	2	18	45	31	6	48	29	11	19
33	40	6	36	22	50	20	47	12	5	44	13	6	31	34	41	44	15	22	27
9	30	26	4	5	43	19	48	46	23	11	41	50	31	22	17	28	32	30	11
31	5	23	12	36	13	47	38	12	40	12	33	8	35	10	4	14	2	32	29
31	22	1	40	45	4	14	25	9	18	14	12	35	11	47	4	8	14	18	42
47	31	37	7	11	28	34	16	22	19	3	26	1	1	31	10	4	34	18	33
50	22	30	44	26	1	49	47	38	7	47	50	35	40	33	50	35	45	29	18
