10	50
2	1	6	20	48	43	3	33	33	13
7	12	21	8	8	25	25	39	15	35
11	13	42	2	29	40	24	30	29	8
46	5	4	15	23	26	25	23	24	6
43	23	39	47	45	23	4	21	25	15
23	46	5	12	29	39	10	5	42	8
19	23	4	25	18	3	8	6	36	33
50	3	16	10	43	38	25	45	7	6
36	4	5	14	35	1	1	42	37	34
16	21	32	16	38	20	20	14	30	42
16	49	36	42	15	21	31	45	20	42
15	15	48	36	23	15	19	40	40	17
3	16	20	2	18	30	21	50	23	23
19	11	16	16	41	38	18	13	50	15
20	6	23	45	20	1	23	46	44	23
2	30	24	13	40	50	30	35	25	36
1	31	23	47	24	4	50	32	46	35
48	6	41	26	48	48	44	25	32	17
7	25	7	50	22	39	37	4	27	42
9	34	38	14	15	40	34	26	22	17
2	41	1	9	26	47	39	49	16	43
6	6	3	9	29	26	25	23	26	35
17	46	6	5	27	14	18	27	12	8
14	19	3	16	16	17	25	48	25	26
1	39	39	35	36	3	32	30	36	39
16	11	50	38	50	6	36	47	32	12
29	12	38	8	29	37	3	37	44	13
2	27	48	1	35	28	8	22	19	25
33	38	42	23	43	4	20	16	16	10
31	28	17	14	47	39	2	31	7	49
1	45	37	24	38	39	13	49	3	22
48	15	29	8	29	41	21	15	15	25
18	38	21	34	32	24	11	35	5	47
27	28	16	20	24	38	2	19	35	5
42	21	13	45	12	17	49	10	35	7
18	37	16	32	32	13	24	3	42	14
29	28	45	7	46	21	50	10	34	42
39	3	31	11	34	48	25	27	22	15
25	1	1	49	30	40	12	34	38	12
15	49	27	21	26	14	27	7	49	42
18	40	26	44	18	15	7	5	49	35
39	47	32	27	39	28	28	47	28	6
9	16	22	23	27	41	27	10	36	20
21	19	29	30	48	36	26	8	31	15
33	8	36	4	23	18	18	50	32	48
37	31	30	44	34	3	19	4	17	27
39	48	20	29	14	20	19	2	30	4
3	21	16	13	23	2	31	18	50	9
23	27	28	38	34	41	40	36	47	46
17	22	41	5	27	36	38	7	41	4
