2	200
14	13
4	16
8	4
14	12
10	20
20	4
11	7
19	14
5	15
13	17
19	3
19	14
2	20
11	9
12	5
15	8
7	7
18	10
3	16
15	7
11	11
5	4
19	20
2	3
19	12
20	7
12	15
20	11
15	11
14	8
13	6
1	6
5	13
18	4
10	10
11	10
1	7
7	9
18	15
16	2
19	8
10	20
5	8
17	12
8	7
15	13
2	7
14	6
10	19
19	7
3	19
14	10
2	11
7	5
9	12
14	20
16	13
10	6
16	2
2	18
16	6
17	3
16	19
8	14
13	1
19	19
17	10
20	20
14	1
19	14
1	12
4	17
14	15
18	10
18	8
11	9
17	2
11	17
2	12
14	3
4	14
12	8
13	16
4	6
13	10
12	15
3	9
17	5
3	1
10	1
2	18
17	6
11	11
2	15
19	3
18	3
7	16
10	7
20	16
4	19
11	12
17	8
17	17
6	9
5	7
15	2
3	14
2	7
18	7
18	3
14	10
8	11
12	10
8	7
19	10
5	8
17	12
10	10
1	9
10	15
5	14
10	13
9	17
1	14
15	4
10	14
19	2
5	2
5	7
16	7
9	19
10	15
2	8
5	12
4	12
6	10
18	3
18	1
20	15
3	16
10	14
13	16
1	12
9	16
7	9
6	15
14	3
6	6
4	15
11	1
12	10
10	3
19	1
16	16
4	5
2	10
5	20
17	16
7	14
15	11
19	10
5	16
6	11
16	15
18	13
17	5
4	2
5	1
4	10
17	1
16	14
12	3
7	17
11	14
6	11
20	10
1	1
2	2
5	15
18	8
5	1
19	11
8	17
6	3
16	17
12	17
18	14
15	5
18	2
9	10
20	3
10	7
14	7
5	4
20	3
16	9
13	9
17	15
16	2
15	10
