20	200
77	34	36	16	56	61	41	52	95	48	71	66	34	59	99	13	4	29	80	86
93	62	16	75	70	20	31	22	5	85	78	97	66	9	30	15	47	82	35	55
19	92	92	9	94	68	59	41	17	42	22	39	39	43	77	15	18	61	46	36
31	19	47	11	70	75	1	26	29	85	67	22	95	25	68	2	70	7	82	3
62	90	6	64	64	39	58	23	32	15	98	87	36	99	25	100	45	82	40	19
68	33	12	33	76	100	45	14	76	76	46	11	79	44	75	41	14	84	47	31
17	78	95	15	88	80	86	96	1	68	57	89	68	64	35	29	79	74	89	65
95	45	48	56	70	87	8	93	25	85	87	62	35	10	2	91	39	98	45	96
14	50	14	8	20	58	44	16	9	46	63	40	95	82	36	73	30	40	46	1
73	94	71	17	81	95	54	58	62	45	91	81	29	94	52	46	32	40	36	12
44	92	84	80	22	48	68	53	74	30	61	100	53	45	23	20	79	97	28	25
4	86	55	65	55	82	12	2	31	91	41	91	4	34	57	81	10	91	95	34
28	1	84	32	84	92	29	85	71	32	67	35	13	11	9	59	38	20	26	40
36	66	23	84	89	71	96	19	88	43	11	89	3	95	98	4	2	23	82	64
54	27	31	100	25	7	78	93	26	99	44	91	65	55	98	62	79	1	43	14
96	10	97	29	21	78	33	18	14	5	57	15	39	63	87	9	35	24	59	83
93	4	94	90	99	21	24	48	98	36	26	1	81	68	68	44	31	3	79	48
74	61	79	21	42	30	53	3	69	89	27	56	43	60	21	93	16	8	31	1
54	86	21	79	80	56	34	71	95	43	79	33	45	12	10	33	25	74	49	69
69	22	80	9	9	71	59	21	48	76	28	23	73	79	94	89	40	1	42	86
96	83	8	26	10	95	11	31	51	89	68	43	60	62	33	33	7	13	70	9
98	14	23	20	15	56	60	67	19	21	94	25	32	63	73	87	14	54	99	14
60	28	70	60	8	86	64	12	47	61	83	28	31	33	89	83	60	89	11	54
35	45	13	31	95	44	12	97	89	46	20	53	14	56	50	70	44	64	12	30
92	49	21	59	39	67	94	100	75	91	28	26	44	46	80	16	16	40	65	65
74	68	23	1	42	31	14	76	84	19	39	96	77	81	62	87	25	55	93	29
51	12	22	99	19	94	10	69	77	34	55	5	100	47	56	25	26	20	18	8
53	19	16	57	52	32	49	63	84	93	91	61	47	36	15	63	47	25	82	48
22	46	99	50	65	34	97	30	26	38	61	5	38	85	77	32	96	66	47	88
45	47	85	85	44	94	58	64	33	94	78	2	38	70	87	7	20	67	92	19
35	20	38	46	32	87	24	63	60	83	67	81	79	95	3	75	62	15	7	71
76	34	98	32	60	60	68	68	98	71	12	30	74	28	53	26	10	40	53	57
71	96	4	50	28	98	23	44	68	13	46	6	61	22	43	2	23	6	86	73
20	56	65	90	71	37	7	51	43	78	65	22	63	50	1	81	30	48	4	63
37	24	1	86	26	7	69	53	86	51	4	5	54	80	38	15	31	15	80	91
91	73	1	91	48	24	44	12	21	62	73	76	2	24	36	96	56	80	64	65
69	55	65	92	74	61	69	83	12	86	51	15	68	14	73	65	24	11	38	3
63	58	32	25	79	29	3	31	44	43	60	51	51	15	23	36	8	9	17	88
55	61	1	36	12	58	8	89	52	72	72	45	43	62	2	12	23	41	14	46
58	39	40	69	27	100	64	54	91	37	58	15	95	50	48	3	58	97	13	22
22	15	80	73	71	15	9	90	14	12	14	67	96	71	31	17	22	32	9	12
94	55	98	16	15	58	51	93	15	100	55	27	29	92	25	44	60	67	98	12
91	75	40	80	23	92	19	24	20	31	81	26	88	1	29	67	17	64	59	14
65	17	75	14	58	88	39	4	47	87	58	55	34	98	22	19	15	19	93	23
40	28	73	85	19	29	39	28	64	58	28	96	9	85	47	75	1	26	23	36
54	15	77	34	73	27	92	90	80	10	53	98	72	36	75	38	44	90	96	29
49	11	41	90	60	63	46	50	51	47	18	89	97	57	70	25	51	40	12	93
37	50	48	54	5	30	24	74	11	10	31	11	31	94	88	43	75	88	74	11
81	43	40	33	93	64	2	16	66	50	88	4	79	4	92	100	64	87	85	30
40	73	40	42	17	7	59	3	69	28	51	64	66	2	12	95	10	15	62	42
29	8	9	61	23	27	33	28	2	89	80	89	3	45	71	9	4	98	17	86
6	100	47	38	100	24	39	78	92	98	90	49	25	44	2	32	64	79	20	90
75	31	1	81	49	62	61	22	31	4	91	13	99	77	36	29	62	71	61	99
89	56	37	4	100	31	64	60	43	40	45	25	79	27	11	75	99	67	90	39
64	17	47	88	8	77	50	48	8	73	71	94	19	21	1	20	95	97	81	18
98	1	79	91	59	67	34	72	67	61	31	95	82	23	35	73	9	49	97	23
82	17	52	71	70	52	7	58	26	91	80	2	86	72	41	63	38	56	30	42
44	79	82	47	43	76	12	96	86	29	12	47	1	59	37	82	50	9	22	7
60	76	46	76	82	30	9	10	83	73	35	53	20	56	80	4	36	5	29	94
41	11	73	98	80	34	1	28	36	60	14	29	34	23	82	68	33	6	66	13
68	3	14	14	95	59	28	46	80	34	47	45	81	29	67	50	4	49	96	48
29	82	74	24	60	6	19	97	74	12	71	30	39	16	26	38	97	59	4	22
7	56	48	3	14	69	48	6	56	33	64	84	10	18	85	87	29	91	55	89
40	31	72	68	63	17	7	66	3	30	53	46	46	75	42	73	34	72	11	91
59	14	42	42	49	87	20	21	31	40	9	7	5	16	82	77	85	81	40	97
62	83	3	27	80	19	39	36	77	12	53	58	81	64	30	26	89	30	20	76
97	86	36	64	21	47	42	31	93	66	89	53	32	14	30	77	12	15	63	30
49	85	45	19	87	51	26	41	86	57	88	55	61	64	1	77	47	40	6	33
78	9	43	11	24	100	26	67	35	54	15	75	68	90	28	12	42	17	77	70
21	1	46	37	79	35	93	68	14	53	30	73	9	30	53	41	43	34	96	88
26	59	6	32	42	13	87	72	37	89	36	31	63	37	13	77	64	7	33	89
8	59	54	82	25	43	66	38	38	88	70	8	22	90	45	62	95	14	95	66
48	21	32	25	18	100	10	73	17	77	78	36	2	7	80	67	6	25	8	100
48	49	35	50	19	28	9	74	92	51	82	50	12	67	42	87	27	29	65	26
33	93	21	62	10	34	7	16	10	78	57	71	7	96	19	99	87	82	6	91
91	36	81	67	95	28	25	35	66	93	40	77	60	83	67	55	28	73	40	86
22	94	65	14	95	11	44	16	49	43	100	46	23	75	35	97	12	55	67	83
10	72	50	17	39	80	11	25	29	64	72	15	43	21	69	98	72	68	72	84
85	9	87	24	93	95	54	86	48	70	43	73	6	58	76	51	44	48	76	15
1	19	88	85	72	86	4	2	6	37	26	45	84	84	98	1	85	27	24	44
27	25	77	59	21	99	9	85	45	19	55	24	92	57	84	66	22	2	53	7
92	52	81	12	45	99	90	23	60	76	66	17	24	33	89	76	43	29	64	73
78	19	58	87	83	2	54	27	100	33	80	83	75	18	53	75	45	66	14	23
9	86	25	70	54	38	1	60	68	9	23	93	38	80	29	73	95	94	29	44
46	63	24	28	97	83	42	7	81	15	31	78	15	42	65	93	95	88	34	46
1	95	59	92	10	87	46	96	89	80	80	51	38	71	78	46	63	97	74	72
96	94	79	54	78	46	78	97	16	37	79	7	61	83	43	51	4	32	19	10
38	47	19	1	35	81	41	45	65	19	31	98	15	63	51	7	16	6	14	64
10	49	81	52	2	74	91	55	29	27	42	31	79	65	34	49	76	79	20	98
6	34	32	97	7	81	93	98	33	36	36	99	19	55	100	89	67	67	100	62
90	86	17	39	77	100	20	51	29	2	32	38	87	17	58	77	17	84	46	21
81	94	22	93	91	44	13	24	65	46	83	10	79	59	9	20	18	94	21	7
62	43	69	32	5	99	13	3	98	24	72	83	21	79	81	97	65	24	48	34
88	97	86	84	19	22	59	29	8	39	60	24	63	40	60	39	25	90	89	93
31	11	27	41	75	100	90	1	78	12	56	94	47	88	19	66	57	86	13	83
41	85	95	59	65	49	21	81	19	43	73	75	36	56	3	78	70	46	10	20
33	58	51	97	83	66	77	76	21	95	82	39	78	6	53	47	17	68	77	26
80	9	83	36	40	81	59	91	85	42	96	12	77	94	51	83	34	99	77	99
72	45	60	24	61	34	98	31	4	57	61	3	69	84	40	24	76	16	57	3
8	86	91	80	100	71	63	84	55	70	13	18	92	78	55	35	50	59	75	7
84	29	88	29	81	93	43	94	54	28	8	19	42	75	92	86	54	81	25	90
72	15	76	34	45	44	12	91	29	5	75	17	41	51	20	80	99	63	99	7
29	70	30	28	63	94	77	17	87	70	82	69	35	86	35	70	53	55	85	38
82	52	65	49	54	91	78	92	56	13	88	92	82	18	62	3	85	49	72	51
68	95	5	60	24	6	83	56	16	50	27	44	78	62	26	77	5	82	75	72
17	85	62	75	82	90	88	17	24	33	85	5	84	35	71	87	48	5	25	48
9	22	77	6	86	44	14	21	93	86	98	3	74	100	34	83	33	31	78	35
19	66	33	83	66	23	61	44	91	39	30	1	57	27	64	95	8	57	89	39
76	67	24	39	36	83	31	85	1	88	55	17	27	91	30	43	90	94	41	64
84	71	31	55	56	97	47	48	37	39	76	76	42	40	59	52	42	94	48	83
92	77	44	3	84	13	75	66	98	21	6	15	17	26	55	6	37	70	83	39
37	84	48	62	13	79	75	87	33	79	2	96	47	58	72	8	28	28	71	44
23	81	51	16	34	62	60	17	86	53	15	73	11	9	47	9	29	82	91	6
38	88	33	19	20	10	68	60	54	48	79	10	100	40	17	56	33	32	29	52
20	59	2	81	64	29	85	38	11	63	79	46	38	65	6	35	48	32	97	24
94	100	64	38	74	6	74	72	93	92	77	97	54	39	87	80	87	53	56	91
25	31	50	91	69	34	72	35	34	82	8	2	36	5	59	20	95	65	8	58
56	14	45	20	87	83	93	99	79	27	49	96	76	7	99	63	51	73	70	41
35	40	39	11	84	75	62	49	81	68	85	23	46	99	35	12	86	30	4	86
41	74	56	7	34	13	26	29	6	96	69	22	95	67	24	17	76	35	36	12
22	44	18	11	43	27	50	78	73	88	78	21	70	84	100	61	84	32	78	71
50	33	44	86	100	63	28	79	76	18	37	52	95	92	65	98	56	46	65	7
64	49	56	19	18	48	53	12	68	63	34	44	57	66	63	89	1	33	12	80
100	71	3	55	52	27	27	78	20	2	6	38	67	71	8	2	77	25	68	52
10	16	12	13	84	93	95	29	30	76	97	23	34	86	8	93	46	2	68	92
21	76	93	66	58	96	78	86	58	61	13	76	66	60	70	84	60	90	72	59
32	99	49	44	5	83	5	82	64	16	56	76	58	76	32	35	23	46	56	88
16	10	71	69	63	22	57	74	16	24	33	57	30	9	61	23	28	49	61	75
92	96	23	43	6	37	19	91	29	35	61	15	34	84	44	23	28	80	81	84
26	31	66	40	83	99	46	49	15	10	8	75	85	82	97	20	88	29	64	27
3	67	46	82	63	19	24	47	66	39	96	48	68	78	49	62	30	83	60	7
91	70	76	20	27	87	30	53	88	24	36	99	16	55	81	60	85	85	78	65
76	100	84	77	14	61	7	8	33	35	90	5	69	58	36	34	91	27	55	76
90	71	60	42	4	97	33	14	97	90	77	46	6	96	31	92	86	100	6	67
81	22	20	53	35	31	31	59	19	48	69	59	31	2	76	5	41	43	73	18
29	93	12	44	58	45	100	73	27	45	48	92	21	88	96	68	52	7	8	74
66	74	95	50	22	19	15	5	21	27	52	44	28	89	39	88	11	77	96	90
32	58	32	75	100	78	38	43	6	8	54	34	35	100	52	55	99	62	23	40
30	95	53	1	93	5	65	33	50	8	58	76	12	18	42	9	42	20	51	45
81	73	99	13	74	18	9	28	38	85	90	49	55	56	60	37	6	32	82	95
13	6	94	99	51	79	23	17	58	44	13	79	12	78	59	58	97	40	28	76
97	37	96	65	18	9	21	56	59	6	3	11	38	56	32	76	79	100	63	96
95	92	71	95	73	11	37	77	98	3	40	66	5	7	99	77	11	29	81	42
58	68	59	53	41	3	41	57	47	84	80	98	78	33	81	5	66	2	93	8
72	45	58	57	66	38	6	32	58	55	66	50	19	21	38	28	33	18	54	70
71	81	30	15	24	43	89	73	26	94	11	10	37	74	70	13	10	3	87	4
97	10	99	93	19	30	79	57	95	54	73	49	48	23	37	92	16	44	33	23
49	34	7	65	44	56	14	46	51	26	18	31	31	51	74	61	82	38	97	94
65	32	79	72	21	63	63	14	37	79	98	67	70	65	55	63	4	35	49	63
16	34	7	70	36	43	18	97	49	77	10	78	48	40	58	18	56	35	44	81
94	1	9	73	28	52	61	67	97	12	58	47	89	35	79	32	26	10	36	79
46	66	65	61	69	20	19	31	7	37	8	70	92	69	69	16	25	35	42	85
82	51	100	38	19	63	90	13	62	27	92	47	99	65	35	29	36	48	4	8
33	31	61	60	5	89	56	21	67	63	7	92	68	52	98	96	67	27	42	6
31	6	70	80	46	61	71	27	34	41	80	77	31	34	52	52	91	40	34	31
8	70	47	99	20	1	79	47	68	40	62	9	6	99	78	27	61	81	15	44
18	30	87	26	83	30	61	35	100	46	6	27	94	12	99	61	59	72	61	45
82	25	59	94	79	71	72	33	56	25	91	10	26	90	13	78	83	22	16	90
41	45	47	22	35	36	16	94	100	18	68	90	21	71	62	94	71	94	48	13
59	28	79	76	55	96	2	4	100	21	78	38	56	71	5	38	78	38	60	44
56	78	34	39	58	2	90	55	29	20	8	90	74	4	31	13	66	72	67	39
34	13	95	79	40	30	35	50	67	25	16	34	34	4	58	82	95	41	18	54
6	47	75	81	14	88	64	53	40	92	72	7	71	21	10	43	83	55	99	28
67	41	89	4	5	74	56	71	47	50	18	26	54	14	33	87	38	15	66	53
67	82	10	75	54	10	64	14	94	15	99	41	43	91	87	66	59	72	77	40
32	94	7	91	75	46	53	58	88	23	6	69	89	47	62	86	31	14	51	95
11	43	77	32	51	77	84	63	27	67	29	67	39	26	21	73	76	19	1	8
57	7	27	71	10	31	53	96	30	2	36	45	21	82	30	90	18	75	41	98
63	90	32	21	95	40	31	64	27	89	10	12	14	44	39	5	17	6	23	20
25	88	34	25	32	84	46	58	97	31	55	1	78	3	46	67	76	6	77	71
1	90	70	41	92	24	32	78	43	26	73	13	53	22	74	75	57	7	89	12
94	73	67	96	35	10	35	11	98	72	29	12	29	53	19	36	18	93	33	8
52	69	15	72	59	43	49	57	30	71	11	69	17	66	77	28	23	75	7	83
90	22	80	71	97	62	84	100	3	38	58	64	75	81	60	26	59	96	38	92
61	78	81	28	62	61	95	64	76	92	14	43	86	50	19	31	89	44	76	97
59	49	54	93	14	47	95	36	6	52	70	28	38	16	22	12	41	53	10	36
68	20	25	12	25	15	79	25	63	30	37	15	21	41	33	13	25	89	15	15
67	60	59	25	22	87	6	71	28	7	90	37	35	40	29	39	25	43	68	100
69	70	74	77	16	56	7	97	83	10	88	53	38	96	70	9	62	1	90	39
10	8	97	56	41	100	80	81	12	95	88	82	21	16	46	98	86	82	9	66
80	9	89	19	20	37	99	40	71	21	77	25	53	30	91	61	73	18	36	16
76	26	86	89	22	6	33	23	50	73	23	80	92	25	59	1	20	79	37	4
1	41	11	92	18	64	30	91	26	86	25	69	47	93	90	54	24	1	97	14
5	77	90	99	99	98	33	29	71	90	42	95	82	33	16	36	16	94	72	58
77	42	98	65	48	55	34	99	35	6	78	20	83	23	100	25	51	12	93	20
32	2	21	36	44	31	87	15	78	55	38	30	29	39	38	64	79	26	51	45
64	34	94	66	12	23	12	60	33	91	85	4	1	52	27	76	21	62	21	18
68	20	22	80	68	49	91	44	86	36	46	25	62	49	57	98	8	55	25	22
19	28	82	87	70	35	29	78	13	62	43	17	6	34	77	45	13	15	98	64
32	69	75	98	45	60	43	53	95	29	69	66	38	100	99	41	39	35	10	34
21	13	32	24	93	30	20	28	73	13	86	93	58	61	91	51	54	84	42	11
92	77	84	84	94	77	79	7	35	37	6	78	5	65	43	19	38	51	5	16
40	15	80	83	44	76	9	77	10	49	87	55	94	100	42	45	30	48	30	17
51	14	93	36	7	8	89	93	19	72	14	3	80	27	71	78	97	1	40	19
68	2	97	87	50	52	85	6	24	99	89	90	22	89	65	26	22	45	76	36
88	17	59	38	36	84	75	68	29	65	48	29	9	12	49	50	17	7	86	56
24	83	70	20	83	25	82	91	62	45	56	52	26	5	32	52	43	60	52	66
77	18	77	59	51	61	82	10	41	16	10	16	59	21	12	5	48	40	56	12
3	85	6	85	10	96	4	4	81	98	7	58	56	20	79	7	6	11	69	23
44	72	51	47	36	40	94	6	93	27	4	4	4	40	64	93	12	93	50	55
