5	200
6	54	79	65	37
16	72	74	4	38
37	73	4	80	48
89	91	1	72	24
50	96	37	11	36
42	52	92	5	85
19	2	59	7	4
47	59	54	46	47
58	18	59	44	58
14	98	39	6	95
78	27	55	32	97
11	17	68	30	96
64	80	70	20	20
36	14	98	77	2
30	38	56	25	66
32	37	94	54	22
44	14	86	10	8
93	47	28	11	93
30	91	25	51	84
78	49	40	25	23
100	100	62	5	66
41	71	31	66	65
74	23	15	8	52
51	94	60	12	28
89	87	88	84	72
39	13	6	42	88
84	98	70	31	23
44	52	82	45	68
22	17	62	46	20
7	77	18	99	33
85	89	28	98	34
14	13	79	34	27
28	66	89	78	81
77	54	84	86	8
99	13	16	45	6
73	25	42	65	65
63	96	7	9	4
96	71	73	98	10
32	73	48	19	40
56	28	84	66	43
54	94	33	91	34
73	73	83	92	62
89	71	15	70	65
32	59	80	75	86
7	82	86	77	77
27	65	98	5	51
45	42	77	22	11
69	64	17	75	31
23	88	81	37	21
61	59	79	54	8
97	49	9	81	37
73	8	56	15	8
8	76	78	42	17
47	95	94	59	96
69	43	5	44	63
19	1	50	56	16
69	87	44	97	54
97	33	97	85	39
62	8	2	68	24
48	10	40	20	74
67	65	20	59	40
55	44	65	18	18
72	58	1	100	40
21	32	81	88	21
15	99	10	20	34
61	42	38	21	16
10	62	30	82	50
4	68	86	58	99
53	68	79	67	68
4	7	2	28	4
16	29	52	100	60
68	56	1	25	80
14	6	45	2	9
11	28	20	51	37
54	47	24	90	68
47	20	43	53	31
54	40	11	17	1
81	10	31	23	82
49	68	61	79	86
47	24	78	58	58
77	88	52	92	51
69	5	63	32	13
48	13	48	95	26
74	96	28	1	29
1	98	97	69	88
87	87	46	4	22
24	43	86	95	55
67	88	20	67	32
76	47	100	10	35
37	20	67	53	12
52	96	77	30	57
79	91	83	4	65
83	60	60	11	90
6	27	54	41	60
87	76	62	70	53
54	99	88	35	52
67	20	93	92	70
28	66	56	39	76
76	5	17	3	49
17	88	89	20	29
10	66	26	94	26
76	35	8	77	3
81	4	49	52	98
63	67	68	41	63
40	72	15	66	84
82	60	59	21	37
67	10	68	6	43
2	95	99	66	95
93	59	79	37	95
72	57	65	5	87
50	20	49	58	90
39	52	61	10	45
16	76	87	41	37
72	36	43	9	97
69	68	2	47	70
81	93	79	71	13
25	95	54	35	87
47	62	11	17	5
50	34	90	22	79
17	73	39	100	23
37	15	56	9	18
83	19	2	88	10
46	73	90	98	21
22	22	53	55	90
11	25	26	5	47
35	79	81	68	53
9	55	79	49	76
10	39	46	17	5
29	60	24	8	59
77	45	92	1	58
95	21	84	11	13
12	89	52	63	84
4	38	35	35	2
92	95	42	22	11
83	77	36	51	62
51	2	19	46	70
90	88	80	11	59
89	71	69	36	65
21	88	84	34	1
91	26	89	7	68
83	4	70	91	76
19	85	34	50	62
11	71	6	93	94
17	58	25	77	13
21	26	7	58	91
95	94	2	50	71
26	13	13	79	88
87	18	90	35	40
4	38	20	74	55
51	82	92	41	85
34	2	13	94	47
57	97	12	100	81
25	83	84	79	37
98	59	28	5	7
99	69	90	37	10
84	7	33	4	41
14	3	62	66	38
25	100	20	33	32
90	6	90	54	16
21	54	41	38	57
92	54	87	34	86
65	12	77	84	63
51	65	9	60	68
22	22	19	42	12
98	40	96	74	17
93	79	36	22	90
31	66	95	48	49
60	17	28	80	73
13	24	36	70	81
26	98	31	87	94
99	35	100	27	59
53	59	14	18	93
87	77	56	95	33
85	70	61	11	8
6	94	40	70	99
75	4	26	93	92
95	48	49	28	91
96	67	69	89	96
2	4	11	87	86
37	69	42	38	97
56	38	21	79	88
6	96	31	28	85
49	33	21	26	99
40	28	28	4	37
18	1	73	15	7
3	83	53	84	63
6	63	89	96	36
58	28	71	41	86
1	37	42	5	48
69	83	86	89	47
9	41	38	1	80
55	66	6	72	85
23	43	47	66	79
87	45	25	90	41
12	58	88	18	36
81	60	68	68	39
21	98	65	37	54
66	25	88	17	82
93	23	99	56	64
59	90	76	27	61
