5	100
3	19	15	20	8
16	9	7	16	5
2	12	18	13	1
6	20	12	18	9
6	17	5	19	15
2	14	2	1	2
9	6	7	18	3
3	19	4	18	12
5	13	18	12	19
12	4	13	8	4
16	16	11	9	17
6	15	16	6	7
2	7	6	14	16
16	5	20	11	18
8	17	14	6	5
13	19	13	20	3
18	2	14	18	7
14	16	18	2	17
9	4	19	12	11
18	8	4	17	4
8	5	3	11	16
20	2	5	5	4
8	2	17	3	10
1	13	8	8	2
1	8	18	14	9
5	19	3	16	7
6	16	17	17	16
13	19	4	3	7
12	12	14	19	10
8	8	16	2	10
5	20	16	15	3
1	7	9	2	12
1	20	9	19	19
13	6	20	7	17
2	10	6	1	11
9	14	20	4	2
18	3	1	7	2
6	20	2	14	16
7	11	2	11	6
13	4	16	20	18
3	8	10	6	8
16	15	16	5	14
7	7	5	1	15
19	19	2	17	13
13	4	7	11	11
12	8	15	15	18
6	19	1	7	20
10	14	16	20	7
12	5	18	20	10
20	6	2	17	8
15	2	19	7	5
19	2	19	16	16
8	20	1	7	8
8	7	19	2	5
6	3	3	10	2
9	7	7	2	11
7	6	19	8	4
5	1	14	3	1
9	15	1	5	19
13	4	11	12	3
14	7	1	13	3
12	20	10	5	16
13	15	18	5	9
3	2	13	3	4
8	13	17	1	16
11	3	19	11	10
5	16	15	19	18
20	5	6	6	13
6	11	9	7	9
14	17	16	16	17
11	12	8	9	16
1	11	1	18	12
9	1	19	16	11
17	1	20	8	9
18	16	8	11	18
17	4	10	12	2
14	8	3	15	19
14	8	7	4	17
10	5	9	15	4
5	13	14	16	13
14	18	8	7	19
16	5	18	11	19
17	1	9	16	18
2	19	4	17	18
9	14	16	12	20
14	8	13	8	13
5	11	15	20	9
17	20	16	17	4
10	11	16	5	20
9	17	13	18	2
7	9	17	19	5
20	2	17	8	6
8	12	11	18	15
6	7	9	8	2
3	3	8	14	9
18	19	12	12	11
18	15	16	6	7
16	15	17	16	9
15	3	8	12	16
18	1	18	10	14
