5	50
19	7	18	13	8
7	16	14	12	6
2	20	16	3	7
20	9	3	9	13
18	15	17	10	13
17	2	9	3	18
16	3	19	9	17
17	5	15	6	8
5	9	1	5	3
17	19	14	15	1
16	1	18	17	5
4	10	9	20	12
5	7	12	15	11
19	1	8	7	11
16	14	17	1	8
9	15	12	7	17
19	9	14	3	2
15	6	3	4	13
7	17	16	15	4
18	18	7	15	4
17	12	8	5	5
2	5	18	9	16
10	18	2	3	13
17	13	10	13	16
14	19	4	15	4
20	18	2	17	10
12	8	18	3	1
7	2	10	18	20
10	9	14	8	3
9	15	13	3	8
5	9	14	19	11
19	8	14	1	6
4	4	1	20	5
2	1	20	3	6
16	4	13	13	7
6	5	16	12	16
6	6	20	10	5
4	14	19	13	3
19	8	10	12	16
7	9	15	4	2
8	15	11	17	12
2	16	2	13	6
14	13	2	5	1
19	4	11	15	1
8	3	8	1	8
8	14	1	17	20
18	11	13	11	8
11	15	4	19	4
8	13	6	8	9
7	6	5	11	18
