2	100
13	29
26	35
11	41
11	16
36	8
22	17
6	9
19	24
44	36
6	39
37	17
41	17
25	26
45	16
27	11
12	7
29	21
5	47
18	18
28	17
47	9
15	23
44	7
10	8
2	18
33	16
31	8
1	47
38	10
11	35
47	46
40	25
46	15
38	36
4	22
7	26
9	39
43	29
3	19
23	18
17	37
14	9
28	47
27	22
21	9
10	9
8	44
21	1
20	40
28	29
20	25
4	30
12	8
8	43
15	23
45	20
37	44
19	10
32	31
48	50
39	17
16	46
13	48
19	15
18	42
10	13
42	45
49	42
34	35
48	21
39	35
7	48
14	40
22	14
26	11
20	39
43	28
41	3
10	9
17	14
39	43
25	24
14	32
29	43
46	27
27	48
33	27
11	5
10	18
32	24
27	5
40	8
23	21
21	14
5	46
33	25
18	35
32	47
11	33
35	32
