2	100
2	33
10	19
5	39
44	14
47	10
19	44
47	16
32	22
16	20
25	38
36	26
19	17
41	29
38	40
18	42
29	12
11	42
4	5
29	17
15	32
14	3
9	35
44	12
45	10
1	7
34	8
8	34
2	26
15	43
28	26
1	4
46	6
32	7
33	5
13	27
43	49
6	43
25	33
17	34
24	29
34	28
40	12
8	21
5	28
41	28
41	36
40	39
31	10
7	3
4	37
30	41
48	24
15	35
3	16
9	19
9	31
20	49
42	24
14	35
49	11
2	6
14	35
37	7
10	17
12	16
27	15
31	37
50	44
31	17
47	23
19	40
20	22
19	10
17	42
47	8
46	22
5	43
36	24
27	13
37	8
26	36
4	44
43	45
50	34
49	49
43	48
38	26
42	13
37	43
17	27
41	18
21	4
20	5
10	38
2	27
17	18
30	40
47	33
36	26
29	24
