5	200
22	27	25	29	38
3	20	42	2	10
28	40	14	4	32
39	38	13	44	2
9	13	37	45	2
44	41	44	46	36
11	11	42	14	50
44	28	45	19	23
3	5	8	28	34
15	30	10	42	17
48	50	50	30	43
10	40	30	27	45
13	27	46	16	50
18	48	1	4	39
12	44	44	21	50
4	5	9	12	38
14	31	2	30	39
12	11	12	21	40
4	48	18	25	10
27	9	43	29	17
17	30	6	4	5
4	6	30	31	39
5	31	19	40	31
33	25	17	27	38
8	37	30	15	35
15	26	20	11	23
45	13	31	46	21
35	25	48	25	36
7	32	32	32	36
24	29	28	44	28
2	43	17	42	10
31	50	42	20	41
28	37	19	8	44
43	1	24	20	47
8	27	43	42	31
27	5	49	29	12
37	49	26	33	22
3	46	40	37	40
35	34	29	35	8
21	13	24	38	43
23	5	9	48	21
26	1	25	11	34
27	2	13	9	5
30	11	37	37	42
47	12	38	31	13
25	49	8	35	11
14	31	11	36	39
32	41	29	13	46
3	22	29	4	14
33	21	21	31	29
10	26	38	47	47
11	18	28	35	47
27	43	41	1	20
46	41	28	20	24
40	33	25	41	39
26	33	35	18	30
4	28	28	6	1
38	44	15	40	28
14	13	44	16	19
11	31	29	34	18
43	43	1	8	39
28	2	47	8	22
28	34	11	6	43
49	15	35	50	32
2	27	39	42	10
27	39	9	22	29
45	5	1	50	38
11	28	21	17	23
37	47	7	18	1
31	2	39	24	20
47	47	29	3	17
16	5	10	48	13
40	44	26	30	28
24	33	12	18	32
22	44	18	28	46
5	20	21	42	30
26	50	36	2	33
49	26	48	33	22
7	18	24	5	33
43	22	28	41	27
48	41	21	42	48
3	29	2	8	12
47	35	19	19	38
40	9	24	48	29
48	36	29	47	26
5	21	14	45	3
34	43	30	15	33
36	29	44	4	30
20	25	41	22	26
22	50	6	18	43
35	49	30	12	30
13	12	25	17	44
33	16	7	5	29
5	6	4	37	3
12	16	20	18	10
23	45	8	21	5
5	15	46	2	19
35	13	18	36	20
24	4	28	11	48
5	18	36	44	21
17	47	20	16	32
19	29	12	3	7
18	5	5	13	39
18	20	6	37	44
43	38	18	17	29
8	39	10	21	5
6	10	14	50	39
9	46	30	20	50
6	1	15	30	3
20	50	15	22	30
35	13	50	1	29
29	29	4	38	25
31	20	42	49	2
8	41	5	25	31
22	40	36	37	38
42	24	39	14	10
8	24	39	41	20
44	11	14	22	10
30	43	43	46	19
37	9	17	29	45
29	46	41	41	9
45	27	13	13	37
6	41	40	29	17
8	32	1	29	8
48	28	33	15	1
30	48	41	18	2
33	7	11	20	31
13	33	48	33	25
18	48	1	35	5
40	4	15	30	12
6	9	38	21	48
1	13	27	41	29
48	37	46	12	5
49	31	21	48	4
25	34	19	5	41
50	28	49	10	12
27	33	11	6	46
25	20	40	22	31
1	7	8	4	27
31	3	39	31	7
10	33	18	27	37
22	41	34	30	48
24	14	17	30	3
15	26	40	16	30
29	41	49	17	4
19	27	15	28	10
48	39	19	4	2
44	16	34	20	25
35	37	10	25	8
37	40	29	2	13
5	14	23	1	28
19	35	1	23	19
45	27	6	20	1
35	45	14	28	10
50	42	20	42	46
43	31	24	10	18
29	49	13	15	6
35	17	19	27	33
9	15	12	2	30
9	31	41	25	24
42	27	1	43	14
13	44	32	5	35
38	12	42	6	40
47	14	41	15	16
19	27	37	45	1
35	31	19	12	38
13	41	50	37	26
3	48	21	2	43
42	35	14	42	46
48	24	6	13	34
45	40	26	9	5
16	40	6	42	29
33	25	20	18	23
48	12	6	31	38
49	43	39	23	25
34	13	46	50	4
12	26	7	29	43
23	15	41	32	11
13	42	30	24	11
17	16	47	20	48
36	18	26	26	35
3	1	4	34	22
3	45	7	38	18
7	19	41	25	50
33	22	25	21	25
7	14	16	12	9
18	16	27	2	19
44	1	32	45	41
23	12	7	10	8
18	36	42	7	4
49	25	23	20	16
15	44	6	1	29
39	36	42	26	4
38	19	5	20	24
7	37	47	34	28
21	15	15	13	8
22	23	10	9	10
43	44	7	37	5
1	46	32	16	3
38	21	32	7	21
