20	50
13	20	6	18	20	7	8	13	16	18	20	17	19	20	18	14	13	5	7	1
12	4	11	12	18	2	12	9	17	9	4	4	5	5	7	14	3	7	2	7
3	11	18	17	16	1	5	8	3	13	3	9	18	2	1	10	10	15	1	19
15	19	17	7	15	16	13	14	13	4	11	6	3	20	19	1	6	14	16	17
17	5	6	4	6	15	7	4	5	18	5	9	7	4	12	4	14	11	3	20
9	11	15	19	3	17	7	18	3	20	4	16	19	4	2	11	13	14	1	20
9	9	10	16	20	3	20	19	8	15	7	15	11	16	8	7	11	8	2	9
9	9	1	5	14	9	10	3	3	2	11	1	11	4	12	1	1	19	19	20
18	9	11	9	14	9	5	3	17	16	20	6	13	12	12	20	9	6	2	12
13	17	16	6	5	7	5	8	5	8	6	12	9	2	12	20	19	13	11	6
4	7	7	8	2	6	9	19	13	12	12	15	18	7	7	2	13	5	4	7
5	18	18	9	10	9	17	11	1	12	2	16	15	17	9	7	10	9	5	20
18	7	16	14	16	11	15	3	15	10	8	15	9	5	2	6	9	18	19	14
9	18	18	1	10	17	1	1	19	1	12	5	1	5	10	19	3	5	14	19
15	15	17	11	5	8	8	11	16	3	18	13	11	11	11	20	9	15	4	20
11	14	4	14	19	4	14	4	15	4	4	5	5	20	19	15	2	8	16	3
9	10	6	17	4	20	14	10	15	10	10	8	1	15	9	2	12	3	13	2
14	4	16	13	19	13	9	12	13	17	18	1	19	1	11	2	8	7	11	19
10	5	10	6	14	17	4	10	12	18	3	20	15	15	10	6	14	13	18	11
12	3	18	18	12	10	9	1	5	8	14	5	12	14	12	9	14	11	20	3
10	19	20	15	14	19	7	5	12	6	8	15	9	20	8	8	8	13	14	4
8	4	6	5	4	19	8	2	3	1	12	4	14	16	2	13	3	3	4	14
4	5	10	19	20	19	16	13	6	5	2	2	18	16	16	7	14	16	12	16
11	5	2	11	14	5	2	14	18	15	5	5	9	20	1	4	14	7	5	6
3	16	16	19	19	11	7	19	1	16	20	7	12	9	4	19	3	19	6	16
18	3	15	12	1	17	13	18	15	12	13	7	12	7	13	15	10	4	12	4
19	4	14	3	16	18	14	1	17	3	1	15	2	10	8	1	2	5	18	2
18	9	4	9	4	13	16	6	16	9	9	20	8	2	17	15	9	12	16	3
4	13	1	12	12	18	6	2	19	13	14	6	6	10	6	10	20	6	20	3
3	9	6	9	14	2	8	20	13	14	13	10	9	16	19	6	9	12	17	6
7	14	7	3	15	4	14	18	17	8	16	3	13	14	1	15	7	12	18	11
10	7	10	6	1	5	18	11	12	1	2	8	9	14	16	9	3	3	15	11
8	11	3	5	19	10	17	15	15	5	19	17	14	7	17	1	5	2	3	10
7	3	6	16	7	8	15	20	18	12	13	4	18	8	3	20	4	5	7	12
9	3	17	8	2	5	14	3	18	16	5	1	1	5	5	6	5	8	19	11
16	17	17	3	12	16	20	7	4	17	17	20	15	11	2	4	7	19	15	2
15	12	3	3	8	12	4	13	4	18	15	17	7	17	17	12	6	14	16	7
6	7	20	1	20	5	6	10	4	1	19	6	13	17	16	4	15	15	16	20
13	7	4	7	3	20	14	19	15	11	18	14	4	9	17	8	13	3	3	3
7	14	10	3	19	10	5	10	1	13	17	12	18	16	15	20	4	13	18	1
12	8	16	14	4	6	2	5	1	9	12	13	12	14	14	19	17	1	8	14
16	5	18	2	14	7	17	9	14	18	4	20	5	3	11	19	19	17	20	14
8	20	10	13	2	4	20	5	2	16	3	4	6	5	5	8	11	14	20	17
10	14	11	4	5	13	9	10	3	16	1	1	1	14	6	16	16	6	1	10
7	12	8	19	15	1	14	20	18	4	9	5	17	3	5	15	10	6	8	9
16	11	2	7	16	2	3	12	19	10	13	5	13	11	10	18	6	13	9	5
19	10	12	20	8	16	5	18	9	12	7	10	18	13	15	17	11	2	4	13
18	3	1	9	12	4	13	7	14	8	9	18	17	3	11	7	20	3	19	20
18	5	4	7	4	3	8	1	17	14	7	5	9	17	7	16	9	3	9	4
3	18	5	1	4	9	13	15	2	8	18	9	3	4	15	14	20	14	5	9
