5	100
73	23	1	75	3
19	64	53	34	5
62	76	34	25	14
53	37	24	69	82
52	81	67	40	19
37	71	23	94	98
29	100	95	6	14
33	41	13	65	70
6	4	94	14	56
61	19	39	36	9
6	11	69	28	43
93	57	62	56	67
49	41	60	37	76
63	81	29	12	81
12	24	60	99	77
48	87	53	84	59
19	32	88	85	92
18	32	68	63	22
77	79	57	98	22
65	45	57	38	94
80	90	28	56	97
82	52	70	51	95
6	4	78	98	49
17	54	75	46	58
31	14	66	90	5
33	67	62	78	12
4	30	15	91	79
29	5	33	88	10
67	62	17	69	17
73	2	60	50	6
12	70	12	81	63
67	24	38	52	65
16	91	93	39	91
77	89	88	19	20
12	22	88	37	92
70	97	98	74	32
32	8	13	73	1
34	19	35	28	13
5	68	81	24	95
77	70	79	78	40
85	14	41	30	95
90	83	76	89	94
70	27	65	21	33
8	78	21	39	57
58	55	60	6	16
45	41	64	42	16
100	19	20	34	47
18	67	83	78	11
52	43	47	35	44
78	3	61	92	87
99	50	40	21	83
31	55	35	14	50
50	19	34	74	94
51	7	31	74	15
42	95	43	28	6
16	8	26	63	38
42	80	73	56	17
50	79	100	52	17
64	32	70	29	62
33	9	73	41	93
72	72	88	77	46
4	8	12	16	67
23	29	73	77	9
70	47	79	57	45
72	8	80	57	51
10	26	15	67	74
7	36	86	70	67
70	93	96	10	14
43	67	85	85	95
36	60	93	20	92
87	31	17	97	21
64	93	31	26	36
78	94	46	42	61
88	44	3	11	40
77	51	69	44	2
6	24	95	63	16
51	34	95	75	88
76	20	90	50	3
77	62	71	75	36
49	22	43	25	8
93	57	83	81	16
36	63	73	95	16
40	98	69	11	86
45	99	71	55	85
69	54	54	8	63
16	81	95	9	54
84	82	71	55	24
94	51	15	60	52
14	47	96	35	64
80	93	61	89	92
50	51	88	40	40
39	4	76	19	1
56	68	65	42	33
59	28	14	88	92
94	85	12	4	72
22	59	19	45	83
23	21	6	18	4
33	95	32	16	85
91	76	97	60	96
46	83	54	2	5
