5	50
77	20	89	19	27
20	12	33	67	46
52	24	47	71	21
8	84	79	51	74
26	90	75	4	97
17	45	37	72	39
24	94	67	29	21
68	29	37	84	84
6	27	43	66	45
95	34	41	80	54
51	26	65	12	89
88	46	85	23	10
76	76	61	29	22
58	57	19	51	53
79	48	96	68	69
99	48	9	59	2
83	4	57	19	88
98	30	56	41	34
23	44	15	74	9
31	66	14	44	88
39	16	91	28	75
4	31	98	44	90
41	37	27	21	28
72	19	43	42	25
29	2	78	17	31
35	33	23	59	38
33	34	66	72	63
67	14	30	44	85
68	32	12	52	94
86	18	94	47	38
12	24	73	20	60
38	38	75	97	40
71	8	39	6	57
7	72	55	58	61
59	90	99	58	57
97	91	27	24	45
18	40	77	22	27
10	62	46	13	26
29	40	33	5	14
60	93	6	95	87
15	63	36	86	80
22	26	15	63	63
47	12	51	53	23
31	32	18	80	48
46	26	43	33	32
19	58	95	44	98
5	85	32	38	30
55	5	91	42	6
84	47	83	50	80
18	89	81	82	83
