10	200
25	67	55	56	33	75	64	34	17	53
30	99	10	46	29	21	62	32	46	98
39	65	9	19	86	71	32	38	41	60
90	81	24	76	29	10	75	48	31	43
51	91	5	18	23	45	38	43	9	91
69	74	71	44	58	60	58	37	70	62
44	26	94	57	64	50	75	35	17	20
47	14	1	3	48	49	61	92	97	42
34	89	30	50	91	16	10	80	18	70
53	39	78	69	100	25	97	48	55	74
70	4	27	90	45	56	74	68	97	9
100	66	40	29	29	55	97	44	66	48
40	96	18	47	67	8	37	32	4	23
52	13	37	24	72	31	62	41	6	36
43	42	83	9	71	87	99	50	41	45
29	53	83	7	34	75	86	80	23	37
19	42	65	74	57	87	30	17	57	99
94	56	39	30	6	98	13	9	77	80
10	87	92	60	95	100	31	30	90	97
45	82	18	69	18	1	78	10	52	84
58	82	93	42	52	73	14	53	2	37
63	77	3	43	28	32	51	6	80	58
56	100	28	61	55	12	39	71	13	5
20	4	58	94	23	28	95	50	8	23
86	79	29	54	35	68	80	75	42	86
51	73	31	94	28	59	55	33	88	41
35	44	40	98	17	60	20	10	21	100
38	1	98	57	73	78	71	74	27	87
33	64	30	28	54	48	74	64	66	64
74	63	62	68	89	43	39	31	38	75
48	70	55	42	49	50	75	74	22	51
88	82	7	2	9	71	14	13	45	69
87	56	45	57	27	76	40	31	69	31
40	41	37	52	39	63	10	88	79	4
73	100	43	16	77	92	56	61	59	18
29	26	87	69	89	93	26	98	16	74
11	45	5	92	12	48	45	55	63	46
62	27	34	41	96	87	13	30	81	35
20	80	72	52	2	14	55	68	64	47
38	12	72	6	94	29	96	52	4	30
48	2	99	14	56	2	92	47	73	2
80	97	17	82	54	32	74	53	90	98
93	78	92	16	9	50	55	29	47	68
91	62	26	52	88	19	81	59	96	100
22	8	96	62	67	41	96	91	52	63
55	43	62	6	37	70	10	83	5	6
48	64	100	5	11	18	72	66	94	36
51	16	57	90	77	86	83	31	50	68
55	64	77	85	13	49	1	20	16	18
9	99	54	91	53	58	9	91	51	50
70	30	98	16	13	40	86	72	30	52
88	79	34	38	51	84	88	15	92	63
18	52	50	77	28	52	62	67	38	19
77	92	80	100	98	26	67	61	73	74
63	29	90	65	30	30	66	17	40	69
71	94	99	88	32	18	80	21	89	61
79	20	35	11	75	96	99	34	40	26
17	27	43	19	1	90	63	86	47	98
87	46	28	69	49	83	94	93	69	81
46	47	72	13	96	44	95	79	90	34
31	33	77	14	53	44	52	80	88	43
56	94	75	92	75	33	92	66	63	93
3	7	66	59	81	71	56	31	24	58
95	84	97	13	67	55	69	15	17	5
31	14	5	26	25	52	72	80	38	63
52	29	16	97	32	25	67	18	33	82
89	22	56	31	48	72	98	62	26	20
64	78	50	59	62	89	2	40	35	30
99	76	93	62	7	67	68	100	82	43
88	51	82	35	16	10	58	75	78	53
55	11	55	18	99	74	80	58	36	43
23	27	84	4	83	14	29	95	24	82
5	98	80	84	33	13	97	15	44	52
31	28	63	82	75	89	21	75	63	33
87	11	65	39	20	61	68	78	53	2
82	64	51	97	49	57	31	72	86	86
77	66	15	84	12	96	65	3	29	94
93	55	33	92	95	94	33	41	64	72
46	20	62	42	71	68	77	67	33	19
59	50	90	77	56	22	97	82	28	25
97	65	49	59	10	27	31	60	2	55
25	90	8	14	41	58	4	73	14	45
19	99	70	11	36	44	66	57	36	73
98	52	14	39	76	82	71	4	32	44
37	17	66	78	94	69	42	76	37	99
19	24	68	83	7	99	96	38	23	66
62	75	25	29	58	73	76	70	38	59
88	1	41	70	8	2	34	92	17	68
2	90	20	38	55	74	84	32	33	78
86	33	81	67	82	63	93	37	21	22
93	73	38	78	11	18	83	99	76	5
65	4	21	56	65	73	56	88	74	85
89	45	38	61	73	55	21	75	88	46
10	97	72	96	75	30	52	43	27	37
91	86	56	28	13	83	12	25	2	10
8	6	63	37	34	49	35	78	5	57
98	8	11	31	95	69	33	26	82	35
21	13	62	37	94	4	89	10	48	91
44	96	73	79	38	5	34	36	62	27
95	74	38	70	40	84	75	26	33	45
50	86	44	68	89	95	44	27	44	30
60	26	31	15	14	2	35	33	93	91
35	98	64	56	41	47	76	92	98	11
29	64	78	3	41	58	53	6	91	44
61	8	92	32	67	70	44	24	57	38
49	43	34	43	10	53	22	89	27	42
19	53	29	34	2	97	48	28	74	57
50	30	43	49	30	28	6	32	89	71
4	53	35	61	62	87	31	36	94	89
36	65	80	49	25	9	80	59	31	71
22	16	50	1	88	20	100	85	13	83
48	90	100	56	39	67	18	68	72	15
66	13	35	86	21	85	50	94	24	22
49	47	2	18	50	88	3	35	73	43
87	46	23	12	41	46	65	24	11	59
91	12	88	17	5	9	82	65	80	4
70	7	61	91	34	1	89	83	7	51
65	84	96	29	28	21	90	24	45	76
21	27	84	66	32	38	60	85	13	41
7	38	55	70	74	81	85	33	78	41
57	83	17	60	94	8	16	59	89	85
19	59	20	5	83	43	23	95	60	97
42	4	70	67	45	27	29	27	56	47
36	58	46	4	19	39	11	24	72	24
22	1	96	29	22	49	18	51	87	31
59	91	74	82	100	53	13	50	16	68
79	90	4	43	50	62	13	17	86	45
33	99	24	36	76	41	9	42	46	97
9	79	40	25	89	46	84	65	5	67
26	61	9	5	46	32	97	54	79	60
36	2	65	42	99	60	67	39	6	59
45	71	5	19	59	1	51	80	54	4
79	49	12	20	19	72	90	19	91	45
45	55	63	86	61	7	15	98	26	29
79	46	59	46	22	56	56	90	47	45
81	18	1	76	82	88	91	45	23	27
70	49	49	62	15	91	8	20	58	52
87	53	54	25	26	34	90	66	99	64
17	100	73	46	64	27	55	88	5	74
17	70	75	100	60	30	97	98	32	32
48	37	33	95	59	29	64	76	50	48
98	25	47	60	11	70	77	4	99	88
37	21	16	85	35	18	78	55	66	96
37	93	35	67	17	81	68	78	87	36
64	79	38	57	76	92	23	16	90	90
54	94	100	44	95	28	22	48	60	42
51	10	11	55	12	6	91	80	43	31
2	99	18	63	25	58	83	59	9	44
95	62	66	76	42	44	94	91	72	89
59	21	19	45	85	54	69	84	45	71
2	43	74	59	88	56	77	37	19	38
46	63	40	17	48	89	45	35	13	68
13	100	8	54	72	82	81	73	79	71
90	99	14	39	42	53	89	7	89	87
68	58	73	35	44	97	81	2	98	97
10	34	71	78	58	2	35	20	88	6
76	4	58	48	48	47	49	2	75	96
100	38	46	27	1	56	28	74	11	76
2	79	76	82	62	56	28	37	81	41
18	70	20	84	12	64	100	25	88	97
48	79	27	3	97	73	88	45	77	3
74	62	10	13	5	97	29	77	87	92
20	12	22	34	78	31	19	63	16	37
57	4	87	14	28	23	52	74	85	90
68	83	61	79	67	56	61	7	79	16
36	23	38	96	78	37	58	93	25	67
54	26	30	40	46	71	76	96	85	82
45	56	92	98	24	37	52	43	68	22
70	12	84	1	2	34	66	91	36	92
65	59	49	19	36	43	54	21	33	97
81	65	23	98	71	81	32	41	72	42
85	16	26	3	98	43	42	30	39	13
6	85	61	94	17	86	7	74	62	82
84	31	11	72	42	6	90	87	30	21
3	25	20	95	7	50	34	46	21	94
2	24	82	21	91	96	5	29	81	86
74	59	79	91	58	54	5	55	61	92
53	56	1	19	10	81	66	66	87	68
53	62	53	69	80	60	49	90	81	47
1	61	6	45	47	45	47	29	37	54
45	79	85	30	41	47	24	64	11	11
30	40	42	14	33	13	6	10	11	99
5	16	74	15	92	92	50	56	72	66
34	37	29	34	23	74	77	24	28	34
37	86	79	71	17	62	20	92	12	34
39	37	19	39	49	30	5	71	38	49
97	68	93	45	77	93	11	9	92	59
37	83	83	77	62	20	37	4	98	30
73	58	44	38	28	98	19	90	86	94
69	7	86	79	38	69	94	34	94	25
51	12	1	53	98	56	55	43	77	29
93	2	73	8	77	40	24	55	18	79
75	21	23	99	90	31	97	4	40	94
27	4	10	74	79	62	57	92	41	72
44	77	14	57	1	68	34	78	3	98
45	39	17	16	50	31	89	3	63	67
59	52	3	84	3	90	92	99	29	15
83	33	14	46	36	99	8	67	98	23
98	20	1	42	49	88	87	95	25	49
74	55	29	75	13	92	74	31	54	12
