2	200
32	56
5	93
88	48
92	71
33	98
59	34
58	28
72	74
63	5
11	48
50	92
4	46
43	31
74	32
86	57
59	19
66	84
31	5
41	92
83	37
37	17
75	58
55	98
26	7
75	62
89	84
44	31
10	40
52	59
51	58
74	60
85	76
40	41
68	75
98	67
34	71
22	75
11	34
17	47
91	45
5	67
57	25
69	76
75	36
74	91
54	83
41	26
63	77
32	100
19	15
31	52
10	8
29	18
63	70
21	76
23	5
68	6
54	7
4	61
8	65
67	33
2	7
14	52
30	97
12	34
2	18
29	77
15	53
58	50
96	51
14	6
15	98
69	49
15	36
73	56
74	71
92	55
49	99
51	4
94	78
89	66
58	87
75	5
77	92
92	1
50	54
65	58
51	61
18	4
39	66
37	95
25	56
60	32
27	75
29	16
3	55
56	19
63	48
48	29
24	64
72	24
44	72
7	20
6	34
4	88
82	47
66	29
41	94
42	3
27	43
79	3
64	76
98	96
99	47
96	4
14	89
80	75
95	14
51	53
50	41
26	93
71	41
35	57
90	27
78	69
6	45
2	81
85	69
61	69
75	12
21	60
39	100
74	93
67	91
35	28
43	90
54	87
18	87
32	23
41	42
6	73
69	27
99	69
88	100
90	26
53	83
78	38
20	67
54	72
68	43
90	99
93	50
27	16
92	15
64	99
37	38
28	34
6	49
91	12
2	5
5	68
1	9
75	60
12	16
68	52
33	61
55	99
53	8
80	20
1	83
78	73
36	91
90	16
56	45
32	71
76	42
71	63
39	22
98	85
75	67
4	76
48	13
67	77
83	30
82	99
70	72
12	19
28	32
32	11
20	60
5	68
84	97
76	91
91	93
60	31
10	95
45	34
79	2
26	24
25	14
