20	200
57	78	30	44	9	52	60	39	42	6	99	37	72	33	68	31	34	60	49	70
3	98	12	54	94	4	54	16	57	87	95	14	61	14	66	66	42	8	38	85
80	55	64	88	28	68	32	71	72	33	59	53	44	81	53	59	66	76	50	6
98	45	83	56	11	86	76	58	68	3	89	26	22	65	90	49	35	25	27	27
72	84	44	24	28	43	71	81	62	7	100	67	58	32	87	36	72	9	77	43
92	75	4	70	44	33	31	79	91	4	25	42	50	24	35	15	1	60	29	69
15	96	97	61	3	23	69	90	79	54	77	27	48	85	36	98	80	74	80	95
12	93	91	58	83	59	17	35	98	73	36	13	80	9	28	97	78	43	68	22
65	42	1	37	28	99	94	65	89	38	35	27	81	34	57	23	5	40	79	45
6	34	93	7	19	65	47	40	57	40	20	37	7	59	30	71	93	54	31	85
65	52	46	61	38	9	33	47	52	5	92	38	65	24	16	32	50	94	19	63
52	55	8	50	18	99	21	22	5	87	31	52	10	95	80	55	88	32	69	10
33	100	89	53	49	83	73	83	43	99	22	99	35	68	33	11	44	97	44	40
89	11	43	65	74	40	29	71	44	62	44	18	26	9	30	52	67	56	2	36
27	38	80	6	66	33	18	42	62	70	11	92	89	30	22	23	58	24	79	9
54	2	39	82	56	4	74	26	39	81	44	89	96	8	13	51	31	37	100	42
23	88	9	75	52	52	29	96	87	8	95	43	78	93	82	25	99	98	51	62
60	92	4	82	26	22	97	81	18	72	92	22	25	38	87	67	94	65	31	4
76	78	40	31	87	1	12	3	27	89	52	34	87	38	82	31	85	27	49	30
56	48	79	16	16	74	19	41	6	16	32	35	68	47	86	82	53	73	96	25
11	94	55	29	20	59	35	87	56	56	82	67	17	1	49	29	100	24	15	14
82	71	97	12	57	18	66	40	52	1	79	13	32	24	20	62	94	50	96	58
39	33	86	50	34	65	19	68	99	58	82	29	58	83	43	40	98	44	72	3
93	95	35	55	78	70	36	93	82	87	36	51	28	58	75	50	86	47	78	93
100	99	42	94	19	50	55	49	81	80	65	50	78	94	65	44	98	31	73	64
30	26	86	12	23	32	2	1	8	94	54	51	66	80	3	95	54	41	37	28
16	87	12	2	23	86	73	34	93	32	52	56	75	15	63	74	13	30	72	88
49	55	42	88	26	14	85	98	91	71	90	58	95	45	49	43	15	85	89	38
59	68	9	77	42	99	76	52	17	29	83	24	70	50	80	62	46	25	76	9
2	76	43	22	42	95	62	30	66	21	60	29	42	34	29	81	46	65	46	28
38	33	81	62	89	67	88	45	66	88	98	90	9	80	36	84	25	87	35	48
37	47	86	97	70	55	83	36	21	99	16	81	79	49	72	70	95	81	34	76
8	17	65	79	23	70	20	62	98	46	56	60	31	99	91	92	47	85	93	35
84	52	25	67	72	17	12	60	9	67	90	44	54	60	41	21	82	8	74	100
35	21	38	76	43	56	51	81	58	80	23	10	89	99	92	56	93	99	7	7
59	61	54	32	57	13	6	72	59	71	11	40	11	94	1	64	14	49	24	17
67	32	2	30	45	80	56	55	68	85	28	84	1	68	42	75	68	7	20	31
50	80	22	88	70	84	100	96	99	29	43	45	75	91	41	27	59	24	87	77
57	52	4	75	43	27	39	44	53	27	96	7	30	93	67	87	10	15	61	62
80	61	56	39	43	84	10	11	27	15	16	44	21	43	75	99	76	48	45	43
45	57	44	73	34	36	15	82	25	54	18	44	64	26	98	97	96	65	32	60
18	29	17	38	11	52	87	87	19	68	11	63	70	18	17	24	18	84	6	7
69	28	86	74	98	72	81	95	46	79	3	11	16	86	26	16	40	6	63	82
49	29	64	57	43	56	75	47	9	74	79	13	60	26	91	90	44	43	41	39
72	93	42	41	65	100	47	84	92	2	84	13	21	25	59	41	65	30	31	43
98	34	86	72	100	91	52	91	96	36	73	97	65	24	10	57	87	23	92	44
9	91	55	8	91	67	92	36	67	51	26	14	13	99	42	39	7	70	41	75
49	57	89	56	29	87	48	98	15	2	54	42	38	88	34	7	80	79	82	33
99	17	24	45	11	59	85	67	83	72	51	18	82	17	95	53	2	99	79	4
20	95	21	66	97	84	77	26	65	35	60	28	89	9	77	32	33	44	46	71
3	81	15	44	52	37	60	21	93	82	6	81	1	79	14	4	97	59	48	27
83	59	2	49	13	24	29	74	41	64	21	58	54	9	1	39	81	77	15	61
25	56	34	84	30	79	28	11	95	73	36	75	97	19	88	45	80	66	32	28
8	86	80	30	62	48	27	93	78	75	24	20	44	88	3	28	26	18	20	34
96	19	79	69	28	46	62	35	21	57	60	15	46	87	53	39	76	5	23	83
52	36	33	21	49	16	31	9	17	61	19	62	47	99	33	90	8	12	2	16
86	93	72	21	16	10	75	58	35	65	52	21	96	37	82	61	86	59	21	13
16	53	18	60	38	98	68	47	55	64	31	65	4	8	97	60	64	13	5	40
41	73	75	53	10	98	67	11	17	72	5	49	91	89	100	33	75	13	83	19
42	29	4	72	34	87	18	89	41	23	97	74	54	81	73	44	79	66	50	41
32	58	30	83	59	83	74	15	8	64	85	52	30	87	98	13	70	4	20	23
81	78	70	95	75	32	95	11	17	57	55	10	63	43	87	85	99	22	13	51
14	4	81	77	38	46	45	68	83	61	75	75	47	28	61	54	88	36	8	28
88	64	99	52	10	76	89	87	100	14	15	48	91	69	9	77	98	94	58	30
88	28	28	57	83	80	63	35	83	33	97	63	14	86	64	51	5	30	67	62
58	58	68	70	46	27	85	79	19	84	57	95	78	79	40	61	36	43	70	30
13	54	4	68	17	52	35	6	5	59	73	68	27	96	72	30	60	59	11	56
96	85	17	100	76	3	86	36	46	3	15	63	60	38	50	4	55	1	53	95
93	80	74	60	12	90	68	83	7	11	1	78	32	14	35	29	38	4	92	15
66	99	60	3	44	10	8	90	47	69	76	60	6	16	64	16	12	57	89	87
35	3	29	36	3	38	31	47	3	21	66	51	9	39	29	94	20	72	17	2
82	79	37	38	36	42	73	17	51	20	18	82	16	5	80	64	70	25	100	7
79	62	88	26	3	25	51	67	87	70	97	41	41	87	6	56	67	92	1	61
65	15	97	84	4	85	36	4	59	66	24	96	72	10	24	21	92	11	35	11
91	6	30	81	24	77	41	29	100	25	98	79	24	40	42	64	66	5	22	18
89	48	9	21	47	1	70	31	64	86	65	56	57	90	71	60	85	16	61	28
45	8	4	35	69	45	72	33	68	60	55	88	90	17	22	44	98	10	35	23
8	10	65	15	60	42	23	35	69	83	80	50	45	95	74	82	44	74	53	2
29	38	64	5	31	77	66	40	68	27	63	76	82	38	20	35	44	90	75	27
23	38	64	86	81	6	44	95	44	41	1	24	57	33	94	71	47	61	85	83
77	84	67	42	20	4	69	7	76	40	39	55	99	26	80	92	74	78	24	26
34	71	97	28	27	40	19	49	44	50	88	83	5	93	51	39	72	22	66	77
37	37	20	4	3	46	25	31	54	3	97	69	37	60	50	6	88	39	16	81
86	20	63	26	53	56	50	7	76	41	20	53	13	48	89	97	52	93	25	81
15	88	95	42	53	19	46	46	44	46	52	33	7	85	92	18	75	94	51	47
97	18	56	13	83	44	57	90	72	53	55	95	14	35	66	98	26	22	74	34
11	5	64	31	90	87	47	29	56	71	23	58	43	78	85	98	33	82	59	9
63	56	74	91	92	58	19	72	19	95	92	53	21	18	37	93	54	25	24	97
98	28	34	1	30	97	53	37	51	69	65	44	63	65	72	55	31	73	40	33
68	75	10	62	79	70	37	25	42	93	44	8	59	63	12	35	23	74	62	95
6	83	22	50	30	49	91	56	47	83	62	81	86	92	29	23	19	73	22	60
61	28	95	58	25	57	86	1	54	37	32	58	12	46	27	86	54	60	32	31
80	82	79	59	32	63	23	67	35	89	17	50	52	3	35	78	88	64	26	73
64	90	2	10	51	4	70	41	65	43	70	59	41	92	80	79	49	37	27	62
35	19	67	66	20	83	6	9	12	50	98	90	35	59	67	91	80	69	8	28
94	82	2	92	20	59	9	61	23	56	30	52	38	64	39	45	23	37	91	69
99	61	30	16	46	80	24	83	25	89	99	81	29	100	69	53	18	76	46	61
74	46	86	56	21	46	53	72	21	23	68	44	79	40	30	33	53	87	46	40
35	27	36	34	57	49	23	38	95	86	28	48	92	30	96	53	75	74	96	100
28	53	62	2	22	56	2	90	71	36	1	31	31	6	27	47	10	53	99	72
24	15	77	36	95	21	52	49	45	77	58	79	92	46	13	83	66	35	13	1
47	34	68	60	86	97	17	86	4	49	43	23	75	25	77	13	77	27	8	1
5	54	46	95	79	22	40	85	94	44	82	76	40	99	25	90	48	18	50	98
4	66	46	96	34	36	5	67	69	100	7	39	27	13	97	94	89	74	81	64
58	33	93	60	68	68	84	77	100	88	66	59	77	10	97	39	9	50	61	44
18	73	17	94	38	43	49	28	2	31	2	75	37	86	41	72	74	86	29	67
52	28	68	82	34	48	62	18	16	59	86	40	13	38	47	85	17	100	23	25
19	57	76	70	87	92	23	91	69	25	66	24	21	95	92	90	6	35	60	90
82	32	12	44	46	63	62	99	39	57	56	75	63	5	48	96	53	99	96	43
26	71	49	91	94	62	19	19	47	58	80	82	40	34	44	88	45	32	24	25
30	24	53	13	70	91	61	17	47	96	37	8	40	18	64	11	83	21	51	85
44	44	53	82	77	75	36	30	62	61	51	21	75	72	14	2	19	37	22	3
1	3	73	51	21	72	43	23	70	33	5	24	82	40	81	87	72	71	36	95
56	32	55	86	45	16	33	69	4	62	92	47	100	48	84	42	71	2	61	6
32	13	61	29	57	28	40	36	91	27	31	48	1	27	47	70	48	88	6	6
40	75	19	8	42	59	25	34	57	40	16	71	11	31	63	43	72	27	30	18
77	98	78	77	32	44	47	73	2	14	95	84	96	56	67	58	95	53	88	98
3	6	80	52	12	61	38	71	65	4	99	22	58	89	29	43	97	42	77	98
13	53	33	43	46	33	75	56	65	6	49	19	39	32	15	71	18	26	66	72
7	76	9	99	16	74	26	8	27	25	61	54	77	91	86	51	74	37	7	80
86	83	6	59	56	80	83	27	74	58	25	72	76	5	91	37	44	34	28	73
7	68	29	41	45	95	43	49	46	65	98	82	20	87	87	25	71	50	44	36
91	100	34	70	100	90	78	72	100	50	7	40	9	35	73	18	54	66	15	61
38	34	81	10	61	43	53	90	19	67	66	95	91	93	82	8	35	60	41	55
17	71	50	97	58	58	73	85	15	69	71	5	35	83	99	58	19	25	9	58
38	89	54	34	84	13	50	17	54	66	84	95	26	60	45	67	84	85	53	4
71	68	76	50	96	62	60	8	94	24	89	10	51	84	18	28	18	16	13	45
8	57	32	49	86	76	80	75	39	33	74	34	73	6	88	71	14	4	38	23
53	42	24	30	77	74	45	43	43	17	49	69	73	8	96	14	37	27	65	20
83	85	70	62	50	55	38	45	97	48	14	14	79	91	92	66	34	2	72	12
31	37	33	23	84	6	62	65	11	74	34	88	40	19	40	69	73	63	81	23
37	1	46	96	3	35	90	82	17	30	81	36	55	53	89	46	53	48	78	45
93	73	34	24	14	27	75	60	51	24	94	72	22	50	76	31	92	37	20	49
16	80	49	82	93	99	33	88	30	95	16	26	85	37	30	65	68	23	82	77
61	31	31	93	36	10	15	6	77	59	55	16	28	29	29	13	24	53	31	15
94	87	31	57	8	69	87	86	21	12	63	69	56	44	89	86	49	57	46	84
85	28	11	71	40	1	98	56	8	17	41	16	93	68	83	74	100	75	86	68
23	29	86	66	96	87	61	85	41	43	64	68	7	47	31	67	77	60	18	8
72	32	78	4	71	48	76	89	61	15	87	75	71	79	61	56	43	46	76	54
40	13	15	65	53	73	9	46	37	17	98	40	57	78	96	92	52	82	95	48
11	73	24	27	57	90	97	29	87	75	24	32	85	65	68	59	17	13	51	99
40	30	52	45	18	47	19	93	83	70	5	61	51	28	43	68	89	89	9	64
77	81	60	63	93	67	55	93	11	37	75	40	31	97	9	81	22	80	9	10
72	4	46	18	71	64	81	58	23	100	71	28	5	88	23	60	71	89	52	52
93	26	83	47	95	66	30	55	20	62	47	10	81	99	93	73	35	43	93	30
86	97	71	12	67	48	35	44	75	49	11	33	28	58	18	46	22	100	23	6
34	26	39	61	54	62	48	6	95	50	26	29	97	23	66	96	56	72	80	48
31	87	81	71	52	14	82	24	82	48	51	36	20	87	97	61	59	10	58	6
100	30	49	25	24	82	36	6	92	22	91	51	20	76	76	47	46	68	10	40
80	25	24	48	100	90	10	10	26	6	37	46	14	75	48	1	38	57	48	70
78	76	32	61	57	100	16	44	12	50	15	92	1	19	26	76	7	2	25	34
73	27	80	87	85	46	38	46	29	75	10	90	20	41	62	5	93	63	92	100
75	66	99	77	91	45	46	95	50	72	94	36	32	15	97	52	97	46	76	12
63	71	16	37	40	26	73	60	58	22	83	45	11	26	59	8	29	4	96	40
100	43	97	57	82	74	58	6	44	10	9	48	88	80	38	5	50	62	37	66
73	86	38	29	89	50	26	7	56	90	24	93	51	36	12	20	74	59	56	66
68	67	17	48	14	36	58	31	89	55	58	68	67	30	68	15	5	69	68	33
49	52	50	55	87	16	98	52	69	18	31	92	6	72	99	6	70	91	15	54
93	95	19	2	32	57	27	21	69	98	16	6	91	24	18	16	17	62	62	98
39	6	63	72	24	67	62	96	32	62	46	15	54	15	40	54	34	49	23	30
89	78	83	72	2	25	1	83	54	83	89	8	30	18	16	87	33	48	78	66
95	32	89	8	53	1	53	77	84	64	83	69	40	32	9	62	24	92	70	100
67	80	42	50	73	38	85	36	100	54	22	87	72	58	35	58	89	75	19	2
72	25	99	91	100	21	69	99	9	54	64	41	79	79	99	16	90	39	36	15
17	17	77	31	43	97	98	82	97	52	73	49	73	68	28	42	81	52	50	52
70	87	28	46	91	81	9	93	59	20	68	50	40	5	86	56	48	69	49	4
24	87	3	57	82	16	69	11	52	57	36	39	89	84	46	30	90	32	41	62
89	5	23	78	84	23	9	69	83	73	95	13	4	47	28	83	85	71	65	76
13	99	42	2	84	30	61	56	60	56	67	17	28	87	16	20	65	25	74	59
7	100	28	80	63	23	36	43	57	63	46	19	67	66	49	90	63	21	94	55
62	54	10	28	7	79	85	17	32	9	19	60	98	6	69	14	71	63	40	62
95	19	100	97	11	48	50	63	39	26	57	44	32	20	97	54	91	1	74	85
38	19	12	48	45	86	21	62	97	36	20	1	82	32	60	44	54	13	17	59
30	23	78	6	52	75	29	79	9	16	23	71	90	56	24	76	8	52	52	26
28	88	66	4	6	57	63	100	60	54	100	79	84	16	56	16	41	6	96	70
58	42	53	81	13	50	12	26	9	85	36	3	61	92	31	42	57	74	100	96
13	29	20	56	17	45	87	75	1	8	35	2	56	83	69	86	36	86	92	57
45	37	92	76	18	98	18	93	85	14	60	67	7	1	57	29	23	98	65	69
64	38	26	1	50	35	47	79	24	45	6	72	83	43	51	77	38	45	38	20
27	94	90	87	49	68	96	56	26	40	64	39	21	23	94	8	11	92	27	84
51	40	70	41	8	89	85	64	50	80	92	78	60	46	42	70	48	39	52	82
39	91	53	84	81	68	51	61	50	44	67	46	19	55	69	88	25	50	79	61
84	33	7	46	49	87	79	75	81	25	61	72	40	45	45	61	87	86	60	41
38	24	14	6	14	46	60	6	78	54	45	99	61	92	98	6	84	7	36	95
90	76	80	26	84	95	7	74	10	8	2	40	91	39	23	61	19	1	32	3
27	74	98	27	80	62	12	49	48	39	77	80	50	65	51	62	45	89	23	20
40	86	97	70	53	6	8	22	69	38	87	83	76	34	69	17	78	53	46	22
83	59	26	71	31	23	90	26	88	61	16	31	79	13	64	41	77	29	75	74
54	90	80	11	53	94	5	17	97	35	84	92	43	2	37	82	61	26	39	31
17	83	35	8	22	57	5	63	70	28	40	50	79	72	68	94	79	16	19	38
18	73	30	54	77	24	88	77	76	83	81	52	90	44	58	72	56	72	89	96
89	42	47	69	96	35	14	71	35	44	3	45	8	2	13	44	53	81	31	98
69	29	88	88	47	89	60	35	15	96	38	7	27	23	49	76	27	61	58	43
10	17	43	33	80	37	44	89	32	15	20	75	41	91	27	61	55	59	22	8
75	80	57	39	7	97	18	85	53	37	17	92	24	89	88	53	86	55	9	11
45	72	4	1	76	63	66	36	96	88	22	68	39	51	69	31	61	5	27	83
19	59	36	95	98	28	52	53	4	75	75	100	51	12	63	3	77	56	63	44
31	83	89	66	16	50	53	73	21	58	93	82	29	26	93	86	36	9	4	48
12	14	33	22	13	22	18	28	89	66	54	5	42	84	53	37	70	71	79	49
76	80	33	46	83	94	71	25	19	77	67	68	53	15	32	18	50	68	53	95
