2	100
10	5
7	6
18	3
5	4
1	11
1	16
7	12
1	13
4	8
18	5
14	19
19	14
10	3
7	6
12	3
18	19
13	2
19	8
10	2
13	16
1	6
6	16
20	15
11	11
11	6
5	2
11	6
7	12
7	13
17	15
16	20
12	19
13	3
3	5
14	13
4	2
16	3
5	8
14	3
14	15
13	17
15	6
18	16
8	8
16	8
1	17
6	18
1	1
14	7
3	18
12	6
18	18
3	3
7	8
1	19
18	4
19	2
3	20
5	6
1	17
15	16
10	6
13	7
17	18
3	4
14	7
20	17
4	8
19	18
4	16
9	1
7	17
10	17
19	4
16	1
17	8
6	6
4	17
16	12
6	17
7	9
6	18
5	12
5	3
19	16
1	8
3	6
9	14
9	14
17	16
8	13
3	2
7	7
1	14
13	7
12	7
12	7
10	1
15	9
12	19
