20	200
88	37	19	66	17	51	21	85	9	57	28	82	15	71	11	95	47	42	40	58
71	64	38	87	53	66	96	53	92	99	42	18	12	61	88	26	68	47	54	53
81	28	12	9	51	40	51	49	10	2	96	81	31	94	54	25	99	33	14	52
56	69	94	10	15	11	70	55	84	86	28	1	89	88	77	43	52	30	36	14
15	47	43	90	4	62	87	19	7	63	28	35	34	2	97	13	34	3	95	41
70	97	66	25	75	96	93	44	17	12	73	70	97	100	37	9	26	5	7	54
24	51	48	21	58	93	68	87	91	65	9	49	35	95	44	19	81	19	15	8
70	44	2	96	91	58	39	34	66	89	87	30	97	41	17	19	49	46	67	82
28	6	53	53	3	25	35	3	57	18	28	8	90	99	84	81	50	53	31	100
55	35	21	3	78	80	53	95	78	25	71	36	52	34	80	64	92	49	93	66
24	36	77	48	61	80	40	98	58	37	70	96	16	67	27	94	85	51	76	24
72	41	25	32	48	93	57	57	19	20	90	1	61	65	77	20	58	74	42	99
40	55	37	42	56	75	20	85	7	87	79	41	74	70	95	84	12	45	100	69
24	84	80	38	48	70	36	52	91	8	36	12	9	78	84	18	4	84	77	74
74	72	50	32	42	49	27	91	71	93	8	13	74	74	76	56	76	100	94	86
40	68	95	99	52	68	33	97	86	77	80	28	69	27	95	52	34	48	97	99
43	45	82	98	100	23	39	36	2	28	42	5	90	92	35	6	77	51	81	74
17	31	6	94	14	81	45	47	79	24	23	28	3	96	43	95	87	97	100	29
29	97	95	58	36	76	38	78	93	90	75	84	67	23	83	13	40	89	85	20
79	92	58	79	6	15	2	95	49	40	20	81	52	53	46	20	36	48	59	38
43	68	54	90	49	39	62	81	13	31	55	98	12	80	51	38	40	17	53	21
75	44	29	53	70	95	32	14	78	64	78	93	31	47	77	11	38	68	30	67
53	21	83	19	86	22	69	72	3	9	80	19	96	38	64	100	39	1	20	55
8	48	4	50	53	63	68	65	4	40	100	72	88	86	68	54	62	11	68	49
27	61	12	70	84	59	97	93	84	78	73	38	49	76	60	6	18	33	66	24
54	4	69	64	10	9	32	11	70	11	38	28	34	71	29	47	36	35	66	95
66	75	82	26	68	63	24	12	26	63	36	29	46	45	95	23	93	49	61	76
27	87	24	74	40	45	4	78	48	13	70	84	68	71	58	79	22	43	97	47
86	20	85	8	75	10	83	90	76	6	55	88	74	90	68	80	52	9	86	23
59	46	65	13	93	53	61	75	87	17	1	50	53	14	91	8	2	17	100	31
63	14	3	42	59	83	10	78	4	79	28	14	57	74	89	40	56	72	16	23
49	8	4	60	5	5	36	61	100	61	78	36	10	56	61	45	44	23	55	10
43	84	72	8	90	87	94	80	25	51	52	31	2	78	83	55	11	43	37	54
48	50	79	44	2	92	5	2	13	44	97	33	18	6	80	66	37	96	71	18
12	57	36	49	9	48	35	33	74	7	35	1	87	2	63	94	6	29	7	98
83	92	67	82	54	20	13	96	98	17	19	16	73	19	42	91	14	30	35	55
58	73	29	7	10	97	47	17	43	87	61	9	89	73	36	21	90	55	95	90
35	39	35	57	88	19	28	68	60	72	80	76	94	53	40	10	64	61	72	58
73	97	53	12	57	11	27	100	84	22	2	60	35	46	20	19	38	72	19	91
69	80	57	72	7	85	15	37	33	26	57	30	83	38	17	38	87	24	100	78
93	29	85	38	71	21	41	48	33	22	72	92	42	82	90	94	41	82	5	72
96	90	68	58	66	72	78	98	30	83	33	15	73	42	99	41	95	19	1	87
45	68	5	12	54	65	89	2	48	23	98	5	19	28	83	3	61	27	73	100
43	43	19	51	89	58	20	1	83	50	99	22	81	19	28	29	86	56	4	1
83	77	50	7	85	28	97	45	60	97	80	69	47	2	44	2	49	54	24	97
46	89	19	99	24	77	24	100	100	54	17	6	24	73	17	67	93	12	66	61
62	75	41	86	70	31	76	80	76	27	80	33	33	7	55	95	58	52	84	9
5	97	45	6	81	75	45	74	85	77	9	37	88	63	36	71	48	33	29	93
1	45	25	74	74	85	73	17	18	22	9	42	29	58	57	65	31	36	6	96
87	2	96	99	19	44	45	70	72	84	48	25	23	91	8	60	72	72	33	97
2	28	56	63	68	67	9	31	7	71	41	13	28	34	7	100	50	27	55	31
41	3	46	34	75	85	20	38	51	97	93	59	4	10	94	59	47	33	31	52
36	14	64	1	44	35	98	89	85	9	11	46	17	2	56	100	83	22	89	84
48	71	81	10	79	83	10	18	40	48	53	18	96	4	95	27	39	46	91	41
87	31	53	42	86	48	42	2	54	95	77	25	44	47	4	66	34	54	23	61
25	80	50	38	56	94	50	14	7	30	61	38	31	49	98	18	18	39	25	31
41	9	65	45	72	28	74	49	1	30	93	86	24	30	16	7	82	16	87	92
98	29	95	25	35	40	94	96	50	87	48	96	30	92	21	17	16	5	66	28
21	1	13	78	37	75	15	2	33	91	37	2	52	33	34	13	15	40	11	33
35	78	100	14	82	98	56	32	10	99	92	77	50	59	72	97	16	18	89	60
26	93	64	60	50	47	44	97	58	9	3	76	95	34	94	44	2	100	96	39
20	83	92	34	99	60	52	94	62	38	97	98	52	51	7	42	15	41	64	36
54	60	74	2	97	16	83	16	66	28	96	17	22	50	41	43	1	30	61	91
95	51	36	21	12	6	25	44	28	52	29	61	36	60	86	60	9	91	38	84
77	36	29	34	42	80	76	3	10	64	42	85	81	74	42	4	24	54	90	92
92	39	89	14	99	35	82	63	64	81	35	11	93	77	14	59	23	2	79	32
31	22	35	64	11	44	81	62	19	83	37	56	1	47	92	39	48	15	35	8
99	14	39	29	30	31	93	4	61	84	81	23	75	58	62	70	5	26	3	56
55	20	45	82	45	80	10	46	86	76	12	8	67	72	34	17	84	6	34	80
51	77	2	36	2	14	82	43	85	22	34	22	13	80	54	80	69	57	84	51
22	48	19	85	72	73	56	3	25	45	86	99	93	23	5	78	19	10	81	32
99	67	61	64	42	91	96	87	19	55	49	28	23	84	59	4	59	17	64	29
58	79	18	41	36	36	30	90	76	76	61	60	77	53	53	56	87	55	44	82
78	70	85	71	97	59	77	9	65	1	19	2	46	52	74	20	49	21	28	7
62	6	12	43	94	89	51	70	32	4	18	5	74	82	52	89	94	48	45	78
59	21	26	76	57	60	14	26	79	33	7	66	27	37	21	73	59	43	78	8
9	8	78	62	83	15	28	65	1	86	27	2	76	51	48	41	80	36	86	34
75	26	91	99	97	52	78	37	62	79	31	52	70	38	69	52	43	65	94	43
33	50	25	94	7	6	91	77	90	80	93	23	57	45	33	83	17	79	65	31
38	92	3	22	56	75	33	38	82	97	99	16	43	43	2	26	2	98	93	91
62	1	48	82	86	8	95	25	5	87	36	64	100	63	5	42	48	3	39	32
74	53	95	94	82	78	81	15	44	8	82	20	87	74	70	37	44	21	36	48
81	8	34	95	61	35	16	80	39	61	79	99	59	61	18	9	7	55	1	9
28	81	82	98	6	16	78	26	94	69	98	27	68	91	52	66	20	100	33	47
63	1	76	83	30	84	61	26	57	61	31	90	21	28	21	1	26	36	90	46
58	90	86	70	64	53	32	68	10	53	90	7	22	54	46	27	5	100	69	23
56	52	70	34	39	8	6	40	71	52	40	85	11	88	90	74	16	7	20	77
52	93	16	5	72	24	69	67	83	94	96	27	67	68	90	6	20	52	32	56
47	92	98	59	13	5	97	35	65	73	12	98	80	92	71	63	36	66	63	15
40	40	58	78	56	14	18	44	98	84	54	64	76	65	31	61	96	58	92	67
28	34	2	10	83	99	47	76	97	28	71	54	90	17	16	8	35	21	4	99
88	53	38	82	19	48	23	16	61	11	67	79	74	96	87	6	38	48	95	58
67	42	47	70	13	100	74	60	49	24	26	76	54	94	79	75	97	21	92	36
76	32	15	87	61	92	81	95	30	10	70	88	26	47	33	46	7	68	69	20
74	63	68	38	85	92	25	81	17	12	10	17	57	60	82	36	28	60	9	22
20	80	30	39	54	39	50	8	61	33	69	30	53	72	62	13	65	78	3	70
67	100	78	18	1	54	32	67	65	98	19	47	59	48	100	95	34	29	84	47
42	18	21	84	44	80	65	85	99	69	71	50	58	39	55	21	3	12	38	1
7	84	43	64	15	22	71	5	73	67	80	36	94	56	29	50	80	94	75	22
89	48	69	97	27	69	90	20	93	80	92	22	92	83	40	58	75	57	70	22
9	60	12	32	90	36	57	2	11	5	42	10	38	17	13	60	16	47	37	46
33	52	13	94	75	58	44	11	17	71	76	23	24	53	13	29	36	37	7	92
13	88	10	88	38	83	85	76	71	80	43	28	20	25	90	58	48	19	57	32
92	46	86	40	30	19	86	86	4	84	25	79	40	46	33	45	42	25	56	92
74	69	41	37	29	49	3	100	63	55	81	18	80	76	100	68	2	70	59	19
98	100	72	87	56	65	88	75	92	45	17	24	63	65	58	23	6	50	12	82
17	87	23	50	4	8	99	65	47	65	44	72	66	37	95	75	98	54	82	64
61	29	8	19	39	58	55	16	18	77	63	53	59	78	3	12	77	22	84	49
66	23	28	28	2	45	58	26	71	84	26	52	68	48	21	89	80	5	11	46
53	84	48	70	3	91	14	89	34	84	98	76	70	33	99	38	1	81	17	95
100	29	45	34	51	11	85	11	57	15	32	73	12	38	97	83	76	58	25	12
31	69	92	87	86	50	83	36	50	83	88	100	88	17	46	24	39	14	20	92
6	3	33	20	52	26	65	32	37	16	63	43	56	6	64	32	37	59	48	1
29	50	62	74	28	33	85	95	93	73	45	63	39	34	6	29	37	73	36	61
86	51	99	34	21	45	44	83	54	15	87	81	66	19	64	57	42	59	93	19
41	70	40	65	72	100	4	23	1	35	95	65	23	88	16	79	52	28	53	83
89	2	42	78	87	64	98	21	71	49	87	79	81	17	20	16	11	35	63	22
41	22	83	19	21	22	58	78	3	85	5	15	6	10	31	39	29	63	78	9
3	84	53	52	48	16	85	7	68	100	68	18	66	32	42	68	20	24	57	65
7	20	18	86	45	73	73	71	87	81	88	49	57	55	19	58	70	31	71	5
38	51	11	4	18	88	49	74	69	63	20	6	6	14	2	84	66	67	8	75
44	14	21	88	12	19	61	11	13	85	99	89	53	53	27	56	10	15	69	57
25	99	3	24	62	83	44	43	53	36	92	3	24	96	62	25	31	24	92	99
27	38	61	85	65	31	53	53	87	47	74	52	99	51	51	45	12	98	26	30
76	18	59	78	93	96	66	58	91	3	26	87	23	71	30	87	38	19	59	32
30	92	56	7	62	40	4	73	45	18	13	34	98	62	24	9	80	84	92	69
65	95	62	85	21	88	30	29	22	65	7	94	39	95	100	84	62	53	16	54
93	93	14	74	90	93	89	61	47	21	7	55	28	91	67	36	30	72	86	75
11	76	52	80	11	20	95	4	63	40	47	27	69	38	77	73	82	88	95	29
100	69	82	1	58	53	67	48	28	65	55	91	67	42	44	17	41	34	64	71
98	85	99	8	74	81	87	90	14	94	54	42	77	58	75	42	94	52	23	59
54	47	77	98	85	57	61	28	95	61	32	49	25	25	31	15	70	75	27	78
67	77	35	34	12	14	14	10	67	2	24	90	11	5	17	51	9	2	23	18
20	60	95	54	62	5	17	52	27	61	72	20	25	45	93	77	13	43	87	72
43	51	61	94	37	43	38	21	9	81	6	69	52	10	58	8	83	82	72	7
97	63	84	6	30	4	65	66	12	41	39	67	15	52	75	70	99	2	17	20
68	97	44	46	56	3	68	15	88	86	95	31	71	80	75	81	67	55	64	33
78	72	9	69	43	39	54	100	36	88	9	82	65	53	40	1	19	38	51	27
36	50	79	27	47	8	97	35	78	95	3	44	38	84	42	96	88	76	4	17
50	69	80	100	77	13	67	18	41	74	62	29	5	37	97	28	94	83	23	36
43	19	23	41	86	66	44	82	12	45	13	44	35	35	78	68	71	80	50	34
42	79	95	4	33	75	40	1	87	14	2	6	54	69	74	31	47	39	15	12
70	85	7	97	62	19	95	70	60	30	58	15	33	90	94	65	25	20	9	11
26	43	95	98	43	7	91	67	62	48	22	32	65	38	64	57	72	99	43	15
81	70	42	58	56	88	74	65	75	9	6	27	31	4	86	28	91	10	54	55
29	28	9	12	8	27	50	96	26	38	94	27	77	95	31	57	1	38	42	56
34	27	93	53	42	95	2	62	52	37	66	62	45	88	87	53	61	31	50	30
38	78	39	37	15	80	51	36	73	30	27	54	68	99	21	3	36	56	70	14
26	89	44	90	73	32	82	90	9	79	96	71	88	13	18	56	88	56	38	63
45	66	89	22	10	13	95	47	68	85	17	6	62	37	5	50	35	50	65	84
98	61	28	95	35	57	66	55	82	65	15	81	18	7	69	61	100	22	80	60
38	36	22	25	62	91	9	51	9	68	22	39	92	55	66	84	38	95	88	54
47	40	66	3	70	37	88	55	68	44	50	13	71	5	46	62	39	4	33	45
48	16	47	14	44	77	89	64	42	85	23	6	34	26	14	98	71	20	55	26
4	55	83	65	19	9	69	87	9	4	45	35	62	44	6	32	93	52	60	94
48	24	13	83	22	44	79	45	92	49	91	20	49	8	42	94	33	83	96	35
9	3	55	38	41	89	45	91	21	82	5	19	60	62	78	80	42	100	44	75
30	24	95	61	13	26	86	55	3	13	100	11	57	26	85	45	70	76	43	33
100	89	24	11	44	72	60	88	30	62	52	33	39	22	5	85	9	94	25	15
4	91	88	8	83	94	63	35	77	33	10	67	58	11	75	42	1	85	18	41
66	99	25	41	62	67	72	36	21	1	37	77	51	28	30	10	1	17	28	50
10	26	11	97	53	85	76	29	47	64	85	24	77	85	50	5	66	48	47	17
23	27	14	77	97	33	17	30	81	65	41	84	58	68	32	40	88	28	89	77
92	44	89	57	17	13	1	67	79	26	45	54	71	12	28	84	12	35	1	20
69	46	49	82	24	1	67	9	53	10	18	38	60	70	25	79	38	58	61	84
33	50	52	56	21	88	14	47	40	48	29	54	28	69	8	46	96	8	34	16
46	92	14	69	8	7	94	1	87	49	46	55	75	17	88	19	95	93	62	37
88	21	70	6	82	64	11	91	63	80	84	31	24	45	39	42	37	84	48	14
94	14	60	91	3	74	80	11	82	89	51	3	46	98	29	25	22	9	87	45
97	4	38	7	65	16	31	30	79	46	83	12	46	48	43	75	61	79	3	9
85	100	10	74	29	82	85	27	17	14	20	29	97	4	18	91	76	53	27	87
44	50	33	36	7	39	58	98	55	54	65	44	6	79	61	97	94	65	79	84
31	5	14	66	26	54	16	42	31	53	100	8	53	17	66	35	68	74	68	90
24	87	72	63	50	77	24	19	43	21	97	11	75	43	57	39	37	68	11	53
24	16	68	3	55	57	92	90	14	26	30	20	98	89	60	44	34	51	16	50
31	97	100	11	56	89	34	10	60	27	98	100	64	15	67	9	20	70	9	94
85	34	6	18	91	77	14	87	84	14	6	87	52	61	22	27	17	58	47	66
23	82	30	87	28	30	57	83	23	52	24	64	42	23	65	97	92	82	20	80
75	47	27	47	22	12	49	4	93	40	92	63	24	43	71	4	5	19	90	61
21	32	65	32	90	42	46	30	96	25	36	35	38	67	92	77	55	84	66	17
82	54	90	84	60	62	41	99	53	62	93	74	93	60	59	44	83	95	58	80
67	20	8	69	4	57	25	57	52	95	49	21	53	74	79	68	42	82	73	28
2	47	77	35	33	62	43	78	9	49	94	61	26	87	50	63	46	22	80	3
37	85	48	58	14	72	22	19	81	92	2	2	23	30	79	21	43	74	36	43
15	47	49	4	1	89	95	66	24	17	23	21	3	70	91	17	99	20	21	61
41	25	98	17	48	93	38	97	9	30	20	72	86	37	89	90	37	45	58	26
77	56	96	65	70	81	99	53	40	62	22	24	53	76	2	91	50	32	57	9
51	99	58	94	97	51	35	66	82	2	81	55	63	96	84	86	29	34	48	67
94	85	58	47	9	97	19	11	35	99	41	5	88	49	75	79	98	2	68	20
46	34	72	38	81	67	62	57	92	17	62	17	85	90	15	66	42	11	86	100
32	25	31	84	62	77	67	14	22	6	88	28	66	29	21	61	14	20	67	42
36	62	19	19	37	24	20	99	35	9	37	87	16	68	88	22	3	89	77	5
100	49	36	87	29	34	51	57	70	55	53	23	45	44	65	70	7	13	47	38
57	69	79	13	69	2	13	98	41	100	58	25	43	62	43	88	27	32	90	4
73	64	29	81	56	15	43	72	4	18	16	91	43	40	49	32	70	23	18	28
22	53	16	71	97	29	80	83	2	78	44	75	23	43	65	94	40	99	58	55
59	41	95	24	85	68	83	4	14	12	18	4	15	63	83	20	48	59	84	28
35	60	71	27	74	41	68	100	75	56	92	72	66	64	69	81	59	93	86	30
46	77	70	91	60	41	61	61	61	45	46	82	16	30	20	100	70	69	50	44
100	83	29	59	20	47	38	52	94	2	62	55	73	54	82	59	91	81	67	34
