20	50
12	15	13	2	17	4	14	16	16	10	14	11	3	14	18	3	3	5	10	7
4	4	5	16	17	8	17	17	1	18	20	19	16	12	4	9	3	6	7	6
19	9	7	11	4	20	17	14	16	9	19	13	8	1	3	9	10	17	5	10
7	18	16	18	11	15	15	11	11	9	20	17	19	5	8	16	18	14	13	18
11	4	2	13	20	7	12	15	9	16	19	6	1	17	19	2	13	9	1	9
5	7	4	7	9	2	14	3	14	8	11	17	4	8	19	4	16	4	19	4
4	20	3	16	10	15	16	2	6	6	3	9	13	5	13	5	20	16	4	18
14	9	2	1	5	3	2	14	19	15	7	10	10	18	6	6	4	9	17	15
6	13	18	8	6	3	4	20	16	15	5	1	20	1	10	15	18	3	12	7
13	3	4	12	20	13	19	16	19	8	1	12	19	10	13	1	12	15	16	3
20	3	19	4	11	7	11	10	8	12	8	2	17	11	2	4	9	6	8	13
4	9	2	8	15	13	2	10	9	10	3	4	8	10	8	11	5	1	1	14
3	10	8	8	1	20	15	9	9	10	13	6	7	3	19	12	1	11	10	18
5	2	2	19	9	4	14	8	3	12	19	9	5	15	11	14	1	15	8	15
18	14	2	20	17	17	18	6	11	16	10	15	12	4	10	1	9	9	19	17
6	7	6	18	11	5	2	13	12	5	11	7	3	15	1	11	1	2	3	12
7	9	18	7	2	5	18	2	5	10	6	13	16	12	9	12	9	5	10	13
16	6	14	6	6	3	12	17	4	20	1	7	7	8	11	18	10	19	16	6
7	20	8	2	20	19	12	12	7	9	3	17	13	10	16	2	16	12	2	19
14	1	19	6	9	19	6	8	1	12	2	10	9	4	6	17	18	12	7	8
12	20	10	15	17	5	15	18	12	10	2	18	17	17	13	6	1	2	13	1
13	4	11	15	8	13	8	10	4	20	4	4	6	15	8	14	12	5	10	5
5	9	17	12	10	5	13	12	12	20	16	17	19	7	15	8	10	15	7	5
18	6	14	13	7	19	13	3	10	19	15	17	13	9	16	4	8	19	6	3
20	16	18	5	4	7	5	19	20	20	4	17	18	5	8	20	16	4	6	12
12	11	2	13	5	20	5	11	11	12	1	11	10	5	5	2	8	9	10	20
14	14	4	11	15	19	19	8	2	16	9	4	13	14	12	10	14	5	20	4
2	15	8	9	19	14	7	14	20	6	13	7	14	7	19	19	8	12	18	7
1	17	9	16	3	17	18	17	13	16	8	3	10	6	18	20	6	15	12	2
13	6	8	16	4	2	11	7	16	13	2	3	7	14	4	6	6	13	6	3
16	11	1	5	19	10	18	9	9	19	13	13	20	17	15	16	10	14	12	2
7	12	2	1	14	6	16	17	3	13	14	13	9	10	7	3	5	4	18	14
5	3	19	17	20	10	4	11	19	8	16	13	2	5	16	5	9	1	11	13
14	1	6	16	6	1	5	10	11	13	11	7	16	18	18	5	13	6	1	5
3	6	18	16	17	2	12	5	15	2	14	5	13	5	1	4	17	3	12	20
6	14	1	7	18	10	18	4	7	12	12	4	20	7	11	9	4	11	20	4
9	20	16	9	19	6	15	11	18	15	8	11	14	1	20	9	6	12	18	8
5	8	18	4	11	10	5	6	14	12	20	7	4	8	11	6	19	12	8	12
16	7	7	13	4	2	10	19	8	3	4	12	13	12	19	2	3	12	19	10
1	9	17	7	15	1	7	7	11	14	11	14	4	7	13	18	2	5	20	9
1	7	19	12	8	8	15	12	10	10	4	7	14	19	11	7	11	1	19	3
15	4	9	14	13	10	8	7	20	1	20	18	13	10	10	15	11	5	19	7
7	15	18	1	10	4	1	6	16	6	8	2	7	17	15	17	18	5	20	18
1	8	13	9	11	7	14	4	9	17	17	6	2	12	17	20	7	9	4	9
10	2	11	14	13	19	11	16	16	13	18	6	6	1	7	19	3	9	11	4
10	17	17	20	9	3	20	15	1	15	11	9	1	11	9	19	17	19	16	12
16	19	9	17	19	11	20	2	6	18	18	18	19	1	19	13	5	12	5	11
19	16	16	1	2	9	6	15	12	9	2	4	14	19	9	12	9	1	1	19
4	18	10	4	18	14	10	1	12	16	14	6	15	5	14	20	3	9	15	10
6	5	10	17	16	14	4	1	13	8	5	5	12	7	8	2	7	12	3	9
