10	200
12	30	5	33	49	6	2	9	10	38
9	40	49	49	29	13	30	33	33	7
31	37	17	26	3	32	4	47	3	4
29	32	27	37	2	16	11	7	6	33
19	30	41	13	11	7	42	8	31	3
25	21	9	1	17	26	13	29	30	18
2	5	6	7	10	27	13	13	47	14
3	24	28	50	38	1	46	4	16	47
40	47	17	1	29	8	23	27	21	27
3	32	27	38	32	15	24	34	4	34
45	29	11	17	1	1	44	10	14	16
30	9	14	34	28	5	39	6	29	2
5	36	42	21	11	21	47	41	19	24
27	13	1	32	2	11	36	50	50	28
15	14	14	5	47	45	19	44	10	27
26	19	6	3	30	9	37	41	7	31
5	3	41	40	39	17	9	32	32	17
19	39	6	1	37	41	23	38	24	17
2	4	31	43	48	9	8	48	3	43
25	46	43	20	24	12	23	24	17	30
36	37	12	44	8	37	13	5	16	39
37	50	18	41	29	1	23	49	43	31
10	11	30	40	43	24	46	37	27	25
18	50	22	44	31	15	42	38	35	11
47	3	32	14	7	25	28	3	42	23
40	25	32	37	21	25	8	23	1	34
42	27	29	42	22	38	29	25	10	14
9	36	15	32	35	8	29	17	33	19
46	44	45	4	36	44	19	36	23	6
8	20	37	1	20	20	25	41	43	20
46	4	43	28	15	5	11	50	3	14
47	42	40	33	39	48	32	25	6	28
19	44	2	5	7	40	49	14	12	15
34	39	25	14	23	43	1	18	40	31
34	19	34	10	10	17	30	5	13	22
39	50	35	15	1	2	2	39	22	25
7	48	38	38	30	9	18	27	10	46
48	15	35	26	45	1	11	42	45	40
10	44	1	41	27	34	4	10	13	21
41	12	46	16	25	37	32	46	30	2
50	4	46	18	24	24	15	10	20	1
42	10	44	32	15	13	47	48	12	47
5	8	14	39	5	37	19	20	1	9
19	16	13	44	41	7	49	34	17	3
19	44	40	13	30	32	18	14	1	13
40	34	34	34	47	42	40	7	13	38
6	46	10	12	32	27	48	1	42	9
14	14	32	10	28	12	18	1	10	24
19	6	20	39	20	35	32	29	48	49
17	43	22	29	48	24	35	29	31	4
34	18	23	43	50	27	3	25	6	35
25	39	48	39	20	50	27	22	43	47
46	19	4	43	42	22	42	3	12	5
28	39	21	6	41	1	33	27	39	43
32	7	24	13	25	29	45	33	10	48
48	13	37	34	8	15	15	30	2	29
35	1	14	2	8	36	19	42	49	19
18	50	33	50	16	40	46	41	19	13
27	10	44	15	7	15	2	37	49	26
37	4	26	11	8	32	43	23	5	39
10	3	35	41	31	49	31	38	19	19
20	24	12	39	2	26	8	50	45	43
35	33	44	23	33	15	24	22	42	34
47	23	36	30	4	25	26	3	34	9
34	15	18	30	7	13	42	38	10	33
24	44	29	13	5	28	10	12	9	17
25	10	46	35	23	47	38	32	35	28
50	6	16	36	9	20	16	14	16	20
23	37	13	10	10	3	45	24	26	27
15	14	44	18	35	25	20	33	8	11
25	10	3	32	34	19	29	44	4	35
12	46	46	39	44	38	47	36	26	20
2	15	7	9	13	37	12	49	1	34
50	33	7	6	46	14	35	31	27	42
25	2	21	41	15	20	18	5	24	47
29	34	8	39	9	11	3	44	20	47
8	31	43	20	35	30	40	41	44	31
4	17	10	34	45	1	45	17	45	44
19	7	25	4	6	17	26	19	48	35
11	41	12	30	34	45	9	1	6	36
30	28	12	44	44	13	24	24	44	8
17	37	50	26	29	2	6	39	14	19
4	22	44	9	21	13	5	31	1	1
43	44	11	9	14	42	46	31	11	44
43	2	25	40	19	24	42	36	1	33
39	20	37	38	32	9	34	3	24	31
8	44	24	44	16	23	27	41	13	38
6	25	29	21	27	2	47	4	41	47
22	20	30	18	12	23	7	24	27	5
8	43	8	30	37	49	29	32	25	47
48	1	24	14	27	14	42	17	11	31
12	31	13	27	10	38	15	6	32	43
16	3	14	8	30	14	18	49	34	28
23	16	30	45	50	21	47	16	42	48
31	41	13	47	44	28	31	31	21	49
35	24	50	32	31	45	37	16	35	14
47	44	34	34	8	47	1	19	28	39
42	49	14	35	13	26	41	17	15	3
33	37	28	35	43	50	16	49	14	5
34	31	32	29	2	37	7	29	40	47
27	13	4	32	8	37	10	16	19	6
5	20	2	33	31	10	17	49	42	8
32	3	5	23	5	12	17	36	34	26
19	12	28	19	26	21	34	46	28	7
40	1	30	8	1	15	29	50	48	42
21	9	38	32	15	25	8	31	28	47
20	25	32	43	37	44	43	34	7	11
27	21	22	35	19	31	23	47	23	41
33	18	39	42	6	11	24	46	4	1
13	3	19	31	37	16	19	37	22	8
22	46	43	37	15	50	37	3	14	34
3	11	9	37	14	2	36	40	38	27
20	48	31	7	48	25	2	41	49	4
13	36	26	15	20	38	26	2	28	6
24	21	33	20	49	2	44	33	18	35
30	29	50	45	38	24	15	36	39	41
49	46	5	10	22	17	36	45	17	27
27	35	13	33	4	50	16	12	9	47
31	20	24	14	25	35	37	32	28	46
23	40	13	37	8	28	17	23	48	32
17	50	16	42	9	45	16	17	42	39
9	4	28	43	10	29	23	42	36	38
30	4	17	22	4	38	23	27	25	26
34	43	14	27	30	32	4	33	6	30
19	21	41	40	37	20	12	20	27	29
6	25	38	11	3	13	33	45	38	21
23	39	43	17	6	17	40	2	13	29
25	40	36	7	19	10	14	28	35	35
26	3	1	47	20	9	6	3	24	18
50	10	45	35	7	30	29	25	35	21
30	11	8	49	4	16	39	31	43	44
50	5	10	4	45	21	39	46	47	47
11	37	28	46	30	16	46	2	1	39
32	40	44	14	5	16	45	2	43	5
20	25	11	31	19	45	50	42	41	36
41	33	28	38	11	43	34	13	20	39
21	38	31	4	13	10	11	47	50	30
26	38	4	43	28	36	27	47	28	35
16	4	11	15	48	50	12	7	4	12
32	33	33	5	34	32	45	7	19	9
35	4	43	12	10	4	29	36	11	25
17	37	35	35	23	17	28	17	7	14
49	5	43	38	48	43	5	49	9	46
42	20	28	20	1	13	12	50	5	44
21	26	47	30	46	46	49	48	32	17
5	28	1	6	10	30	12	5	15	18
50	31	28	15	33	47	9	16	35	11
6	28	12	13	43	23	8	14	43	3
45	7	17	42	42	14	19	23	10	21
2	7	35	38	45	40	49	32	47	49
37	33	14	22	12	27	17	39	13	37
22	48	13	13	23	44	14	36	24	19
29	37	6	14	10	49	43	25	18	4
25	27	17	44	17	13	43	46	31	15
48	30	10	23	49	4	45	23	16	2
27	13	9	28	21	50	27	50	13	14
34	42	21	10	13	46	31	20	47	11
1	18	6	9	22	49	27	34	16	6
5	21	10	17	27	12	18	40	24	17
36	44	33	18	32	6	10	1	10	3
23	26	27	5	1	9	8	50	7	22
23	44	35	7	9	14	33	5	34	2
29	42	46	30	26	8	35	39	28	16
40	27	24	13	33	30	44	5	16	18
4	18	34	2	45	42	9	27	9	19
24	6	17	9	25	32	30	48	30	44
25	20	23	41	33	46	21	23	24	30
20	28	39	16	48	11	9	45	36	34
49	9	31	10	42	35	10	15	38	2
50	47	25	23	44	35	45	43	19	49
21	37	3	29	49	46	17	2	11	15
24	36	13	47	46	16	39	14	49	49
37	6	35	23	30	24	3	16	23	14
16	16	26	37	13	12	6	2	11	47
18	9	5	24	29	15	35	29	27	28
46	32	44	21	13	16	2	31	50	25
43	2	29	48	49	8	10	26	34	34
10	38	3	3	32	28	2	12	44	15
40	25	39	45	18	35	22	5	25	48
10	26	2	37	4	17	31	8	25	21
5	9	46	44	19	8	29	41	40	35
14	41	37	35	36	19	13	34	30	15
37	6	1	36	24	35	37	17	50	15
48	44	38	24	11	31	29	46	27	10
6	31	16	40	34	20	39	18	1	35
5	47	28	11	35	50	9	10	20	34
22	13	42	25	38	21	3	13	25	5
40	17	7	20	9	6	40	11	3	4
46	20	16	16	11	2	16	28	40	11
23	20	26	43	39	44	40	41	3	14
18	26	43	47	45	38	40	9	2	29
10	48	7	16	39	3	47	27	15	36
5	26	24	14	33	21	41	14	32	15
16	50	9	39	37	20	27	20	21	23
12	8	26	11	1	26	13	10	5	36
48	14	26	17	10	42	3	29	14	24
48	26	27	38	14	10	39	18	30	20
27	27	6	42	25	47	1	13	14	7
8	31	10	46	18	3	24	42	30	46
17	48	6	47	26	37	31	39	48	41
