10	50
67	30	85	20	5	60	4	26	83	57
36	83	84	88	35	18	36	14	51	50
58	2	77	26	73	36	72	49	71	13
85	37	3	13	59	86	61	87	83	90
89	36	49	47	74	91	60	33	83	7
30	53	22	52	61	66	54	60	47	70
89	56	55	70	73	100	81	71	29	50
57	49	32	61	62	22	53	31	52	83
76	39	66	65	83	32	16	51	52	93
32	2	41	13	2	34	81	80	74	75
11	89	4	34	50	82	21	61	91	39
14	24	8	65	95	50	90	91	87	41
84	30	20	37	18	56	9	19	59	28
41	74	57	78	72	87	36	32	15	2
11	55	61	13	80	9	95	76	19	53
44	90	93	34	91	82	70	68	17	95
74	3	2	64	99	41	67	30	93	8
15	58	77	86	30	30	70	7	58	9
62	33	1	7	84	51	81	24	88	91
18	69	16	20	28	9	54	98	15	39
42	65	84	12	39	87	14	7	4	61
13	64	11	8	34	42	2	95	80	48
60	44	43	2	90	47	42	57	58	21
77	72	92	19	68	97	49	90	69	98
38	74	20	27	79	54	58	9	87	87
7	59	18	68	80	98	23	82	22	92
45	57	49	83	85	41	73	92	40	37
93	13	26	82	10	86	24	16	24	37
89	34	71	72	14	18	54	24	40	70
75	68	69	77	54	82	26	38	42	39
82	67	69	51	94	95	33	37	59	94
75	7	59	85	4	12	87	78	69	68
87	50	53	71	63	26	45	50	29	29
61	87	74	86	55	23	65	20	78	20
85	18	66	47	96	68	9	84	73	43
95	48	69	75	53	33	14	99	89	69
50	84	9	30	33	88	33	74	31	82
47	67	100	50	83	69	84	7	76	95
17	62	77	87	35	14	19	100	33	23
9	67	32	10	70	2	10	36	14	8
35	36	54	92	96	28	48	19	92	84
49	8	24	94	53	89	7	22	96	20
69	34	41	8	74	81	36	91	80	81
59	49	94	68	61	81	9	86	91	7
66	100	9	50	75	1	43	38	58	81
95	88	41	94	39	2	96	46	18	16
92	57	39	11	25	1	15	57	34	72
81	22	32	90	55	70	26	91	34	73
38	99	34	100	87	72	9	100	29	59
86	63	68	76	15	9	61	98	25	74
