10	200
18	19	4	17	9	6	11	10	3	20
8	4	17	6	2	12	15	17	1	10
10	12	7	20	20	4	16	8	9	4
6	7	14	12	6	20	4	2	12	9
9	18	5	6	5	5	3	7	17	1
17	4	12	10	2	7	13	4	17	6
10	3	1	19	14	1	11	5	1	3
8	13	5	13	1	12	8	1	15	15
1	10	12	9	8	3	16	4	11	20
7	1	6	7	19	7	17	7	13	5
15	19	7	15	14	4	19	20	9	10
19	12	9	3	5	1	12	13	12	12
6	7	14	1	16	7	8	19	14	15
16	2	9	11	1	3	4	17	16	4
4	17	15	2	1	16	12	3	2	19
16	5	15	2	20	9	5	6	19	7
17	1	6	15	15	18	3	18	2	3
18	15	18	8	8	10	12	13	1	1
15	5	17	15	20	12	7	8	12	12
19	18	19	9	8	4	11	1	8	4
14	14	1	19	2	1	7	7	14	11
17	12	6	19	12	12	4	12	15	3
12	15	7	11	5	20	16	9	1	5
19	11	6	17	7	1	4	19	14	19
5	20	15	2	15	7	13	20	18	16
1	19	7	5	12	19	8	11	15	2
5	19	7	10	12	7	7	9	12	11
8	6	18	16	19	12	1	6	16	19
8	17	12	5	4	20	4	2	6	9
14	14	4	12	14	6	14	5	10	9
20	4	8	7	9	15	2	12	6	1
18	2	16	17	15	9	7	2	6	12
3	6	4	4	18	15	2	7	2	13
19	17	16	7	19	4	9	6	17	10
19	13	16	6	12	12	18	8	18	6
19	13	19	18	7	15	1	5	10	15
13	15	10	13	2	2	6	10	18	11
1	2	5	17	13	10	10	19	13	6
17	15	10	17	14	7	18	18	1	4
4	4	16	3	17	5	4	3	4	10
7	9	10	8	6	17	8	3	6	17
5	2	13	4	18	19	6	14	19	16
5	8	9	15	7	17	7	3	1	9
6	7	16	3	20	9	6	3	12	17
19	16	13	4	19	2	11	12	5	18
19	11	4	8	6	19	20	15	1	9
11	5	2	17	12	19	7	11	5	9
14	4	2	2	17	9	15	6	16	5
7	15	18	3	11	16	3	8	17	1
9	11	2	4	7	15	14	17	13	1
15	1	8	16	5	15	9	3	11	17
4	15	20	16	2	17	7	20	6	16
16	20	14	5	1	3	2	19	16	3
16	19	14	16	11	7	8	3	18	16
8	1	18	1	18	15	12	7	2	10
9	15	11	17	6	16	7	4	16	3
13	10	7	8	2	6	1	5	6	16
10	5	2	11	9	15	2	14	7	6
12	16	18	6	15	2	8	17	10	15
20	5	7	16	3	18	15	10	20	13
14	8	2	6	1	4	13	1	9	12
15	14	17	11	11	18	13	1	14	20
18	5	15	11	17	5	19	6	8	12
20	13	14	15	12	4	15	13	6	11
9	7	9	19	1	6	8	16	6	6
6	14	16	20	15	10	13	11	9	16
6	8	13	18	12	2	1	3	19	7
3	20	16	3	12	11	17	16	11	12
18	3	1	3	6	6	17	15	20	3
12	5	4	10	6	1	14	11	7	19
6	6	17	19	3	6	19	14	9	5
13	17	20	18	19	3	8	11	12	6
6	6	4	17	16	19	17	6	18	11
17	6	10	13	7	13	6	2	20	1
8	4	6	16	11	15	5	7	12	4
14	4	20	2	13	20	2	1	3	5
9	14	17	18	8	7	8	8	11	7
17	6	12	11	19	3	1	9	6	2
14	10	15	15	17	14	6	9	20	8
11	6	20	16	12	14	8	8	8	4
7	18	16	6	7	8	13	10	3	11
20	14	15	1	11	20	20	3	1	14
2	20	8	4	16	12	6	16	19	5
16	13	1	3	16	16	15	9	8	9
2	17	6	9	9	17	11	19	5	13
15	5	7	14	3	7	11	13	10	15
2	17	11	18	16	7	13	12	6	15
5	11	15	12	13	5	15	19	16	20
2	8	12	6	11	11	6	7	1	10
6	3	20	13	7	6	6	9	14	2
5	19	14	10	8	5	11	16	2	18
13	12	17	10	14	15	6	5	8	6
2	6	12	16	10	3	11	2	5	8
19	7	6	15	15	3	14	2	18	6
20	11	6	4	18	15	6	10	20	13
1	1	2	9	20	19	8	18	1	5
15	9	11	15	20	6	6	3	16	11
2	4	8	2	6	12	1	8	19	15
18	1	3	13	8	18	5	18	15	17
16	16	1	13	12	11	1	12	5	12
9	3	15	9	12	17	14	20	3	9
19	20	20	6	8	14	7	18	8	2
1	9	9	19	16	6	3	15	10	15
12	10	4	8	7	15	6	14	2	11
4	6	15	6	19	16	17	15	6	19
5	3	5	3	11	20	15	17	14	6
14	20	11	9	18	9	17	13	20	13
8	13	16	17	18	16	15	3	20	20
9	8	9	12	11	9	6	1	17	7
1	10	1	16	17	5	15	7	9	10
20	5	16	13	11	12	8	8	6	15
5	12	17	14	17	6	11	20	18	10
4	16	16	13	13	19	13	1	20	14
2	9	15	11	1	5	13	17	1	20
2	18	16	3	2	9	13	7	19	12
14	16	9	20	7	4	9	3	1	12
19	7	8	12	14	17	18	7	14	13
14	15	19	19	8	6	1	14	11	5
6	6	2	9	1	7	20	15	5	17
17	11	16	10	1	15	10	4	9	6
11	7	13	7	19	19	17	11	12	1
3	16	12	16	6	14	6	20	12	8
17	4	3	17	16	4	19	10	18	14
17	18	5	6	14	20	13	15	11	2
10	10	3	5	15	2	19	1	4	8
9	11	12	2	9	7	5	17	11	16
20	7	13	19	4	5	11	7	2	7
1	11	10	11	18	8	1	19	3	15
5	19	7	11	5	6	7	3	17	8
16	17	5	16	2	3	17	5	1	10
11	12	19	18	8	18	1	1	5	1
7	7	14	16	11	1	1	3	14	18
19	8	10	15	11	4	7	15	9	15
12	16	19	14	5	13	1	9	3	8
6	6	19	17	1	10	4	9	5	1
2	14	12	3	11	3	3	4	7	4
12	7	13	10	9	11	8	20	12	18
1	13	20	7	13	13	9	14	15	2
20	18	10	8	14	19	5	17	4	2
11	18	2	20	16	20	14	10	8	11
2	5	18	8	1	10	14	6	10	18
14	10	10	6	5	14	17	5	17	11
7	12	16	10	8	4	11	1	11	14
20	20	6	4	20	15	1	3	8	4
5	19	7	6	9	1	8	17	15	3
3	10	14	17	5	10	9	8	1	18
20	14	16	16	19	15	4	6	6	10
13	15	17	13	7	8	6	11	2	7
16	14	6	8	11	10	6	10	20	11
7	14	3	11	4	11	4	11	7	14
17	3	11	6	10	9	13	1	10	18
5	19	6	14	2	6	8	8	5	10
9	15	7	16	4	20	13	7	10	16
4	15	4	9	10	14	4	1	19	3
18	5	20	3	7	8	8	9	9	18
4	17	6	18	5	3	16	16	3	11
17	6	12	14	15	10	15	18	4	8
3	8	10	3	12	5	15	4	9	16
13	4	18	13	13	7	9	7	4	8
18	8	18	8	7	12	14	7	9	18
14	10	5	2	15	16	8	4	6	1
8	13	7	7	18	13	9	20	1	8
1	9	15	17	11	16	10	2	16	1
12	9	16	12	3	3	19	17	18	17
20	6	1	4	20	6	1	12	11	14
4	15	6	1	17	5	15	9	11	20
7	6	8	6	10	19	17	16	5	16
14	12	2	5	8	15	8	12	17	5
15	19	12	2	17	17	4	15	15	18
8	11	6	19	11	14	18	16	14	1
10	6	7	15	1	12	13	2	14	2
18	4	12	6	5	9	15	7	9	13
16	2	1	7	8	4	7	4	14	14
18	13	18	16	16	10	12	17	2	6
5	3	2	14	1	5	20	20	14	2
20	12	7	2	6	8	5	1	8	17
6	10	8	20	5	6	7	16	11	16
18	19	5	4	9	13	20	8	7	3
5	7	10	12	15	7	6	16	11	8
5	11	9	5	20	15	15	3	9	16
19	4	10	18	5	2	7	4	14	13
9	18	15	6	13	20	20	16	5	19
20	11	6	3	12	7	10	20	4	14
19	18	19	12	5	1	17	13	8	14
20	3	3	18	20	7	17	4	13	1
16	20	18	11	16	8	19	7	7	18
12	8	20	20	15	11	19	4	1	12
3	8	9	12	19	18	8	8	3	5
11	7	8	4	18	19	1	8	16	17
3	10	6	10	3	13	3	3	4	10
9	14	3	2	18	9	12	6	13	19
20	12	5	3	8	5	20	17	3	16
11	11	8	4	9	13	3	19	10	7
15	6	4	14	17	18	5	6	6	10
8	15	16	18	18	12	6	3	3	18
13	7	1	8	19	18	6	19	13	6
7	13	17	7	4	15	8	11	7	11
1	15	12	13	9	16	16	10	7	18
8	20	17	12	14	8	5	17	15	19
12	6	14	20	4	15	18	10	15	3
