5	100
53	80	73	97	98
66	40	84	69	18
80	85	32	36	78
36	62	48	38	100
64	96	99	3	2
18	89	52	8	26
40	5	18	40	31
44	48	10	20	39
94	11	63	99	5
6	45	62	82	61
85	35	17	3	42
57	81	71	95	80
77	88	77	44	78
76	68	92	5	35
89	53	28	100	7
54	34	1	99	97
74	28	71	47	42
5	89	15	99	75
63	78	15	40	62
6	34	20	21	30
38	53	57	47	73
32	7	17	96	88
23	81	73	99	7
50	18	30	3	74
87	54	94	30	73
11	38	89	39	2
20	14	80	69	59
21	71	24	75	10
98	73	19	11	52
82	6	17	34	12
89	5	18	47	44
85	59	28	75	62
94	19	78	95	68
10	1	4	40	86
80	94	56	93	76
14	35	84	78	91
6	22	56	27	13
16	97	33	26	75
63	43	50	13	16
80	95	24	43	43
81	2	78	48	33
95	49	25	72	30
51	76	50	84	56
73	64	52	82	53
14	68	79	66	24
37	45	43	78	97
20	11	41	36	11
5	45	8	95	19
68	72	62	96	24
87	94	66	57	43
16	44	42	91	30
13	24	12	24	96
51	6	48	75	11
40	36	15	74	52
29	56	57	64	86
42	7	83	42	38
44	79	86	35	81
76	70	50	6	98
81	33	84	99	68
62	24	88	86	85
52	79	93	6	15
61	87	79	6	88
7	42	71	87	53
73	20	14	94	35
71	86	9	77	72
97	72	59	96	24
19	19	97	58	86
65	86	81	20	21
90	91	45	19	91
39	63	97	47	96
42	11	95	51	15
67	70	17	35	19
89	29	83	82	70
89	45	14	2	88
87	40	94	73	46
80	41	91	86	33
35	76	12	100	83
8	25	46	44	20
96	70	47	2	33
61	9	63	50	3
94	49	96	60	10
3	17	22	6	35
26	80	31	2	84
14	17	83	100	62
64	100	70	82	93
18	93	92	41	85
71	78	41	83	39
86	80	53	91	80
92	4	41	9	95
16	39	45	19	20
44	26	64	89	40
95	79	15	67	92
10	26	82	21	65
48	39	48	64	99
34	65	92	20	71
61	59	62	88	78
79	49	74	21	41
45	15	53	44	44
7	65	86	100	71
66	22	20	45	47
