5	100
14	15	19	19	8
5	20	10	3	8
11	19	9	10	4
17	2	13	10	4
8	13	4	4	11
4	19	15	16	6
4	1	2	5	8
4	2	5	14	16
2	2	5	4	3
14	15	18	8	2
13	14	12	10	4
2	12	16	8	5
6	6	15	17	5
10	18	5	3	1
15	18	20	14	2
7	9	20	1	17
9	2	7	14	14
10	10	13	1	7
12	7	17	10	10
16	8	8	19	13
17	11	15	8	7
15	15	18	8	18
13	13	15	12	16
5	20	1	4	16
1	6	4	17	9
9	1	11	5	6
19	2	1	9	1
19	7	19	7	19
16	12	5	3	14
20	12	5	14	6
17	7	5	4	13
11	7	19	20	19
15	5	14	3	19
12	12	7	12	18
18	1	15	5	1
9	2	2	4	9
17	17	17	19	10
13	18	18	17	10
12	9	20	9	5
12	19	3	4	3
9	6	13	17	8
16	13	1	4	4
10	6	15	11	2
18	8	15	14	7
15	15	10	3	6
10	2	6	20	10
11	20	18	1	1
11	4	1	12	14
20	18	14	13	20
7	14	9	7	8
4	4	9	17	9
15	17	11	11	18
14	7	1	15	13
11	8	15	10	11
14	8	4	20	8
17	1	17	3	20
16	13	19	12	6
7	11	2	13	7
15	14	10	14	20
13	17	20	1	10
19	20	19	16	14
17	1	10	10	12
14	20	9	11	3
1	9	9	9	7
1	7	2	4	17
1	18	11	20	16
1	1	17	13	2
17	15	4	19	9
6	1	12	2	13
16	5	20	12	19
5	8	11	14	10
12	18	16	20	13
20	11	10	14	11
14	3	16	10	6
7	6	11	1	1
20	15	1	12	2
17	18	20	1	11
14	10	4	4	11
19	19	4	6	10
16	12	18	11	20
13	10	11	6	12
20	18	11	13	11
17	18	5	19	17
2	12	9	4	18
4	20	13	19	7
9	2	5	11	5
8	17	10	13	9
7	8	14	9	12
16	19	11	13	14
2	15	6	10	8
5	3	15	14	16
14	17	12	19	4
19	13	20	8	3
20	8	13	11	10
15	18	20	12	2
6	9	20	6	6
14	16	15	4	1
6	3	17	17	15
10	16	15	5	14
4	19	3	10	14
