5	100
23	10	15	8	29
26	47	30	40	33
8	8	4	6	17
50	14	27	31	23
25	49	49	15	22
35	6	22	34	17
13	48	21	46	47
12	40	33	19	29
46	23	31	27	32
33	26	47	46	39
7	27	42	12	22
25	12	50	36	44
21	26	46	24	21
11	37	8	9	5
11	31	8	3	28
3	19	22	34	40
9	9	26	46	10
37	6	10	25	23
1	40	48	25	9
20	27	7	7	21
47	18	39	41	29
27	19	40	34	19
7	40	17	47	35
12	1	1	15	35
5	27	34	36	5
21	34	34	44	9
27	12	15	13	43
41	21	35	17	33
18	17	27	6	17
11	24	2	40	47
20	27	43	23	17
20	35	3	37	9
44	36	47	26	43
45	25	4	4	44
42	16	34	32	17
39	1	28	19	44
47	33	44	47	39
1	20	43	47	24
7	18	49	9	40
32	20	2	14	22
37	20	48	46	6
5	43	11	6	28
19	8	34	44	12
12	43	50	37	42
26	33	8	31	38
24	17	25	42	36
19	50	14	48	8
27	35	48	41	35
8	9	37	19	5
50	34	5	48	29
40	21	15	22	46
4	12	17	9	33
38	19	19	21	10
20	44	37	37	35
27	45	10	2	35
18	47	40	27	39
40	13	28	14	46
49	35	42	2	4
16	18	40	8	48
40	40	16	10	35
6	48	19	13	2
45	12	13	38	29
7	23	41	20	44
26	41	6	25	11
35	3	36	33	20
9	6	2	5	45
28	32	31	42	34
43	44	15	12	2
38	22	4	23	48
43	28	20	15	22
49	35	41	49	1
4	12	36	44	44
39	10	9	43	1
26	43	50	37	2
32	27	44	24	24
13	49	13	36	27
32	37	37	33	47
44	41	32	41	30
31	9	22	19	14
28	14	12	23	22
1	29	33	14	41
23	41	18	26	38
6	50	50	18	12
3	24	26	47	7
36	11	9	7	21
23	6	25	11	47
50	38	41	14	26
4	4	23	43	25
4	23	6	4	25
31	9	5	7	11
4	39	15	16	37
41	20	26	43	18
18	16	8	30	39
19	10	36	42	9
49	1	34	23	4
13	5	6	33	41
15	1	18	50	43
12	23	25	28	36
34	28	31	25	7
38	16	27	15	7
