2	100
4	12
6	1
20	13
10	11
14	13
10	8
9	15
7	11
9	11
14	14
20	17
17	15
13	10
7	4
16	12
12	17
11	4
3	10
17	10
1	5
16	1
18	4
2	5
13	9
5	8
15	17
9	19
4	8
15	12
8	10
6	6
15	2
2	14
18	5
12	18
14	20
11	9
18	19
20	14
13	9
17	19
20	9
17	16
8	12
1	16
15	6
2	12
19	10
7	16
3	8
7	9
17	8
14	16
7	20
2	5
8	2
19	20
13	8
7	7
5	6
6	7
5	17
4	9
18	20
10	8
12	4
11	5
2	9
2	13
15	2
10	9
10	16
8	13
7	3
19	12
4	1
11	17
3	1
5	1
5	6
19	7
11	15
14	5
11	14
19	4
7	14
12	4
17	18
18	9
9	11
3	16
1	19
5	12
14	15
3	2
5	1
9	10
4	3
19	16
3	4
