20	200
32	43	5	11	20	19	9	48	5	25	36	42	35	44	24	11	36	9	25	23
11	15	46	34	48	45	18	40	45	49	17	23	12	26	5	50	43	38	48	17
50	22	9	12	29	35	48	46	37	31	28	35	22	23	21	17	48	22	14	26
1	19	4	6	9	14	31	10	40	24	18	48	11	8	24	40	7	35	5	14
47	23	4	14	22	32	1	39	5	38	3	22	25	23	17	31	18	3	3	16
4	39	6	13	14	30	25	15	50	31	11	13	17	1	29	29	16	40	35	27
13	43	5	3	22	46	24	38	42	43	22	4	32	40	10	9	18	41	50	42
8	37	39	24	27	40	5	25	45	39	16	28	19	27	3	12	34	3	42	18
7	38	23	8	10	7	32	28	41	20	12	25	40	43	20	27	4	32	26	32
41	49	44	4	28	45	35	6	38	48	26	15	50	33	35	21	14	32	15	20
9	28	34	25	27	41	38	27	8	27	9	3	28	10	28	8	45	20	31	15
23	27	41	44	45	47	25	8	8	50	13	22	17	6	24	14	16	19	27	37
7	9	49	12	40	23	37	41	5	28	27	45	2	50	48	33	38	41	30	31
16	30	19	8	14	37	36	23	37	14	43	26	43	44	9	14	29	29	4	23
11	35	4	31	24	19	21	17	8	41	26	25	39	47	21	27	41	41	48	4
38	15	4	42	35	1	2	9	42	35	5	9	37	8	20	32	27	38	35	46
16	19	15	46	39	18	37	47	23	32	23	38	32	1	35	46	32	12	47	23
17	13	26	24	37	18	39	32	27	40	50	4	6	3	38	19	1	8	4	18
14	6	36	10	12	17	28	37	23	25	50	15	42	13	30	4	44	42	10	21
30	6	21	33	32	20	33	30	14	17	46	24	9	29	9	12	27	16	12	21
40	3	9	2	40	35	13	44	23	34	25	9	49	33	39	9	35	3	29	43
34	49	23	7	30	27	6	13	4	18	28	29	31	39	32	27	48	19	43	47
7	40	7	31	42	37	25	27	41	1	27	24	38	19	37	42	30	3	23	14
29	50	40	6	7	47	29	11	1	12	12	17	11	32	36	45	42	43	15	43
2	30	23	4	42	4	41	12	3	40	48	45	46	30	19	8	50	2	24	45
8	15	26	29	40	10	14	7	33	42	50	38	38	30	12	50	28	37	15	4
7	17	9	12	15	17	22	31	13	29	46	41	19	20	36	38	4	44	14	32
40	35	30	11	40	10	8	17	18	19	30	13	37	21	39	41	7	15	15	24
39	33	44	4	47	10	19	18	45	25	47	34	23	33	14	22	38	48	22	5
9	5	14	45	50	33	4	48	32	45	31	39	30	41	43	7	41	26	14	31
41	40	22	43	22	46	41	5	8	17	4	9	44	10	15	34	20	49	5	14
6	21	37	1	45	9	5	32	41	7	32	13	35	41	14	20	34	22	23	4
43	50	41	15	41	23	46	20	27	9	38	43	21	50	26	20	3	22	49	14
42	9	14	1	36	42	25	3	46	45	1	49	26	2	22	6	31	23	10	23
13	35	6	32	20	39	42	35	16	45	17	12	23	10	13	35	36	41	30	50
48	43	25	32	9	39	17	20	29	20	40	31	13	27	1	7	3	33	31	47
1	41	38	2	28	39	26	17	40	37	20	40	44	10	25	21	11	24	24	31
23	22	6	46	5	37	50	47	9	7	32	4	10	33	50	8	6	23	4	20
14	50	31	42	1	50	38	3	2	31	46	30	10	50	24	29	35	42	47	42
39	29	8	33	5	17	31	11	11	18	15	38	20	4	18	24	41	14	46	5
49	48	46	29	11	3	45	11	9	21	23	15	27	13	32	35	43	48	37	35
20	27	43	35	17	8	10	6	33	1	39	21	47	42	43	42	34	30	23	3
22	20	3	40	45	1	12	8	23	33	32	43	27	12	36	23	6	11	13	3
43	39	28	8	33	2	18	35	20	40	1	13	26	35	13	50	25	3	40	17
47	3	34	50	20	46	45	36	7	21	37	24	17	20	11	34	43	45	8	43
33	28	38	33	33	19	18	43	49	36	49	3	21	47	7	40	6	28	38	37
8	33	28	50	3	28	46	6	25	30	8	30	45	48	34	20	16	1	18	2
28	2	37	21	23	34	3	21	14	21	28	15	7	21	35	1	50	38	30	5
23	13	19	20	29	19	9	24	13	37	25	5	11	37	10	7	46	8	28	20
26	26	42	4	2	43	23	24	14	34	21	28	21	13	30	15	34	18	43	4
26	30	8	27	47	24	4	21	12	29	6	43	11	11	30	48	22	15	19	36
46	35	10	30	17	47	35	49	8	45	23	28	15	24	44	47	18	15	8	29
40	3	13	36	28	29	17	10	33	32	44	20	50	7	9	42	20	29	11	50
40	6	14	17	6	28	28	37	18	34	31	7	7	41	47	44	22	25	2	39
30	25	16	26	1	4	29	8	16	2	28	39	5	8	40	34	39	46	30	1
1	30	43	50	2	38	13	10	11	15	21	45	27	22	21	15	41	39	17	3
49	20	22	16	7	42	2	49	1	13	5	26	46	1	39	50	32	16	24	14
41	20	48	1	32	33	13	34	38	25	44	1	30	28	3	32	9	27	44	11
36	14	9	49	11	45	49	26	34	21	33	25	15	4	12	30	23	21	35	24
29	19	12	27	19	4	47	18	49	7	41	5	23	13	28	28	12	50	41	38
35	37	50	18	42	20	37	26	17	23	9	39	43	21	32	18	3	32	30	8
48	32	27	27	30	29	2	2	27	35	19	24	31	47	40	43	19	44	36	50
18	22	2	27	49	3	12	3	31	11	25	30	20	34	40	3	10	24	38	14
18	35	50	33	5	36	9	47	31	40	49	9	47	30	40	27	30	1	29	27
17	50	21	16	10	39	4	48	7	37	33	45	6	23	32	33	22	19	22	14
45	16	22	42	12	16	34	41	44	14	23	10	46	12	47	19	14	34	23	17
32	12	40	45	8	4	3	25	49	8	5	11	30	16	32	1	28	30	5	44
5	14	4	43	14	23	50	45	26	14	20	39	47	5	32	34	26	28	34	9
13	10	42	37	10	12	31	31	30	46	42	34	30	30	12	19	8	47	31	35
5	9	49	36	38	17	15	25	34	49	25	50	46	47	31	46	22	18	34	2
43	20	16	30	22	36	9	18	44	13	27	30	47	50	4	5	11	7	49	44
48	7	47	32	21	42	38	34	49	17	47	40	14	29	43	35	44	20	14	2
8	48	31	21	22	46	3	47	43	27	35	15	19	40	5	37	23	35	9	31
48	26	20	28	17	38	16	19	8	19	12	42	44	48	37	50	26	26	10	25
39	42	41	23	32	32	21	25	25	6	13	9	11	33	4	32	29	4	5	35
31	35	40	24	15	43	22	22	3	5	12	48	25	34	43	7	35	47	46	35
17	41	45	2	7	3	32	11	44	6	22	22	21	25	45	4	2	18	8	39
11	49	22	20	45	16	34	27	41	47	47	32	8	21	19	40	41	39	17	13
12	12	29	48	34	40	27	1	40	39	5	18	40	8	24	19	20	26	7	42
19	5	21	47	9	40	15	50	7	5	14	14	1	46	28	50	21	24	36	6
39	34	38	2	43	30	43	1	48	50	20	16	32	26	44	7	41	32	40	45
26	27	45	35	26	41	17	44	30	25	48	47	40	2	3	36	18	19	5	30
48	14	3	7	35	48	33	26	3	21	9	40	34	42	31	13	40	3	27	2
13	49	21	23	3	24	26	31	23	9	40	23	27	11	47	12	24	38	1	28
9	41	42	10	16	8	13	49	21	41	46	15	43	4	17	50	43	30	4	12
23	3	4	44	32	37	14	24	45	19	39	2	3	49	43	22	7	12	8	45
12	28	10	32	13	25	31	23	44	47	19	44	34	39	6	6	38	48	29	30
45	39	4	3	2	45	13	44	11	46	44	32	23	10	50	46	44	22	32	7
7	41	31	48	1	45	19	14	43	37	35	9	33	28	50	23	24	7	30	19
13	37	13	49	4	38	21	25	40	11	13	16	17	23	24	5	9	6	3	8
26	49	1	24	12	35	50	46	10	28	22	37	42	14	45	20	28	33	45	13
24	45	25	33	25	19	43	11	5	45	14	19	5	23	43	14	36	39	37	20
39	26	15	12	39	26	24	3	29	4	27	27	12	40	34	32	24	19	50	43
43	39	42	15	15	4	33	20	22	31	35	40	46	26	25	49	30	14	44	49
45	40	33	1	19	38	7	16	40	11	40	18	39	45	27	50	35	50	47	36
44	5	31	48	19	38	31	37	15	36	3	11	25	2	48	3	6	41	47	27
47	17	30	12	41	18	1	1	49	26	14	30	17	9	5	40	10	35	32	31
7	21	2	5	9	30	43	38	47	25	44	45	4	20	39	28	26	20	8	2
37	30	39	39	22	23	45	17	47	9	44	22	9	16	21	27	16	26	4	11
26	14	5	25	32	20	27	47	20	28	15	40	28	31	45	27	33	13	33	36
36	26	42	39	31	23	36	38	50	13	12	1	17	47	27	24	26	14	8	3
47	48	48	19	44	4	44	29	21	45	45	4	43	18	26	50	22	17	44	9
35	39	48	7	17	14	23	31	4	22	2	19	6	31	40	38	29	23	45	27
29	7	17	6	19	9	9	50	21	27	2	9	20	49	18	8	1	41	3	30
32	14	25	50	44	26	49	12	28	39	22	50	23	18	31	29	22	42	39	8
6	24	10	27	21	43	49	7	14	33	37	38	20	15	46	16	32	18	13	43
11	47	22	33	6	3	37	3	19	40	36	9	3	46	24	8	4	48	30	2
28	42	49	46	2	34	30	8	22	15	48	5	30	47	48	10	2	27	22	19
6	47	39	24	47	29	35	25	41	38	12	34	38	12	16	19	49	27	32	22
23	30	32	4	43	32	30	7	48	15	6	28	27	12	46	32	4	25	50	23
50	5	18	34	4	14	17	19	31	30	12	26	45	50	46	26	15	35	32	15
50	29	28	26	33	35	7	27	16	35	16	24	27	9	23	18	12	48	1	29
15	11	26	19	4	30	33	28	16	20	17	19	44	35	24	21	28	42	2	20
8	41	4	47	14	39	50	37	27	28	14	18	35	3	1	39	4	9	23	3
2	30	11	46	19	48	30	43	35	2	41	21	46	32	22	25	7	29	5	16
31	47	1	38	6	49	34	41	35	35	18	19	19	50	18	29	30	9	29	16
9	7	2	26	38	44	22	4	32	26	32	25	4	8	22	6	29	23	40	20
15	40	9	1	35	22	2	47	14	44	45	49	1	39	8	25	46	26	1	13
27	30	10	9	4	44	15	12	28	12	50	8	19	9	2	19	49	2	42	17
42	25	41	39	31	33	25	15	1	48	11	4	23	27	43	35	31	50	47	41
7	41	20	2	45	38	31	42	38	39	27	44	34	34	21	3	40	22	29	21
19	50	12	30	2	46	36	42	17	18	39	49	5	1	10	2	6	39	44	43
3	34	28	12	22	17	20	39	7	41	46	10	22	27	22	7	29	40	1	49
3	39	25	21	50	28	40	34	25	19	48	2	28	36	18	36	23	50	9	35
26	47	36	26	22	30	28	28	29	3	23	16	38	46	41	15	9	8	12	44
28	37	15	38	44	45	33	36	10	36	35	30	32	16	24	6	3	49	49	21
1	12	5	22	46	32	14	32	46	4	28	15	38	16	8	40	32	49	33	28
48	42	19	43	18	44	35	23	22	35	12	10	10	42	43	16	32	44	42	12
31	1	41	6	8	21	42	16	8	34	24	5	17	21	24	10	44	13	4	3
48	42	11	11	43	19	5	47	23	43	8	39	8	22	47	48	1	13	35	48
2	19	15	39	11	7	43	40	18	33	22	20	40	39	14	40	41	30	14	40
16	46	44	16	26	36	48	45	24	27	9	31	28	7	1	30	27	23	1	36
26	16	29	40	22	39	50	19	8	7	8	21	50	46	32	6	25	49	13	26
10	49	16	42	25	41	42	34	39	35	14	19	30	29	14	1	18	4	45	37
37	30	37	17	20	38	32	32	26	46	5	28	10	26	26	28	1	38	16	31
48	16	31	24	44	39	42	21	33	32	39	22	5	26	39	31	12	49	22	37
10	10	9	44	30	36	9	5	3	36	1	31	38	15	40	21	50	14	23	31
47	11	50	45	7	33	24	35	37	46	16	2	16	30	21	38	8	37	44	9
31	37	19	47	31	9	34	41	36	19	31	49	26	42	40	49	10	14	37	47
12	24	19	7	20	49	15	9	44	2	13	13	20	15	50	11	43	3	14	49
50	34	50	18	15	18	26	24	41	22	28	44	1	47	47	8	18	12	27	33
44	26	47	35	7	19	30	12	43	30	7	8	1	39	48	29	24	2	42	3
24	42	19	22	24	19	12	23	18	42	43	31	26	32	5	25	37	16	12	47
38	14	32	12	15	21	44	13	50	19	34	17	20	25	9	2	7	25	11	38
7	7	45	1	37	27	32	20	34	24	42	9	40	46	15	11	10	8	8	3
26	50	24	49	9	26	11	2	23	3	18	12	5	24	40	31	20	32	25	39
40	24	29	26	27	26	28	24	10	49	43	50	18	8	13	7	34	46	43	12
16	30	47	31	7	31	4	16	7	34	41	29	33	19	14	2	22	48	23	34
49	38	43	25	11	18	45	48	12	33	48	24	40	14	23	11	27	48	20	47
22	12	18	26	8	14	17	49	45	11	36	36	24	9	13	29	38	23	21	39
36	7	4	25	37	18	40	20	47	3	26	24	29	26	12	38	20	17	18	47
1	46	3	2	47	12	50	31	1	45	24	5	28	31	11	15	8	44	40	40
25	48	3	42	36	12	8	49	47	26	9	21	5	24	39	40	5	3	28	25
18	9	19	2	30	21	47	49	15	48	31	27	28	28	23	4	44	11	17	35
5	2	34	26	36	4	1	5	42	22	11	6	17	15	23	17	29	1	13	15
16	9	34	50	46	33	43	27	2	35	47	44	36	43	20	16	26	44	17	27
21	42	7	44	38	25	11	14	6	6	25	43	49	2	20	46	19	35	31	3
11	24	4	8	25	17	20	25	45	7	41	36	35	36	45	25	3	40	13	21
23	30	21	46	10	5	46	34	23	25	47	42	13	14	16	47	39	50	20	22
6	37	19	49	16	40	8	13	8	46	44	29	22	11	31	32	3	9	48	20
21	36	2	21	10	50	23	21	21	49	36	3	21	41	15	37	11	22	31	21
47	34	27	28	31	19	20	3	34	35	44	31	3	50	1	20	36	49	40	16
18	37	43	9	10	41	8	31	46	45	22	32	29	27	23	38	10	24	40	42
31	21	38	37	6	6	1	21	41	46	2	12	33	15	4	11	42	18	19	40
11	39	7	40	13	13	3	26	27	13	11	13	9	48	35	47	50	6	4	4
41	37	41	1	43	11	49	14	24	13	47	42	5	1	31	43	15	49	24	44
4	26	44	29	36	40	3	35	31	7	11	36	15	15	50	24	49	6	47	3
14	40	2	15	17	19	8	9	18	43	32	1	32	11	1	15	43	13	16	4
8	14	34	17	2	11	28	40	1	8	45	10	3	22	30	14	24	30	12	17
32	45	18	38	25	10	4	5	15	35	31	36	40	43	45	1	7	35	13	6
41	19	8	10	48	23	49	11	32	37	42	14	1	49	23	13	46	46	42	42
8	24	26	17	27	9	20	10	27	29	8	39	18	6	26	14	38	9	41	3
12	44	23	28	44	18	36	41	21	33	5	12	43	21	49	18	43	41	33	40
3	39	34	3	29	3	46	45	23	9	26	38	6	40	31	14	1	49	23	10
24	30	40	45	25	47	46	48	8	9	21	47	26	1	50	23	10	21	49	41
22	41	18	12	8	17	6	4	40	35	17	45	19	24	17	24	50	40	28	33
7	49	38	15	39	29	13	5	41	8	4	30	50	32	38	33	12	28	37	8
41	43	8	23	42	26	29	2	35	26	23	21	43	17	35	23	4	4	24	29
5	2	14	32	31	38	46	37	36	35	13	23	3	21	42	15	42	15	24	13
1	11	21	15	36	34	37	34	48	16	29	9	5	8	4	40	30	26	42	5
31	43	17	1	14	1	19	23	26	21	31	39	30	11	29	44	32	49	47	48
1	12	39	21	6	5	18	45	17	2	35	17	24	19	33	8	45	20	2	35
16	14	9	28	35	41	29	45	29	10	9	31	29	44	4	19	4	47	46	9
34	24	7	24	36	15	16	12	28	21	49	12	48	13	33	37	4	11	36	15
26	24	16	7	44	5	39	30	15	14	5	49	25	43	2	42	8	35	43	21
26	18	17	9	11	47	34	16	12	18	16	43	11	31	33	10	8	50	30	31
27	36	47	14	17	1	37	5	12	41	29	19	19	16	40	9	7	8	46	47
21	23	18	48	49	12	39	45	10	42	35	9	6	12	44	40	21	4	42	11
11	30	5	22	40	47	25	45	42	25	4	1	4	34	10	4	18	50	15	6
13	43	45	20	7	20	14	8	22	50	38	3	17	36	37	42	18	47	9	3
37	44	4	36	38	34	6	22	2	41	23	22	39	36	49	19	35	36	15	20
34	17	23	42	37	1	34	19	48	18	36	21	42	13	20	19	39	9	33	23
15	42	6	32	28	17	15	32	37	18	8	33	33	39	19	20	21	12	50	37
1	38	25	34	5	2	31	26	17	30	30	26	4	42	5	42	12	42	15	20
37	3	32	30	11	4	39	3	44	50	48	27	10	46	23	28	18	23	27	27
36	39	16	8	38	32	30	41	35	28	9	30	48	30	1	48	7	45	23	2
13	29	33	18	33	4	17	8	20	27	25	40	15	38	35	49	38	25	42	30
24	49	18	17	41	19	29	31	45	25	22	23	50	26	14	8	7	48	25	35
16	22	22	8	4	20	15	11	46	3	11	33	4	44	28	15	11	16	27	14
25	37	13	45	6	2	41	39	24	27	42	40	50	7	15	3	27	11	14	22
