20	200
18	26	28	57	14	97	98	53	50	78	8	75	17	49	43	39	14	29	19	83
82	77	100	93	11	28	63	54	41	80	10	44	78	25	76	62	100	39	15	27
76	70	2	65	49	44	44	79	99	87	3	63	2	51	19	42	27	35	47	86
35	44	13	70	68	64	97	92	73	81	39	76	15	92	7	13	75	35	44	67
85	85	55	55	77	48	42	27	7	35	36	66	92	29	93	32	58	32	97	85
47	52	6	18	48	28	49	10	45	7	67	92	92	80	1	50	89	59	93	21
23	70	86	38	46	74	84	86	100	75	55	44	39	59	21	33	80	37	7	50
100	33	83	100	69	45	74	13	29	44	43	100	39	77	63	77	66	68	73	75
45	64	11	70	53	24	54	34	60	68	71	53	52	44	22	90	88	87	70	2
1	71	58	56	32	55	5	62	96	44	68	12	65	32	5	36	23	13	48	46
92	41	54	61	74	91	48	96	56	74	90	80	99	72	75	74	7	55	39	98
19	92	38	16	1	60	88	20	39	86	68	75	40	25	10	60	18	97	83	41
8	10	7	23	55	89	13	94	58	32	30	68	75	51	27	100	3	38	60	14
4	29	57	71	6	15	40	75	62	15	57	10	72	98	90	10	86	16	62	13
47	95	62	8	56	1	1	89	98	11	58	80	38	69	38	80	54	36	17	40
49	39	33	44	75	21	96	77	61	18	15	88	76	48	68	10	67	49	15	6
14	52	77	51	57	78	72	3	61	11	57	50	99	23	64	9	63	19	34	35
5	25	29	81	97	71	4	90	2	29	14	5	22	12	26	98	62	82	87	98
49	94	16	50	61	65	89	54	84	60	47	48	16	80	2	90	23	96	55	87
74	82	2	33	98	53	29	88	97	67	47	82	32	37	87	12	9	79	20	32
83	50	7	43	82	66	89	42	10	37	75	66	27	1	24	67	92	84	53	9
36	1	58	17	14	66	16	80	94	91	81	45	77	24	5	25	76	60	51	33
64	88	78	60	93	81	55	32	13	20	20	26	27	12	96	82	93	90	29	16
50	9	48	20	56	30	90	4	97	99	92	33	33	21	45	49	23	98	25	33
12	85	67	75	71	56	19	65	28	23	32	86	31	36	83	56	40	58	5	63
91	52	35	15	28	88	93	6	67	48	59	96	65	96	5	65	42	74	50	1
12	25	77	75	67	6	2	98	38	90	9	66	94	63	43	60	51	53	47	84
63	13	99	80	64	37	21	35	31	19	14	67	9	5	51	66	75	61	48	23
86	96	69	77	39	94	2	3	54	45	15	90	28	67	38	100	27	97	11	31
85	68	67	20	77	43	57	89	12	77	86	90	6	24	98	68	45	22	41	71
35	19	81	87	4	25	40	43	68	52	40	79	51	18	39	19	29	49	1	97
38	14	92	78	60	25	85	4	70	70	55	5	57	40	96	67	87	80	16	53
4	15	22	60	38	8	40	88	86	79	39	96	22	45	34	22	27	4	28	80
40	36	74	98	97	36	22	11	23	72	33	49	34	49	94	24	92	32	40	53
85	97	18	91	31	60	83	13	7	74	40	83	53	37	13	68	41	25	63	2
86	30	66	14	46	90	63	74	51	11	31	96	65	76	95	44	19	83	68	38
53	10	4	49	33	51	97	98	36	27	83	68	70	38	67	56	31	4	46	41
98	9	62	97	43	45	18	78	42	69	49	59	58	26	50	76	26	18	82	95
94	66	38	25	28	64	27	27	9	40	14	15	38	27	40	44	49	8	6	89
33	19	57	68	78	24	10	44	89	92	31	14	23	51	48	33	72	38	69	80
18	92	70	2	55	35	22	31	86	6	28	18	12	93	63	75	10	71	47	5
54	83	38	18	9	1	93	88	80	8	73	12	39	27	71	41	50	55	13	44
3	80	59	84	65	13	2	30	88	73	24	1	91	65	26	36	55	53	93	55
43	35	52	78	33	17	79	85	22	22	26	55	59	4	2	75	25	55	54	96
99	63	100	7	85	73	21	75	1	36	87	98	62	58	2	69	28	81	51	48
35	17	9	67	47	69	43	87	63	52	12	1	100	98	56	80	36	45	93	61
96	5	85	87	36	29	94	1	3	34	47	44	4	6	62	82	54	33	61	17
31	34	13	50	24	87	98	65	3	22	34	83	88	91	53	31	33	22	32	19
75	42	85	30	5	69	97	95	36	75	27	3	85	77	31	62	92	36	63	49
31	29	99	81	1	65	56	14	53	32	50	33	2	43	42	89	49	83	45	56
90	4	29	29	96	31	99	12	60	92	39	98	59	83	88	46	44	5	29	41
13	83	43	5	25	94	2	42	35	42	13	9	91	8	60	28	1	71	86	70
66	44	54	61	93	52	74	19	56	96	45	45	55	5	43	7	62	25	4	2
30	57	77	19	80	30	7	52	24	60	46	74	19	60	76	69	30	82	12	73
21	83	87	40	98	68	55	87	65	53	67	77	67	84	40	9	68	36	82	64
46	22	96	96	50	71	27	95	30	74	78	80	13	31	82	48	70	38	21	12
75	21	88	71	94	70	7	36	20	67	2	94	100	49	28	100	87	92	90	27
42	61	57	91	76	87	65	37	3	93	39	31	15	70	89	25	34	26	3	81
65	92	75	63	73	84	80	64	3	83	61	79	48	95	71	15	64	98	95	8
6	71	33	28	28	72	79	31	61	4	66	62	90	10	63	51	86	95	19	92
7	1	35	21	33	61	83	21	100	75	61	37	31	96	75	95	59	48	36	1
6	50	4	100	17	99	90	39	33	20	30	70	80	4	1	5	36	13	95	68
89	59	31	86	43	30	32	95	35	69	92	38	59	18	87	57	97	35	4	35
71	45	89	80	46	92	57	28	95	70	59	47	54	69	12	48	19	18	57	88
68	96	4	64	28	92	12	63	18	44	8	1	9	61	97	45	70	52	41	52
73	5	100	65	11	46	85	91	6	39	39	80	79	17	67	76	41	25	52	54
81	95	10	52	62	58	38	93	73	68	78	68	78	6	15	64	96	40	54	83
8	22	57	79	6	29	23	93	94	21	4	46	100	88	71	79	95	49	3	53
8	92	18	39	62	71	3	73	2	4	80	2	71	70	46	60	39	32	46	34
35	46	100	53	64	32	68	90	36	36	69	48	37	1	75	17	4	18	17	35
27	51	91	90	41	3	75	31	43	12	41	63	3	70	19	62	93	66	76	30
4	13	38	66	36	32	66	70	95	29	56	21	15	12	7	84	56	10	12	62
58	38	48	24	96	6	46	67	83	13	25	38	43	87	31	14	14	25	55	9
38	6	37	14	57	20	49	91	63	36	7	84	55	15	73	67	66	14	71	30
87	99	88	82	5	18	79	29	81	93	70	31	55	3	25	52	1	34	68	76
58	55	5	48	7	42	84	29	15	65	49	100	54	26	23	39	18	56	9	39
42	21	11	70	66	77	29	52	90	21	66	33	47	96	72	33	95	41	76	64
35	51	14	16	45	71	77	29	81	86	35	46	25	29	34	38	45	35	82	30
13	32	39	94	100	16	53	59	55	90	45	78	81	46	5	92	7	95	26	96
100	100	72	5	87	21	8	19	62	34	88	60	59	46	52	3	13	21	17	30
18	18	75	91	41	58	66	80	25	43	32	50	10	87	31	13	61	34	7	80
9	35	98	21	3	85	19	35	95	2	80	86	78	97	79	82	26	81	65	30
55	28	94	19	2	38	51	73	15	39	42	79	15	38	21	83	21	54	89	56
40	31	86	23	64	47	73	14	9	50	88	81	70	78	25	81	42	80	20	65
34	46	21	56	61	1	72	40	76	96	62	72	92	9	90	25	43	71	56	56
66	38	65	66	52	62	9	37	14	40	42	42	35	25	23	94	10	30	63	63
76	33	38	13	88	16	89	62	88	1	38	71	25	65	99	96	81	56	5	99
92	35	27	36	55	21	38	68	87	97	15	14	8	93	80	33	1	53	78	36
73	48	50	13	3	72	18	71	26	27	14	55	25	64	71	42	7	2	59	68
79	22	76	92	87	24	63	32	85	66	96	29	78	69	27	45	86	14	34	84
4	67	42	61	84	60	90	44	23	39	27	99	95	10	58	52	73	58	27	79
9	86	87	61	31	85	78	56	38	27	56	93	69	76	65	12	80	15	9	28
35	19	10	46	40	97	35	68	12	76	72	28	88	56	75	18	81	82	30	99
82	34	7	96	83	35	31	20	46	46	72	58	50	100	44	91	77	41	22	35
50	10	45	63	55	29	5	14	1	48	31	99	86	10	46	2	13	14	64	5
67	16	23	66	4	15	78	89	12	84	42	41	61	96	49	73	89	44	42	54
30	18	19	99	15	73	72	40	54	43	79	63	78	17	69	35	88	80	59	41
52	17	2	18	7	91	39	91	61	74	13	69	73	10	75	49	98	25	51	32
43	38	35	70	6	79	63	44	28	15	85	10	85	1	3	13	16	1	93	25
35	82	80	81	30	11	91	69	42	20	37	64	29	28	99	14	83	33	13	29
28	95	64	47	89	3	84	72	7	62	33	97	32	27	97	61	59	54	40	95
88	95	3	8	78	22	81	58	3	90	31	84	89	65	97	40	19	33	93	28
27	19	62	80	87	41	32	3	31	38	56	29	94	18	41	34	93	56	69	68
22	27	70	18	32	50	8	68	30	57	42	26	62	13	69	69	33	23	22	37
90	79	27	65	35	2	91	72	24	64	48	64	65	25	6	1	50	45	49	37
34	64	73	74	96	30	68	81	49	72	1	70	35	32	78	44	100	5	83	30
60	36	45	67	10	79	62	37	7	68	20	89	75	85	4	26	6	54	69	5
35	10	24	52	63	78	29	33	48	62	2	45	62	19	77	98	20	7	65	18
68	31	75	82	53	13	96	50	29	52	39	46	37	78	96	51	13	93	5	32
50	30	90	46	67	75	27	56	8	7	7	100	90	52	38	5	36	42	100	51
83	80	4	96	24	56	9	85	24	27	85	28	2	33	68	39	41	29	16	79
86	41	42	22	46	39	57	85	41	91	16	71	94	54	50	71	26	95	22	11
66	43	33	82	22	79	98	57	85	99	64	7	27	21	65	43	38	83	51	86
100	24	44	33	11	14	35	49	84	97	13	47	8	5	13	44	8	61	1	67
42	1	1	42	27	10	45	73	89	8	33	44	45	37	12	43	99	1	71	8
45	49	73	88	87	18	99	22	9	22	35	77	83	84	44	99	24	2	6	2
70	62	60	76	64	70	2	72	94	71	45	7	91	93	23	93	28	13	56	10
11	23	65	68	73	57	61	61	93	13	19	98	96	69	38	83	90	97	24	17
17	27	29	39	77	28	86	90	62	52	72	11	46	97	91	48	98	93	4	8
9	41	80	81	52	48	12	23	55	40	4	31	90	40	94	85	94	27	91	45
71	71	100	41	42	9	52	100	78	91	86	97	94	17	8	76	48	48	87	30
17	64	36	22	49	41	22	7	4	7	55	72	2	59	38	38	42	39	40	44
96	13	45	65	55	7	37	74	32	18	37	46	40	62	29	7	36	78	93	1
88	46	97	72	36	14	96	36	79	71	35	10	9	44	34	4	20	72	68	42
5	48	76	86	71	9	33	40	30	31	3	64	47	39	56	51	16	73	29	41
12	2	95	62	84	28	38	96	29	25	87	65	11	51	97	40	71	12	2	28
82	56	7	49	68	71	64	71	88	84	88	47	43	27	31	3	54	14	2	43
72	37	12	5	44	38	53	96	42	17	80	5	72	1	60	56	96	47	94	13
65	67	8	45	37	41	22	84	21	94	87	57	10	59	57	46	45	2	5	31
18	68	29	72	4	84	76	42	68	75	8	7	21	89	79	5	29	67	68	4
17	70	76	49	30	24	96	13	45	15	12	94	43	64	96	97	39	36	42	54
65	80	16	46	86	80	36	22	81	52	17	78	34	1	14	49	93	81	43	80
88	63	98	54	64	15	65	58	94	82	67	93	26	14	40	37	54	31	63	51
89	75	33	94	98	35	60	43	50	47	5	59	94	62	66	3	83	62	82	72
16	78	28	100	86	25	52	21	62	78	95	63	19	93	92	14	30	4	57	30
55	23	9	47	77	8	99	65	48	37	54	93	49	91	36	11	47	34	8	74
83	40	82	72	53	43	41	2	70	53	73	79	6	52	18	93	70	81	23	78
26	87	73	25	24	3	14	28	58	82	68	97	97	84	47	15	42	37	95	35
68	98	96	96	64	76	87	97	74	43	41	66	11	30	48	96	68	57	49	50
29	13	45	88	86	76	83	23	6	3	52	33	86	88	11	29	92	77	62	49
16	18	55	15	42	2	86	67	36	52	48	85	89	45	7	55	53	8	11	88
93	65	92	71	91	8	80	24	20	19	5	91	96	100	34	12	59	30	47	84
90	17	87	54	56	67	44	42	81	56	77	84	67	74	56	52	26	85	24	34
22	63	47	18	48	57	90	90	11	96	97	23	62	27	98	77	78	38	16	25
64	39	44	65	43	21	25	22	44	83	86	75	7	14	63	28	70	69	7	100
77	55	31	86	59	54	23	40	76	80	74	88	70	100	70	83	20	82	75	28
32	68	46	29	11	23	17	48	65	71	7	10	32	16	48	10	9	58	7	89
98	86	47	64	9	98	6	7	45	81	9	88	95	80	68	9	10	2	75	36
38	75	76	6	73	65	57	54	53	60	74	62	76	86	30	46	22	82	21	13
18	10	4	84	62	20	15	53	49	39	100	8	84	71	52	23	11	41	92	44
42	53	55	85	7	48	13	9	50	22	87	28	82	63	19	28	72	92	44	54
50	5	5	14	60	67	79	6	35	8	36	82	91	77	72	66	56	20	78	15
7	7	3	27	52	73	27	21	52	25	52	19	97	38	94	37	48	41	25	40
69	7	74	42	87	6	38	5	91	54	72	52	15	30	47	44	2	79	63	88
41	58	54	11	57	17	86	53	84	35	19	16	96	39	46	1	33	62	41	47
36	22	31	99	53	100	5	68	91	51	36	70	79	37	99	12	54	64	86	70
21	85	21	56	36	57	57	76	84	47	11	41	38	17	53	20	28	55	59	57
13	19	63	34	100	50	38	59	40	35	48	70	76	72	26	52	2	75	64	97
44	29	84	45	40	95	32	63	85	80	85	99	6	30	57	3	23	88	56	87
20	98	37	50	100	41	65	67	91	2	18	53	92	62	14	84	35	18	94	5
18	75	75	61	50	49	65	47	15	24	29	14	19	78	78	46	93	35	45	99
31	65	72	84	62	32	8	44	17	74	68	5	94	52	69	45	24	76	100	51
77	19	53	67	73	5	34	14	85	68	92	1	74	96	75	54	3	91	99	19
42	22	30	41	56	25	20	68	10	33	22	17	36	94	23	12	13	6	11	58
98	94	59	49	83	68	31	99	77	16	42	34	78	82	10	55	90	12	11	48
85	67	4	52	47	75	66	80	74	64	41	98	80	42	21	48	63	82	59	89
94	22	92	95	92	89	40	54	85	68	22	1	95	64	74	32	90	7	3	8
3	52	26	13	75	44	54	36	61	62	92	9	53	23	55	63	75	10	61	58
36	12	95	6	42	40	4	17	69	89	59	57	79	52	86	43	96	80	21	48
36	4	94	24	76	14	49	72	10	11	57	81	47	45	72	92	58	20	71	35
41	37	68	73	4	36	30	1	38	13	68	96	90	13	23	33	19	71	31	28
92	32	8	59	33	78	11	34	81	94	85	76	9	87	8	99	37	22	21	40
85	48	35	97	43	61	91	34	23	39	74	87	90	43	43	10	29	9	40	26
25	96	20	44	28	92	88	4	5	24	97	98	51	91	44	44	97	11	16	72
88	77	12	42	21	99	87	66	44	98	71	28	82	96	16	89	28	91	70	52
74	88	29	99	43	77	36	99	100	99	13	18	94	69	39	48	85	78	24	29
5	23	60	8	54	70	16	56	76	56	16	6	42	64	99	100	49	14	100	44
63	89	67	45	86	53	34	13	57	68	4	51	68	41	48	52	29	22	45	74
61	81	23	44	84	8	77	30	71	40	100	72	79	80	67	17	56	16	23	2
36	4	99	9	52	66	38	1	17	48	72	27	69	27	84	83	66	24	62	78
76	5	43	18	68	33	72	89	75	31	96	13	100	44	39	58	82	15	92	18
70	77	13	23	68	73	3	53	96	84	52	33	54	45	26	31	61	81	41	20
94	50	26	86	52	59	28	26	89	27	1	51	32	44	9	100	92	20	51	95
31	20	93	92	80	63	60	56	18	8	98	1	74	73	24	20	52	28	72	10
46	77	65	70	84	1	2	11	36	27	40	41	31	47	89	75	57	35	6	89
100	72	8	81	30	100	77	59	20	89	49	64	49	41	50	54	56	24	8	80
62	49	20	92	68	57	71	28	84	50	64	17	22	83	11	74	70	84	41	84
24	43	91	47	78	76	92	91	97	36	19	34	27	27	27	51	52	17	13	73
30	49	76	71	26	32	43	67	31	76	85	73	83	25	56	20	59	74	14	93
65	80	31	49	31	31	91	96	56	61	22	53	71	68	54	75	68	21	22	47
34	26	61	22	51	47	51	2	71	8	92	79	3	21	8	50	19	27	40	95
41	47	11	70	54	32	2	16	71	82	53	39	52	68	59	39	20	10	98	85
81	89	26	49	69	44	51	50	60	5	57	41	81	27	6	87	16	91	69	20
45	35	32	89	56	54	27	35	62	70	31	9	30	55	15	53	21	63	2	11
81	52	56	67	25	13	58	26	63	72	24	29	41	78	40	46	58	37	93	16
17	17	89	91	74	48	11	26	12	54	67	53	90	59	39	94	80	65	65	44
96	2	72	90	46	2	68	52	16	70	95	85	70	86	94	65	64	65	93	77
2	32	14	10	6	71	40	83	40	47	66	93	73	50	21	16	45	99	46	73
80	59	11	43	59	82	84	4	65	74	30	16	73	88	42	64	88	63	85	75
62	86	13	70	4	2	12	20	66	79	21	65	20	21	97	43	22	71	51	24
