5	50
11	9	1	20	12
2	5	20	7	17
9	20	10	6	12
10	18	14	14	15
20	6	5	4	6
17	3	19	4	2
2	2	3	1	13
8	2	8	11	17
2	7	4	4	5
11	4	19	2	2
14	18	9	15	6
6	4	18	14	15
19	6	16	5	15
7	18	9	14	5
8	11	4	18	13
14	2	1	20	15
14	5	18	3	9
4	14	8	15	7
4	5	14	16	18
16	11	20	10	18
14	15	6	18	15
3	15	12	2	13
4	3	18	19	2
15	9	13	16	11
14	10	15	7	1
3	18	9	20	17
3	3	12	2	2
19	19	20	9	6
10	3	6	3	3
1	8	15	14	4
8	18	4	19	5
4	1	19	18	12
6	6	12	6	10
2	12	16	17	3
16	9	5	11	1
12	5	13	4	20
16	3	15	17	10
6	19	14	18	19
19	1	3	18	20
5	11	1	13	2
10	12	18	11	8
19	14	14	18	14
20	9	16	19	17
4	12	16	16	5
3	19	19	19	5
16	6	8	11	17
1	4	20	3	10
4	5	4	9	12
12	6	16	4	20
11	5	5	1	17
