5	200
40	21	45	11	37
31	14	28	29	13
9	31	6	38	17
46	32	25	20	32
49	21	14	27	41
1	50	17	22	16
1	34	23	18	23
38	29	38	24	37
27	26	16	38	29
35	14	13	34	10
47	29	6	45	48
19	7	19	20	37
31	48	7	13	12
25	9	38	16	30
18	45	2	34	6
24	5	27	48	7
37	38	33	12	19
23	28	28	20	4
31	10	19	38	7
30	19	3	26	4
27	26	48	5	42
3	28	23	39	25
15	31	21	14	50
44	15	45	44	40
47	31	19	13	49
8	27	14	28	27
5	2	1	44	30
12	40	28	20	17
45	6	40	45	39
1	40	6	38	13
15	25	9	37	8
47	8	36	7	35
27	14	46	13	21
13	30	28	34	39
4	37	25	28	45
42	42	24	24	48
19	21	27	15	12
30	43	15	37	34
4	5	22	36	40
32	11	27	25	27
22	13	22	50	10
28	1	32	42	17
6	35	13	9	17
6	38	31	1	42
20	15	41	1	35
50	16	40	39	14
31	15	50	48	27
6	50	27	6	35
30	12	24	20	29
20	42	14	19	34
45	30	27	34	7
7	22	22	15	10
13	12	43	29	36
41	36	16	32	11
7	11	26	17	13
8	42	21	23	16
8	2	21	5	19
2	39	17	41	20
35	29	13	46	23
18	20	46	35	38
34	27	32	8	28
34	4	11	22	50
16	1	50	49	2
11	41	39	10	35
3	20	25	13	27
29	49	30	44	45
39	46	37	35	32
31	21	13	28	35
48	28	45	42	4
35	29	14	45	13
27	32	37	50	35
15	3	20	32	50
36	24	17	27	11
20	14	15	17	21
41	29	12	25	37
25	25	34	9	42
50	35	36	32	18
8	10	37	50	18
29	1	31	28	50
25	12	19	31	34
21	15	48	24	22
49	21	12	14	11
41	20	11	40	1
2	38	35	10	4
11	27	16	50	43
40	48	34	26	13
14	7	3	25	22
36	38	13	10	19
37	49	24	40	27
10	41	42	28	48
37	27	9	28	24
45	50	48	31	33
2	37	37	1	48
35	17	36	19	15
15	26	25	41	17
13	4	26	23	33
50	7	6	28	27
37	48	26	2	27
37	40	32	28	18
1	12	23	43	43
44	5	23	13	34
12	2	18	11	12
41	24	25	48	34
46	31	10	25	11
37	41	35	42	29
25	44	48	24	17
1	31	34	31	40
45	34	44	44	15
35	30	16	40	37
13	16	34	45	23
20	3	48	32	6
3	21	32	34	10
18	5	45	44	12
11	40	44	9	39
12	38	16	10	27
8	26	45	6	17
10	10	3	2	48
48	33	3	26	38
25	3	10	35	48
31	36	22	29	26
24	22	26	6	11
32	38	38	5	49
27	26	26	18	1
8	2	44	47	14
28	38	19	21	15
10	29	31	13	47
23	5	17	30	44
39	35	48	41	16
11	46	48	28	11
49	27	42	35	40
29	42	25	16	49
36	3	6	42	1
4	7	25	9	27
23	10	46	25	13
24	5	3	32	3
33	40	42	10	16
33	37	47	24	18
31	30	1	32	8
36	29	6	40	13
5	21	39	2	38
40	32	17	23	16
25	39	44	13	17
46	12	46	27	19
17	11	2	42	46
44	9	14	18	27
46	49	13	19	49
12	2	40	22	26
2	20	25	8	43
42	36	38	16	12
24	34	29	22	46
44	19	48	6	45
31	18	50	46	21
26	26	25	15	5
45	22	24	1	17
48	37	44	49	5
8	22	49	6	3
12	21	42	24	5
44	5	35	28	46
35	21	29	38	18
16	11	24	12	17
3	10	28	6	49
8	26	49	2	37
10	19	44	43	9
6	35	2	10	12
41	38	46	6	33
28	8	6	32	39
48	48	38	40	1
3	43	37	25	47
18	6	33	42	36
16	27	36	30	13
32	10	14	1	27
16	14	23	23	22
1	20	18	14	40
12	32	5	43	7
14	49	27	14	44
36	5	5	21	18
1	22	27	19	8
38	35	37	14	36
39	20	14	4	47
49	38	20	3	24
34	23	44	24	49
33	33	1	7	41
12	9	3	6	21
29	43	49	6	2
28	45	42	7	18
44	35	24	17	46
48	35	3	47	34
29	28	4	21	25
6	35	31	23	25
30	18	8	33	19
6	39	15	1	47
39	31	37	6	6
48	9	34	12	44
27	7	6	23	43
1	40	29	31	47
44	15	19	33	38
26	27	42	49	41
9	20	3	1	45
48	41	48	16	28
47	1	19	30	48
