10	200
19	46	8	25	45	7	24	18	38	43
16	18	40	27	24	31	35	32	47	19
15	37	27	19	12	6	4	6	2	43
13	8	29	24	23	36	29	22	7	29
3	28	36	22	27	7	11	21	18	20
28	32	6	50	38	33	19	40	13	39
3	19	16	45	30	9	39	17	4	39
3	14	25	19	17	37	1	6	42	6
46	34	38	32	16	32	2	29	36	40
17	39	9	19	26	34	12	41	42	19
18	45	17	30	17	15	7	38	34	2
32	14	48	8	44	20	32	35	29	49
7	10	31	15	22	14	5	7	44	33
26	10	14	24	38	2	18	8	15	2
25	15	45	35	9	4	42	2	25	6
2	28	12	44	12	8	14	3	9	4
10	50	45	2	26	22	1	24	20	43
3	25	20	28	24	43	15	47	7	18
23	3	32	38	31	49	48	21	13	30
38	16	50	12	42	26	20	44	9	37
4	18	33	33	4	28	8	35	20	19
44	18	47	41	31	8	19	8	21	28
24	31	12	40	5	37	26	8	37	49
24	22	38	20	15	5	21	50	34	4
41	14	1	44	37	21	20	9	32	35
8	13	23	32	13	24	7	43	28	17
3	1	49	22	46	22	30	27	26	26
37	19	25	18	37	11	30	18	3	35
18	17	27	2	42	11	50	6	8	42
49	29	23	17	2	41	15	30	48	16
41	43	33	6	49	39	38	5	45	3
44	39	40	44	50	36	25	47	30	35
23	25	20	35	28	8	47	9	17	47
46	1	21	38	44	25	35	22	4	3
24	45	11	5	48	10	39	29	17	16
16	19	50	13	43	17	24	49	28	41
43	30	39	48	7	44	19	2	1	25
2	4	44	27	12	29	14	15	37	18
19	18	42	1	31	28	1	8	45	27
2	37	44	14	11	44	6	13	49	5
42	38	29	43	15	13	25	23	1	15
3	10	12	11	22	25	39	38	17	30
44	12	8	24	24	16	10	30	17	19
23	1	17	33	27	32	40	50	37	19
3	28	7	30	24	43	25	33	43	36
6	19	47	19	12	31	30	5	19	50
3	45	7	33	43	3	43	29	35	40
36	40	1	49	28	16	5	28	50	32
41	28	38	32	14	5	5	48	22	46
2	35	31	37	16	8	22	25	38	22
50	46	49	4	50	16	18	48	42	46
27	3	6	38	9	26	8	25	20	39
48	45	8	39	38	1	10	15	34	20
45	31	40	28	33	45	29	35	32	48
37	8	7	26	20	50	30	43	28	40
1	47	5	50	24	5	38	11	16	49
7	4	14	22	2	46	13	28	6	14
48	23	44	22	2	41	39	33	19	39
22	17	37	45	19	48	26	41	5	28
7	19	20	33	41	34	44	35	24	24
37	3	38	14	43	29	4	33	48	33
17	6	42	28	28	41	18	20	4	5
21	23	23	28	8	29	4	11	32	19
48	4	9	45	2	20	30	23	2	41
45	43	43	22	12	2	27	42	6	1
16	24	32	20	4	14	30	10	7	14
25	43	2	30	36	13	48	48	26	8
12	46	18	14	10	29	31	2	16	6
3	12	5	32	4	24	22	39	42	39
41	20	16	39	16	2	41	14	37	49
4	30	17	48	39	21	7	19	11	25
34	28	44	2	11	14	39	20	26	12
42	10	6	38	18	42	31	30	48	9
38	17	15	18	3	24	46	8	43	33
18	4	29	17	6	13	26	15	28	3
14	21	38	26	8	45	24	30	30	48
41	27	21	3	38	17	13	27	49	38
18	32	28	44	44	38	32	40	32	6
16	17	2	46	45	17	30	40	10	9
50	17	28	46	43	41	33	27	30	39
50	50	16	40	35	33	44	45	32	20
14	34	48	25	32	25	26	26	8	21
38	24	17	41	39	1	4	32	1	3
5	6	11	43	7	17	1	12	11	13
24	36	9	40	45	16	20	4	15	19
16	8	19	9	2	27	33	26	2	35
29	12	44	29	15	9	24	5	19	16
24	14	15	45	48	2	15	27	46	23
32	1	18	33	38	48	37	2	42	30
34	26	11	27	35	12	42	30	25	37
42	16	36	49	45	3	43	25	12	50
12	7	30	30	3	29	45	12	42	18
22	23	14	39	32	48	3	39	11	37
11	35	2	9	31	17	16	19	38	35
6	12	41	42	19	28	47	32	24	6
18	31	39	8	15	20	2	47	18	47
50	4	14	25	40	27	5	21	49	37
14	26	24	7	12	11	33	22	21	5
2	22	15	5	20	30	47	45	45	12
15	19	2	41	36	2	48	16	2	42
23	26	33	38	43	42	8	33	46	5
38	30	27	13	46	28	40	10	6	11
31	11	27	38	22	46	24	33	22	11
13	17	21	30	33	27	40	28	13	28
23	15	49	40	24	35	42	40	46	8
13	39	10	42	11	13	50	45	16	48
19	25	12	36	43	21	10	48	31	20
39	13	47	29	38	17	12	37	14	38
4	35	38	14	48	24	7	29	19	20
27	45	12	16	10	49	4	13	48	4
25	45	9	27	19	1	43	32	5	44
1	13	32	29	44	34	37	48	38	20
14	32	29	11	43	45	1	31	19	40
14	50	40	11	13	10	26	11	45	48
31	25	25	26	20	14	13	33	23	26
12	6	25	28	40	44	16	49	35	25
50	12	13	15	31	2	24	21	17	34
9	27	4	41	39	40	7	4	41	29
32	18	9	44	29	8	25	12	22	19
44	28	27	21	48	20	12	11	45	19
41	43	17	39	18	36	3	35	40	1
38	13	8	6	43	33	4	20	37	23
28	12	50	48	41	32	50	34	44	19
28	47	9	23	39	40	2	21	27	43
6	41	22	22	32	32	20	22	28	16
17	43	24	23	41	29	44	19	48	37
36	20	41	21	23	41	5	35	17	4
31	33	44	44	17	37	41	28	17	10
12	28	6	28	3	35	24	37	33	11
46	33	23	41	7	37	50	1	49	41
27	35	6	24	35	34	50	30	6	4
39	16	3	39	25	9	14	13	19	39
18	18	3	7	8	49	11	4	37	31
38	40	30	27	33	28	23	32	44	20
36	44	31	29	22	31	30	34	16	49
23	37	33	11	23	9	32	49	17	37
23	47	44	26	17	50	37	27	7	48
36	32	20	49	3	25	38	25	35	28
19	27	38	39	8	1	7	19	4	24
46	25	16	8	47	40	1	6	12	23
45	4	28	19	14	42	17	34	8	49
22	8	14	39	18	47	9	6	18	16
43	18	23	33	3	12	17	13	3	14
25	32	13	13	34	15	50	19	25	17
35	23	12	6	2	38	11	28	40	1
31	46	38	47	30	27	32	45	17	2
25	5	32	45	24	40	45	2	5	3
47	41	31	2	32	20	7	18	31	15
2	39	23	3	34	30	45	17	33	7
34	5	3	23	42	30	42	17	33	13
44	9	23	38	4	41	15	37	15	10
21	15	14	3	1	37	32	29	12	45
46	28	19	49	20	42	38	8	10	2
29	40	36	19	21	43	17	36	49	44
15	8	3	24	37	20	42	1	23	6
49	14	6	38	18	16	41	25	19	13
3	8	28	14	32	32	30	46	32	9
20	46	31	18	30	39	26	46	13	50
1	38	36	4	4	16	34	48	2	6
2	43	18	37	41	7	31	40	42	5
41	47	20	14	37	3	33	38	9	29
41	46	12	19	12	15	23	24	10	17
48	33	44	27	7	27	29	45	28	23
8	37	4	8	10	5	19	22	18	2
33	46	39	23	15	7	31	50	25	26
35	7	30	26	7	9	3	44	7	10
24	39	11	36	21	4	43	5	9	8
47	2	6	9	34	3	44	21	12	1
47	30	21	2	39	2	7	28	1	2
2	26	15	9	28	45	36	4	2	11
15	27	41	17	30	34	2	21	42	5
15	32	32	7	14	45	19	10	48	20
47	15	4	8	7	22	37	47	32	40
18	41	20	1	37	21	39	4	22	6
1	36	36	47	37	20	44	8	46	33
26	26	6	32	14	50	23	34	10	8
47	5	40	3	38	25	13	32	21	44
7	15	38	43	20	12	30	8	21	37
29	29	2	49	15	42	35	38	37	38
48	6	45	15	9	47	47	34	10	13
8	12	38	3	26	12	38	14	13	3
20	16	13	23	30	19	3	41	39	46
40	25	46	33	46	1	21	24	35	24
15	46	48	9	30	18	41	49	24	3
4	22	25	34	18	33	44	22	35	41
44	6	46	14	23	33	16	5	7	25
41	15	30	40	39	24	18	4	44	13
28	5	18	36	42	19	1	13	16	14
8	49	39	44	31	10	1	34	37	47
2	37	42	49	12	40	42	36	46	44
15	40	28	23	14	39	38	11	23	4
33	4	40	44	18	43	26	36	10	29
24	34	17	47	12	41	13	20	24	3
27	15	18	22	50	19	22	17	31	42
22	41	12	34	15	48	47	49	32	20
15	7	27	17	21	31	23	32	12	23
27	19	37	21	27	19	37	18	45	49
22	9	5	18	7	33	23	34	33	14
45	15	39	4	38	21	39	1	1	19
46	40	6	9	15	4	4	42	7	47
