5	100
14	3	16	20	13
7	3	4	12	11
6	18	7	14	11
3	19	17	8	18
18	12	16	16	1
19	4	15	19	19
7	6	10	12	13
11	1	16	11	14
3	20	5	7	10
13	10	2	15	12
5	3	16	13	17
2	8	20	20	15
4	8	5	14	4
20	8	15	1	20
2	3	7	14	15
19	7	9	7	8
9	3	1	7	14
5	11	18	15	11
4	2	16	17	11
15	15	12	4	10
6	16	1	15	11
3	17	3	19	18
16	19	14	13	6
1	8	18	20	20
10	11	20	11	17
1	8	11	3	20
5	15	6	17	3
14	3	6	17	12
9	8	19	17	16
5	9	4	11	11
8	17	13	4	1
15	16	10	19	10
15	7	20	19	14
1	14	17	10	13
19	2	1	9	12
2	12	3	15	12
12	4	20	13	13
8	3	2	17	8
18	13	8	7	17
3	9	1	4	15
12	13	14	18	12
6	16	4	13	19
4	13	15	8	19
12	7	8	7	7
19	12	20	3	15
6	15	14	12	10
14	11	20	1	20
20	10	3	1	7
12	19	10	18	4
6	18	20	9	6
16	1	15	17	17
20	13	12	3	7
11	3	13	4	6
13	13	15	8	19
2	5	8	20	16
20	3	3	19	10
9	15	5	7	14
13	17	4	4	1
8	19	20	15	16
10	7	6	12	12
13	3	13	11	5
12	14	16	2	17
17	11	14	14	18
16	18	6	10	14
17	10	11	8	11
4	5	14	4	6
14	17	11	8	18
6	3	15	3	2
20	2	3	8	4
18	6	6	17	20
13	1	16	19	15
3	13	6	1	2
7	1	12	16	4
20	1	7	16	13
14	4	4	9	14
16	8	4	4	14
18	19	17	4	14
14	2	12	13	16
14	18	14	2	15
20	11	8	5	4
18	20	11	5	7
9	17	8	5	20
16	9	2	8	4
8	4	8	2	10
19	9	14	1	19
16	10	3	14	15
6	1	20	1	17
19	9	13	18	6
17	14	7	13	1
5	16	7	19	7
17	3	6	15	5
9	6	10	6	11
20	15	14	11	15
15	10	2	11	5
20	11	11	17	14
5	2	1	1	14
1	3	4	8	19
3	15	5	16	8
14	20	7	7	6
3	1	17	19	6
