20	100
40	96	8	80	29	78	23	70	62	74	1	48	94	72	84	52	4	86	61	21
59	75	55	30	45	7	82	22	37	63	50	20	9	1	25	4	36	80	59	75
78	27	32	3	13	45	7	98	97	13	96	84	28	37	77	66	41	78	35	23
96	2	34	99	25	81	40	93	47	80	17	25	27	87	44	32	44	53	18	1
1	85	25	24	67	66	93	73	25	60	64	58	45	37	80	77	94	33	79	32
6	14	52	17	97	72	58	41	94	46	23	89	60	35	23	11	77	10	33	59
88	67	69	87	17	59	80	91	7	67	38	11	75	86	96	87	34	8	27	96
8	52	79	80	38	76	98	11	14	70	1	85	1	20	44	39	46	65	1	38
92	68	34	27	8	12	14	74	39	37	77	69	83	37	52	36	88	90	49	42
62	70	78	38	67	53	10	56	42	58	42	70	8	90	4	41	19	53	72	26
62	24	72	78	93	32	2	64	69	8	51	57	16	60	77	22	91	97	61	56
2	59	32	82	95	8	61	94	34	11	18	36	18	24	80	38	99	100	45	35
52	47	88	34	8	86	54	49	13	82	51	22	92	17	25	4	92	91	83	86
72	9	31	59	91	15	39	93	80	39	24	91	52	27	4	56	72	98	75	10
54	13	81	52	60	96	45	2	100	77	46	9	17	60	64	43	17	30	44	93
48	61	70	74	59	61	71	65	13	69	33	94	17	74	32	59	28	79	99	95
70	37	94	4	94	16	74	92	64	62	40	43	55	82	63	93	44	8	93	99
26	80	90	31	45	53	92	44	28	5	16	38	31	50	23	11	68	66	81	44
88	80	2	52	30	91	40	35	12	39	16	21	87	100	69	91	48	64	59	42
24	30	65	60	46	2	12	5	59	52	26	78	27	49	12	47	79	39	2	55
13	58	33	89	90	96	51	31	81	33	64	5	7	40	21	58	15	43	6	28
79	36	76	60	14	38	94	38	88	23	13	9	63	5	29	66	98	76	70	51
52	81	24	27	89	22	71	88	29	55	32	36	33	74	76	77	82	73	76	52
2	14	43	58	21	55	43	3	11	55	60	40	73	56	77	98	13	50	72	92
68	7	10	34	92	77	77	89	30	53	85	26	1	19	49	38	39	66	7	34
80	69	77	74	96	93	64	78	98	79	65	33	1	84	84	96	4	10	67	45
79	54	73	59	71	34	39	54	7	39	60	47	43	38	13	99	31	37	39	100
13	99	91	51	88	53	26	18	35	54	34	29	100	63	56	26	96	18	4	62
54	10	72	59	19	18	90	63	71	85	66	68	71	67	32	80	64	23	72	18
9	22	19	54	5	31	48	81	82	87	4	13	33	78	47	3	28	32	33	70
63	63	47	50	88	67	58	33	31	77	63	74	47	86	53	32	92	18	55	89
71	9	81	84	82	53	36	94	21	29	53	32	90	2	56	47	76	69	66	39
73	16	51	6	25	31	67	48	25	15	12	10	78	44	100	54	82	63	69	35
31	65	12	2	25	31	84	45	30	6	57	23	53	16	16	55	59	76	60	52
87	88	69	7	18	43	54	47	3	2	66	13	1	31	8	9	4	49	82	94
47	22	18	19	58	90	58	63	29	45	95	7	4	18	49	44	96	6	85	82
78	38	43	29	41	45	22	22	8	8	52	11	94	66	5	66	71	51	49	28
85	92	19	58	7	60	10	84	83	65	13	99	65	1	17	10	79	90	78	14
68	37	55	21	94	85	13	38	14	83	73	46	58	57	97	86	20	86	22	82
35	39	39	43	95	53	46	94	50	95	87	82	73	35	60	49	37	98	64	23
47	73	71	100	93	68	42	8	4	31	91	94	68	97	79	30	98	13	27	41
39	19	88	19	97	92	74	23	97	48	50	23	22	100	36	63	69	39	51	27
12	39	90	20	4	94	14	77	57	31	52	25	71	23	84	28	85	52	4	2
95	20	11	56	82	69	72	69	61	16	62	60	63	100	30	1	30	69	15	4
78	98	66	67	97	26	52	100	17	8	79	17	35	49	33	93	28	35	39	36
22	46	16	41	70	92	62	71	94	83	99	17	37	1	25	98	54	44	60	56
18	73	52	54	38	45	25	14	68	37	73	95	31	80	82	32	82	26	98	5
64	81	6	34	10	63	81	35	25	36	40	84	76	83	19	49	94	63	4	25
68	49	4	57	10	4	86	58	19	93	16	29	47	55	93	37	67	19	44	75
64	90	89	32	98	90	20	48	61	34	39	20	22	73	37	16	78	50	25	6
77	23	16	33	21	12	38	21	91	82	83	76	19	29	62	78	60	72	59	21
85	39	97	86	55	96	7	74	18	78	60	18	94	39	99	42	74	57	12	87
52	99	58	79	52	63	2	94	12	60	56	6	91	4	22	39	26	31	79	25
6	64	4	13	23	65	82	80	30	20	4	4	60	73	69	86	81	18	35	92
94	13	63	59	22	55	27	91	18	61	16	44	79	88	82	89	96	46	57	87
82	22	64	92	56	53	46	19	36	37	59	8	97	87	31	93	2	46	91	69
39	92	63	70	4	61	25	73	92	80	90	36	62	48	10	72	49	71	4	70
9	9	55	82	2	8	48	92	57	89	88	51	55	89	49	91	60	95	88	95
28	74	28	56	47	24	47	49	77	59	45	31	42	22	61	30	37	81	68	96
14	34	17	3	93	40	81	73	100	20	13	55	83	9	43	35	82	99	35	79
62	99	15	98	45	57	9	34	29	19	54	79	27	93	81	94	57	25	63	8
43	74	49	58	47	90	49	34	79	26	49	38	47	89	35	15	19	20	59	37
31	48	45	82	67	34	28	91	28	49	79	58	36	28	37	88	51	58	51	55
8	76	55	4	70	16	33	38	58	67	76	38	67	27	77	95	30	67	91	14
63	59	6	30	47	92	2	20	52	47	65	61	69	4	29	56	94	42	12	51
2	90	33	62	74	41	92	10	51	43	59	84	67	38	93	50	71	25	57	79
15	14	86	11	2	15	70	63	98	22	1	89	55	41	13	73	26	44	57	7
1	93	69	10	89	82	94	31	11	80	86	69	85	34	37	88	4	23	61	59
71	29	12	30	43	70	29	27	26	21	24	27	69	50	79	22	46	77	22	20
21	39	52	18	36	33	4	22	5	25	69	4	84	98	36	72	81	39	68	19
54	68	6	91	57	59	1	36	56	15	43	28	1	41	38	32	78	94	94	11
67	7	22	2	52	21	44	71	14	7	42	7	10	3	67	54	34	61	62	77
32	69	67	91	82	42	3	43	61	4	95	87	45	58	53	47	47	5	39	36
16	30	22	50	73	37	18	98	74	85	99	17	33	17	79	99	41	32	20	11
18	1	11	11	12	55	62	53	51	21	7	30	23	26	61	3	47	17	18	46
24	5	70	77	6	79	55	29	79	54	6	16	85	28	19	16	20	12	38	19
76	65	48	53	78	69	94	7	57	77	52	24	14	75	87	13	31	34	5	34
1	34	74	97	16	92	46	95	8	46	83	36	80	100	70	59	58	17	99	38
85	48	72	3	2	82	2	11	42	6	86	86	7	5	18	43	92	51	38	86
24	100	100	11	94	17	45	15	5	28	56	14	36	68	49	53	62	71	96	34
90	35	54	2	61	97	29	76	82	28	68	7	80	13	14	85	49	62	9	86
38	88	7	14	51	72	51	40	56	65	81	21	56	5	96	89	47	98	51	97
89	70	33	77	61	49	35	23	54	65	4	1	63	10	97	3	29	40	52	89
47	90	21	17	48	48	52	76	17	25	39	52	11	13	97	69	55	30	54	3
37	29	86	91	61	81	59	46	9	94	61	7	47	62	51	100	49	16	30	13
97	60	6	30	26	53	91	50	13	28	48	99	87	50	53	19	4	30	56	67
89	6	67	24	65	32	6	49	62	98	20	40	1	41	6	78	23	57	65	9
91	9	33	81	46	62	21	98	10	33	96	20	60	63	24	91	93	82	65	95
48	42	89	16	9	9	99	47	44	76	96	48	65	48	77	81	74	87	78	4
12	9	39	30	3	100	80	39	17	15	85	42	92	71	62	49	21	18	72	38
64	75	54	35	37	48	56	12	86	44	18	6	4	62	84	39	4	59	13	9
29	60	30	29	91	55	57	94	87	29	61	56	15	41	41	37	55	4	93	55
44	68	53	74	97	79	38	30	88	23	46	62	6	64	9	4	45	25	45	83
92	62	26	58	84	63	92	64	22	47	85	100	67	59	66	61	7	57	33	12
18	28	7	64	84	99	51	52	32	37	92	30	60	10	64	83	43	96	90	35
88	75	8	41	39	46	95	47	98	48	97	89	93	33	66	65	56	62	75	85
13	40	32	85	56	55	40	57	95	83	19	12	67	98	25	43	20	67	26	38
5	4	54	84	41	4	38	28	45	99	27	81	22	6	22	48	43	23	86	85
7	39	53	16	30	86	22	95	8	23	45	89	37	37	81	10	87	48	45	52
18	13	13	96	56	39	90	62	77	77	1	97	82	42	32	66	52	39	55	56
