5	200
32	44	44	22	49
28	34	45	19	8
23	46	15	33	22
48	30	1	1	3
8	14	1	49	22
23	49	50	8	41
49	2	27	39	43
12	24	25	43	4
41	26	15	13	7
15	31	13	36	44
13	28	14	1	24
19	44	45	1	26
30	34	37	28	10
21	19	27	41	11
24	5	8	48	13
32	49	39	43	7
43	36	14	14	29
22	39	27	15	25
19	30	25	17	25
7	39	38	3	36
47	4	23	26	21
8	20	17	38	42
21	5	2	44	34
45	20	23	50	39
32	43	12	16	42
44	31	41	24	6
44	11	36	7	11
39	13	39	44	21
2	23	39	23	5
14	28	31	34	30
38	16	39	15	5
4	43	7	34	27
28	29	44	33	49
10	20	46	34	45
33	31	30	29	37
9	5	39	12	29
17	50	7	44	19
28	23	21	3	7
47	6	6	17	44
23	30	7	25	45
45	33	48	40	48
7	37	10	29	46
50	4	46	6	11
29	23	50	14	21
37	49	43	28	49
27	26	13	36	14
30	49	15	17	34
34	3	18	46	13
42	14	43	8	7
43	11	1	7	15
1	31	43	4	9
46	40	20	42	22
32	24	24	16	17
1	40	29	22	27
27	5	5	1	30
24	7	36	21	6
17	26	7	21	13
49	6	11	9	39
45	33	27	25	32
18	40	28	41	7
4	32	29	30	39
47	27	42	25	36
39	4	49	36	5
7	18	4	3	18
46	29	20	33	32
44	29	30	20	12
34	30	46	15	3
35	47	27	32	17
23	14	37	24	50
42	34	41	21	26
1	37	25	24	11
25	12	47	49	46
18	47	22	13	2
10	9	35	34	20
10	41	22	36	45
32	42	47	33	41
10	38	10	45	12
48	5	22	4	28
24	1	29	37	49
27	42	25	22	41
34	50	8	1	16
10	15	39	29	30
34	16	14	8	36
31	38	28	2	4
5	37	31	6	47
10	13	36	38	19
40	18	25	42	8
11	30	9	30	2
34	17	44	25	45
9	37	21	1	19
40	15	24	18	37
47	20	3	5	6
47	30	2	11	40
17	41	22	1	26
1	29	48	50	21
39	44	6	12	39
23	43	35	20	29
25	45	7	6	11
42	28	5	24	6
5	15	33	35	28
18	16	21	25	18
12	17	24	48	49
4	14	41	16	34
5	45	33	32	16
23	34	17	40	35
24	24	25	45	17
24	11	22	34	21
8	23	10	2	18
8	21	10	7	8
29	37	40	41	1
11	33	2	20	6
35	50	31	41	45
38	43	30	31	26
43	42	8	46	26
33	35	31	14	8
3	24	10	33	7
37	34	35	44	7
42	10	2	28	36
9	42	20	8	30
16	41	29	32	16
37	30	44	15	19
26	3	38	13	4
12	40	49	35	8
4	9	37	25	34
33	40	30	10	18
41	15	23	34	42
12	45	29	17	20
8	41	20	26	31
39	23	40	24	25
19	44	36	1	27
7	4	4	48	33
47	50	35	47	28
12	30	4	21	43
17	12	32	15	1
14	39	12	45	46
11	1	6	36	49
47	30	23	8	36
8	41	31	35	24
8	6	24	48	20
10	19	20	32	9
8	13	21	50	13
18	43	10	3	23
47	45	50	48	31
32	8	47	36	35
26	31	48	42	44
9	16	14	25	37
42	31	24	27	42
35	9	24	46	18
15	32	28	13	27
14	7	26	17	38
2	23	35	48	33
27	16	30	7	4
3	29	35	17	31
16	21	23	7	47
23	35	1	18	20
45	3	35	15	30
2	41	48	38	35
20	47	27	45	15
20	30	17	42	16
37	47	12	33	11
44	35	19	20	15
18	22	17	29	39
24	31	15	27	2
12	32	48	33	11
19	44	29	43	27
44	18	9	3	34
48	42	3	4	37
18	23	28	23	17
49	31	49	6	41
40	15	41	40	4
6	49	30	22	43
50	7	26	44	22
1	13	14	45	41
33	28	12	40	35
40	4	26	16	13
39	46	23	3	38
30	27	20	50	29
49	12	32	12	38
12	47	35	2	16
36	17	4	15	8
12	3	2	6	15
2	24	14	10	4
4	34	24	6	42
25	44	15	17	42
22	47	50	2	23
43	19	24	50	28
23	43	8	45	26
27	25	14	35	27
26	48	23	9	34
29	23	29	10	42
42	2	37	24	37
16	4	50	33	22
33	1	15	32	31
12	26	30	31	15
50	30	30	41	17
24	24	42	18	45
21	41	14	9	36
22	6	35	9	10
24	25	32	14	44
26	34	41	28	23
