10	100
3	3	9	18	18	20	6	14	13	8
10	18	17	12	8	8	7	3	11	16
16	9	15	12	7	8	14	3	10	8
8	16	6	8	12	3	1	9	8	19
3	7	19	6	10	1	18	3	15	20
17	15	17	2	18	14	9	18	11	10
6	3	5	5	1	15	12	9	20	6
8	18	16	13	14	9	11	9	2	6
10	11	9	11	11	13	20	4	11	18
14	3	18	18	13	20	3	14	6	16
10	9	3	9	12	20	20	5	9	9
4	20	17	6	1	15	15	15	14	8
16	9	18	3	12	5	20	18	20	14
7	18	4	6	17	1	9	20	19	12
14	15	16	3	15	15	7	13	18	19
6	9	20	18	1	1	12	1	17	8
20	3	6	15	2	7	17	11	9	20
7	15	16	3	15	1	13	16	9	18
19	8	20	1	9	18	18	6	6	16
10	8	4	11	13	11	10	2	1	8
18	16	5	19	13	11	13	18	3	20
9	16	12	20	9	13	3	5	6	5
9	11	6	13	10	19	12	5	10	4
12	12	15	1	20	3	3	2	9	18
6	1	3	6	8	14	16	4	3	1
9	5	16	17	20	7	10	13	9	14
20	8	8	19	9	18	2	12	20	7
10	1	16	9	20	8	9	1	5	17
3	8	3	10	15	7	16	19	1	14
14	11	14	16	18	18	14	4	17	11
13	5	5	17	11	9	10	7	18	13
19	9	8	13	12	13	5	18	5	2
2	4	11	7	13	19	7	1	11	2
14	5	4	15	5	18	4	7	19	7
17	10	2	9	15	5	4	2	4	6
13	17	20	15	9	10	14	19	4	13
2	10	17	16	19	15	5	13	9	14
9	18	19	18	6	13	2	3	12	8
16	6	17	5	10	18	5	10	6	15
5	5	4	7	5	8	13	7	11	1
1	11	14	11	18	15	18	3	10	17
8	12	8	16	17	17	14	12	6	1
10	16	8	14	10	5	15	12	14	18
20	16	13	12	8	6	12	6	8	15
1	3	20	9	8	13	18	8	11	8
14	2	1	10	11	5	4	1	2	13
1	6	10	12	18	12	20	16	9	12
5	8	5	12	1	8	16	19	6	17
7	7	2	6	5	18	16	4	1	3
2	12	5	15	14	15	13	9	12	17
14	2	20	20	3	7	17	9	9	3
9	5	15	5	7	14	5	5	8	20
16	17	16	6	10	14	3	10	19	7
15	8	8	9	4	5	8	3	3	18
2	8	15	18	14	18	17	1	9	20
10	9	1	12	1	17	7	14	10	10
4	8	11	2	8	2	18	6	1	2
7	3	3	10	19	9	2	18	12	13
18	3	2	19	17	7	8	17	9	8
19	14	13	13	15	14	18	14	11	13
20	11	20	7	14	8	7	12	13	13
15	9	3	18	12	1	6	12	5	2
15	2	18	14	4	13	10	10	15	5
12	9	8	19	13	8	3	15	5	10
20	16	4	16	13	10	12	16	2	14
8	6	9	9	19	19	13	7	4	1
18	18	17	8	2	7	2	4	6	5
19	12	8	16	3	19	18	3	1	14
1	15	9	2	17	7	1	19	20	14
15	16	12	4	12	2	20	16	15	6
8	8	11	17	16	17	19	13	7	1
2	11	6	10	1	4	10	15	11	16
6	4	4	12	11	3	1	4	5	1
19	2	8	15	6	13	5	12	7	1
9	9	13	20	13	5	11	2	4	8
13	5	6	20	1	5	5	19	7	13
17	16	8	7	2	20	3	11	5	8
20	18	9	11	8	18	12	5	20	6
13	19	20	17	8	15	17	9	15	1
9	6	6	15	4	13	1	6	19	13
3	20	17	17	9	15	16	15	12	3
14	1	19	1	20	18	16	12	19	8
4	14	16	4	19	14	12	15	7	15
18	6	6	8	4	14	2	3	9	14
19	2	17	13	8	9	8	6	15	7
18	10	8	12	10	9	4	14	19	15
3	2	9	18	6	9	15	12	17	7
16	14	3	5	9	2	17	4	17	10
7	7	1	1	18	8	18	15	19	16
10	9	4	14	11	18	14	20	7	19
14	16	10	9	11	4	7	3	3	8
12	20	17	9	9	17	2	8	1	18
11	20	14	2	17	8	11	9	15	11
8	18	18	18	17	11	18	12	11	14
1	16	12	11	4	11	12	15	6	15
17	7	19	9	8	15	3	8	13	4
14	19	9	12	1	15	3	20	13	18
19	10	18	7	17	16	9	3	18	6
16	16	3	1	15	2	19	9	10	2
8	10	20	7	1	3	8	20	11	9
