10	100
7	6	18	11	11	16	16	5	18	19
20	17	14	5	18	19	1	10	1	9
6	2	2	7	17	12	3	14	20	5
17	20	3	18	13	11	6	16	11	7
3	1	19	10	10	5	4	20	7	5
3	10	5	13	18	5	5	12	15	19
13	3	5	13	3	20	15	16	12	7
13	5	20	15	7	5	4	13	17	13
9	4	7	16	2	8	15	11	1	8
6	15	2	12	14	1	16	6	7	10
10	9	8	20	12	19	11	11	6	13
2	13	15	2	11	10	16	10	12	16
6	5	16	5	2	18	4	8	1	7
10	19	6	7	3	20	16	8	4	4
17	5	5	8	7	14	1	20	2	5
5	6	14	12	5	6	13	4	19	14
16	4	10	20	4	4	7	8	20	11
14	9	6	8	19	1	20	8	18	8
18	4	6	16	3	4	5	15	3	18
8	13	9	11	9	14	15	6	5	4
8	14	1	11	12	16	1	7	13	5
6	6	6	12	17	12	18	14	18	20
19	13	5	2	4	1	1	16	19	6
6	15	3	15	1	4	3	15	5	7
4	18	2	18	13	2	8	18	14	17
16	2	9	5	5	15	9	20	8	11
16	5	8	8	20	11	3	11	11	13
10	3	10	11	17	2	11	8	9	2
14	3	2	2	11	5	7	18	11	6
15	3	8	14	12	19	10	15	19	2
20	17	7	1	8	13	12	18	9	3
4	2	11	6	18	13	4	7	18	15
5	5	20	6	18	7	16	16	20	18
12	17	9	7	3	17	17	1	15	18
13	9	10	8	3	14	13	3	17	19
16	4	18	4	18	15	18	2	3	1
18	17	19	12	12	8	13	4	3	2
16	3	12	20	3	16	16	12	4	5
15	14	19	1	2	9	20	5	10	9
20	16	18	15	1	17	11	18	17	15
2	9	20	16	3	14	13	18	2	3
20	6	19	19	6	4	18	18	11	3
8	8	15	15	3	1	5	18	20	7
5	18	15	9	4	6	14	4	18	8
17	2	4	7	9	14	17	19	9	17
19	13	8	14	8	14	15	5	14	2
9	15	19	16	18	2	11	11	16	20
10	14	1	3	7	6	5	9	6	9
5	6	9	3	8	13	11	1	1	10
12	10	11	16	20	2	4	8	9	8
4	7	4	9	8	5	13	5	8	2
10	6	19	6	18	3	6	17	9	6
11	10	10	6	8	1	4	5	4	6
3	17	20	19	5	18	3	1	16	3
1	6	14	19	1	6	11	6	18	17
16	7	20	4	17	14	17	18	1	7
2	8	2	2	20	13	7	1	1	20
1	6	2	6	6	5	16	11	6	2
11	18	7	8	11	16	17	16	3	11
2	5	20	9	1	13	5	13	20	8
20	10	6	18	16	10	6	14	19	12
19	6	12	19	17	5	1	14	12	4
16	11	19	10	19	16	7	13	6	13
1	4	12	19	3	1	13	10	13	1
10	3	18	11	13	16	13	1	13	17
13	11	2	16	12	9	12	17	20	20
4	13	9	6	12	16	15	14	17	16
12	12	2	11	15	14	13	8	17	4
4	6	1	9	1	10	2	17	7	15
9	17	10	13	17	17	15	13	20	18
2	20	5	17	5	1	10	11	2	19
16	5	20	17	17	19	13	1	5	3
14	18	8	3	7	16	2	10	14	18
19	1	9	20	2	4	1	4	4	20
1	12	15	8	19	5	18	14	17	19
5	14	8	18	4	4	12	3	11	10
19	1	17	5	20	16	16	20	15	13
18	10	17	5	3	3	4	20	4	3
19	9	14	16	14	5	13	12	17	19
13	18	14	15	2	1	15	11	9	3
9	18	20	4	2	15	18	4	16	2
1	13	19	8	11	11	8	2	12	15
4	5	4	16	1	20	17	2	4	2
8	13	12	2	14	1	9	10	14	19
8	9	16	15	18	1	20	6	4	11
14	14	20	14	19	4	15	4	4	2
19	17	20	14	15	9	1	18	15	11
3	18	8	13	8	15	9	9	18	20
1	11	18	14	9	14	13	19	3	10
6	5	7	13	1	11	10	3	1	10
20	2	12	14	8	16	7	8	6	4
15	7	6	4	2	8	19	6	5	1
16	3	15	5	6	18	12	15	12	17
6	7	8	9	1	19	20	5	6	14
8	6	13	19	15	19	20	3	12	14
13	4	19	20	15	17	8	8	9	11
4	12	16	9	19	9	20	18	4	3
8	14	1	11	14	10	11	16	10	7
18	10	4	19	5	3	8	8	14	4
12	13	17	16	10	16	11	4	1	7
