20	100
17	32	20	12	13	42	30	22	49	30	28	1	21	20	41	25	33	50	34	27
36	15	29	40	7	13	42	29	26	8	41	44	48	43	19	32	11	22	29	18
12	46	2	8	45	26	42	5	46	8	38	27	5	38	50	3	4	31	5	1
50	2	46	42	40	35	4	28	2	10	15	12	21	17	16	41	14	22	45	31
21	38	34	18	21	14	39	11	44	17	29	31	18	29	18	10	50	10	19	10
23	15	3	37	44	27	7	39	23	10	39	33	36	24	30	12	19	29	21	26
47	43	34	36	32	35	44	43	49	6	41	4	4	35	9	7	36	47	25	45
8	50	39	35	28	46	45	44	50	7	42	22	40	43	14	31	31	18	6	9
33	14	41	17	19	36	30	1	16	23	27	22	4	27	19	47	5	50	8	36
40	1	44	43	14	19	15	11	22	29	27	19	42	16	13	44	10	22	17	43
17	45	29	27	30	21	19	13	24	18	27	32	10	20	20	32	21	49	3	50
21	19	30	38	46	9	30	38	15	25	37	33	34	16	20	46	23	17	13	44
1	2	38	4	2	46	10	23	47	31	24	12	20	17	22	48	16	41	31	22
41	31	49	49	31	45	49	44	1	25	10	4	36	10	50	20	32	26	36	1
50	8	42	35	2	26	13	17	45	22	30	32	36	41	3	21	3	39	24	8
48	16	22	23	21	21	26	11	18	2	17	40	6	31	23	34	40	15	48	6
32	32	49	30	45	29	18	46	7	29	17	44	2	28	4	34	36	19	15	31
50	3	50	43	5	40	26	6	18	20	32	39	41	19	27	16	17	43	29	42
3	31	5	39	35	23	38	29	28	40	48	21	1	17	6	29	32	7	25	5
4	13	29	37	48	29	4	34	1	38	17	44	41	23	29	20	49	12	8	32
2	48	28	28	22	11	38	24	13	49	35	11	18	25	39	41	3	18	41	7
20	5	28	41	24	5	30	28	39	36	30	21	49	43	3	6	35	1	16	37
41	30	21	3	4	6	26	17	34	38	18	32	22	2	13	48	20	38	5	17
31	10	35	27	19	14	13	25	23	33	6	3	3	4	16	41	34	26	37	18
29	14	45	2	19	49	50	47	31	5	37	48	46	49	7	31	46	44	34	40
44	1	45	2	32	16	29	18	36	22	15	44	1	38	39	18	16	34	9	20
15	16	45	18	46	9	7	5	48	36	46	40	43	48	25	28	20	43	20	4
20	32	12	9	41	44	47	8	11	39	15	12	36	14	25	28	7	27	6	24
9	25	21	1	27	25	1	3	14	11	48	23	14	5	1	34	5	36	27	3
12	49	45	9	21	34	4	29	24	47	22	43	38	46	45	46	12	12	33	16
43	44	45	1	42	42	49	32	14	41	23	22	50	3	13	10	31	12	30	44
21	23	30	17	39	5	36	19	10	6	23	44	4	11	11	18	5	44	18	29
36	23	16	33	25	1	44	36	34	36	15	50	32	39	46	21	14	29	12	38
7	30	22	9	19	30	18	39	43	45	6	37	45	1	9	48	7	48	42	39
12	1	35	25	41	23	12	15	16	40	4	26	33	30	23	6	2	8	14	45
33	5	43	39	30	28	5	32	31	48	14	17	37	23	26	7	46	47	18	46
19	4	24	3	41	31	4	15	29	3	47	50	34	48	7	8	8	46	45	13
18	31	35	19	26	38	39	10	5	16	11	5	40	19	27	29	32	40	48	50
24	41	4	28	2	15	33	40	17	19	49	50	3	5	28	38	20	5	27	4
42	44	11	13	43	42	11	16	22	28	27	19	48	45	40	28	28	7	18	12
5	50	44	36	18	11	3	35	41	39	10	27	13	45	9	30	30	41	35	10
5	17	19	40	43	31	2	8	16	1	11	13	38	16	50	42	1	26	46	32
40	26	26	33	18	50	6	4	37	10	48	37	22	8	8	38	32	5	43	37
10	45	19	40	29	48	39	48	46	17	30	5	46	4	20	29	42	36	22	43
25	48	22	7	3	24	41	30	9	12	11	47	33	9	23	45	7	36	5	21
12	9	9	20	31	44	42	19	39	29	47	46	33	1	12	12	23	13	38	5
7	10	39	35	7	33	22	38	31	26	23	6	32	2	32	17	40	3	27	9
33	23	42	31	15	15	15	33	47	11	22	45	49	50	15	3	21	25	13	48
22	5	38	13	7	42	15	31	19	46	23	21	36	29	22	34	18	9	20	42
19	40	41	21	4	28	7	32	38	29	47	16	41	30	38	29	35	29	25	23
1	34	14	2	39	2	9	20	29	31	35	12	5	21	29	33	14	18	10	29
35	33	44	41	50	8	31	7	42	43	50	39	34	47	42	36	27	40	33	2
19	38	4	7	44	35	11	20	1	6	16	17	19	46	39	19	40	24	2	31
22	3	28	36	31	47	29	8	30	44	6	25	36	9	11	48	30	37	47	16
47	11	7	37	28	34	20	39	9	24	46	3	38	2	31	17	10	18	27	48
7	3	41	7	50	41	32	11	36	42	39	4	28	37	35	11	46	42	9	48
27	40	50	7	49	4	37	35	28	45	38	13	11	49	10	45	21	50	38	37
2	9	4	18	35	43	26	2	18	20	21	19	10	29	22	17	4	34	9	47
4	47	33	42	4	27	43	30	28	41	40	47	4	22	46	18	37	32	22	7
28	36	18	9	25	20	3	32	27	43	41	38	42	42	33	6	27	13	14	8
50	47	25	27	30	24	15	38	34	5	30	22	13	3	19	19	30	25	18	34
24	12	4	35	50	3	5	13	39	41	42	25	18	14	7	32	12	41	29	1
6	16	49	22	14	19	25	39	23	15	26	2	46	31	35	39	44	40	28	28
19	2	50	43	14	6	4	49	46	38	7	39	47	17	29	9	13	32	21	31
28	17	40	24	15	40	30	38	30	19	39	22	14	1	32	4	16	6	9	9
15	27	44	36	9	38	6	29	2	26	26	12	19	47	50	3	12	26	29	24
26	16	19	28	50	35	26	46	36	25	43	8	24	13	16	2	23	5	16	28
35	2	37	5	43	27	3	17	2	29	43	41	28	35	33	50	8	16	37	24
12	11	43	27	33	19	39	7	31	49	31	8	11	1	40	25	30	15	35	23
32	10	44	8	33	3	30	40	31	17	44	7	19	43	16	25	9	10	22	25
38	47	36	4	49	35	30	27	45	8	20	44	32	14	42	3	17	36	45	31
39	50	27	14	5	24	39	19	36	16	16	20	43	10	36	36	24	41	10	48
23	4	45	23	48	50	26	5	1	14	9	24	16	42	36	39	21	22	49	25
46	12	42	30	43	50	1	22	29	6	29	26	26	47	8	36	5	4	17	5
48	34	18	22	8	43	5	2	25	47	15	2	43	35	2	11	12	16	31	48
50	4	27	45	36	33	48	20	34	50	35	17	6	44	27	13	45	20	23	50
46	49	48	32	42	27	33	42	45	47	25	40	24	20	6	45	8	23	37	25
45	35	19	25	13	49	47	50	8	40	17	42	44	31	2	1	7	45	4	9
50	6	26	37	26	45	43	36	38	33	5	23	34	48	5	11	31	24	20	43
31	34	35	5	31	33	47	44	18	6	39	13	19	29	25	40	10	32	49	18
6	11	12	25	36	44	9	46	27	41	20	33	26	12	28	17	22	21	7	44
49	50	19	33	45	43	5	6	23	16	2	50	26	3	38	20	23	10	20	38
25	1	18	27	36	6	38	8	1	9	18	40	26	5	19	6	43	29	30	43
40	4	24	11	40	21	8	23	25	8	44	12	2	19	20	49	33	43	48	40
6	47	5	14	48	13	25	21	34	32	28	44	30	27	48	22	28	7	37	16
49	15	33	44	15	7	38	7	36	20	24	1	32	41	38	43	49	10	13	28
46	37	40	43	30	1	32	25	22	49	22	27	6	33	42	41	14	12	49	42
25	19	35	14	9	28	12	39	39	6	23	18	44	9	20	12	26	40	14	15
25	13	36	38	49	47	45	50	50	48	29	38	12	22	4	28	3	26	35	2
40	43	36	17	27	5	33	47	13	30	16	24	48	35	18	12	33	48	16	12
34	12	40	42	27	35	7	23	6	42	10	1	6	12	25	32	27	20	12	44
15	49	37	20	32	5	41	27	5	42	45	5	10	24	19	28	4	45	40	42
49	11	41	22	21	15	19	36	11	36	35	14	37	22	48	36	26	20	10	22
45	30	18	15	47	5	41	32	44	47	28	33	30	20	46	4	8	15	49	17
36	5	17	19	8	32	18	38	27	34	3	35	35	18	48	19	44	27	26	17
24	38	43	14	9	2	35	18	27	44	28	11	21	44	36	41	14	50	7	16
37	4	6	10	44	44	49	12	23	28	11	31	40	33	43	49	12	3	11	6
47	1	12	33	6	43	14	42	33	8	6	44	20	11	30	21	33	34	20	15
4	23	45	49	34	48	21	38	1	37	29	11	39	2	19	37	42	23	4	2
31	8	30	15	22	17	11	30	4	23	17	28	34	47	2	25	6	13	49	9
