5	200
4	72	4	1	100
11	91	90	52	88
6	17	40	21	34
8	88	39	58	14
75	67	55	1	78
29	47	86	80	25
35	74	63	75	86
16	89	70	16	78
18	47	70	62	74
82	42	57	11	17
38	91	83	25	7
38	17	3	24	71
65	6	10	28	54
32	54	65	35	19
20	19	23	81	96
29	97	94	28	97
88	90	76	64	88
44	92	38	68	49
100	86	47	45	14
13	37	43	9	42
28	77	23	92	97
20	69	3	30	79
41	23	76	28	84
75	30	47	41	10
41	17	98	87	20
34	73	79	67	84
92	55	85	86	69
11	68	84	67	68
76	90	9	90	8
77	10	20	61	40
83	91	3	99	1
11	79	36	73	64
47	91	36	46	87
87	38	90	59	73
7	47	80	73	35
52	8	9	80	43
24	54	18	28	1
2	52	86	85	59
33	33	11	4	22
86	54	63	3	22
39	21	61	89	33
36	11	31	65	50
4	71	57	30	40
94	73	9	46	86
35	52	5	1	41
75	36	77	52	50
99	45	7	58	5
4	93	29	95	65
91	22	22	36	55
62	76	81	64	28
13	45	18	17	87
87	16	61	48	59
1	35	80	16	51
59	65	99	26	37
2	45	14	81	96
14	31	70	46	80
99	56	14	24	37
54	28	90	71	18
89	32	82	36	65
57	43	6	85	97
98	78	56	27	27
69	32	38	22	74
56	46	16	69	61
46	22	56	79	98
32	75	28	8	48
70	63	79	16	40
71	26	85	50	82
22	100	87	98	69
23	90	69	98	63
43	16	13	76	20
36	87	27	88	65
23	50	48	80	57
6	54	23	83	3
31	62	67	87	40
46	35	59	10	76
43	7	31	46	6
54	51	3	96	4
85	99	98	85	60
72	52	8	42	64
69	68	87	95	32
81	50	26	37	75
1	29	18	12	23
16	19	3	74	3
55	51	28	79	19
32	65	83	28	68
94	28	17	46	7
75	21	37	14	25
5	25	67	21	4
56	82	86	62	44
53	50	34	39	10
19	40	8	76	100
17	68	99	69	81
73	12	72	5	48
96	83	89	50	99
31	85	7	75	63
51	79	21	84	15
45	95	79	37	89
36	13	61	15	9
37	26	98	41	31
45	11	81	14	49
71	61	85	41	79
35	34	34	13	50
39	47	16	55	37
79	34	35	17	13
83	23	75	42	62
5	87	66	45	19
40	98	8	35	45
84	10	38	59	55
2	80	48	65	70
91	10	44	4	52
11	77	65	1	66
48	87	44	80	74
48	68	89	95	10
41	40	81	10	53
70	96	76	63	12
4	76	10	72	72
95	44	63	93	8
64	34	7	69	98
98	67	59	85	7
34	91	53	56	30
51	30	34	51	83
16	1	3	89	63
73	77	73	9	80
4	6	97	87	46
8	34	12	13	56
4	37	92	56	79
13	23	55	42	21
66	11	12	10	93
63	31	18	7	26
21	94	51	6	4
28	94	67	10	22
18	18	21	96	80
80	10	47	11	51
50	23	31	88	14
94	95	88	95	83
77	16	6	88	35
10	86	87	53	52
19	57	45	21	4
49	90	17	31	13
54	85	8	56	76
99	64	64	92	10
33	7	72	27	46
2	12	33	61	70
94	23	95	60	32
94	78	11	84	65
4	79	58	82	30
93	9	50	13	37
47	23	95	43	19
13	85	18	75	2
38	58	56	61	20
31	90	48	25	82
22	53	80	28	7
55	49	91	98	53
93	62	21	25	24
71	29	52	41	20
10	60	36	82	28
47	23	98	62	99
3	61	26	31	15
94	44	68	36	65
64	94	21	23	10
76	37	32	37	50
3	39	8	5	73
62	17	98	100	61
32	52	29	100	51
32	37	91	10	30
28	61	17	77	56
16	40	14	73	52
10	92	62	13	96
65	54	21	58	53
77	46	68	76	33
12	66	21	72	78
40	47	22	7	22
42	22	32	50	57
23	4	26	49	52
41	91	17	4	86
79	16	33	57	54
83	93	41	44	45
51	19	42	96	13
63	70	55	91	54
43	23	72	1	31
74	21	20	25	93
22	49	18	86	99
24	14	65	54	40
49	81	88	5	7
5	62	30	36	89
71	36	26	51	44
57	45	32	27	80
62	74	17	52	23
2	2	57	97	90
50	5	2	52	5
62	36	67	95	26
12	91	85	37	23
86	24	68	43	43
79	82	39	74	78
76	65	36	83	5
4	6	33	47	39
66	35	74	46	82
22	79	38	2	68
72	89	81	30	37
78	34	14	55	11
