5	50
20	17	13	11	8
5	17	18	19	2
15	19	7	6	14
10	5	4	1	1
20	6	11	6	9
7	10	16	4	17
6	1	20	10	2
8	17	15	12	5
17	1	13	15	13
14	11	12	16	8
14	18	3	9	4
14	7	7	2	1
16	2	15	2	16
15	20	17	5	6
14	10	13	17	4
20	14	16	13	16
16	18	20	17	4
8	18	12	7	8
2	10	14	11	10
16	7	11	19	18
15	14	8	10	14
4	6	7	6	4
1	11	14	7	6
18	2	19	19	9
18	9	11	17	5
5	17	2	7	9
14	3	17	16	1
2	11	11	3	20
3	11	6	3	8
12	16	7	6	13
14	9	12	11	1
7	4	12	6	10
7	5	1	17	11
18	14	19	6	4
7	12	16	20	7
7	3	9	9	13
9	11	16	15	15
6	12	7	15	14
19	20	6	13	13
18	11	10	12	11
18	17	1	3	6
3	13	13	5	14
5	15	3	13	2
17	9	6	2	5
7	8	4	12	5
7	7	4	7	9
17	13	17	19	15
13	10	14	10	13
14	20	2	2	10
4	18	13	12	17
