10	100
49	5	49	22	14	47	9	20	15	11
17	30	45	5	32	38	20	42	12	42
4	29	9	49	29	39	44	13	4	46
50	17	38	9	17	40	25	38	34	14
47	50	5	24	43	50	37	37	7	37
21	35	48	11	12	21	46	50	44	26
4	46	17	20	12	50	42	37	38	42
13	32	8	48	45	5	25	36	6	29
3	7	6	17	26	15	19	28	47	47
44	25	45	9	10	1	34	36	13	44
8	50	50	16	24	39	27	1	16	8
47	11	45	15	23	48	41	50	45	47
31	15	41	41	48	39	38	50	38	44
21	39	23	13	22	3	7	41	43	37
39	19	12	39	1	34	31	30	36	13
11	34	41	16	13	44	10	9	18	36
2	27	13	23	37	8	38	32	44	21
41	50	8	8	9	13	3	2	40	15
8	8	15	26	33	38	49	8	50	28
44	49	23	7	36	12	6	39	3	44
46	49	37	15	22	11	27	34	7	1
42	9	19	4	28	44	13	38	40	50
10	31	33	16	28	43	27	1	23	48
7	14	49	47	20	10	22	50	5	23
12	15	1	50	37	35	30	20	30	42
50	19	50	4	35	15	17	21	38	29
34	27	11	10	44	28	10	23	34	19
22	13	34	18	39	45	30	33	30	43
14	7	21	31	49	39	15	46	12	5
43	2	13	26	39	35	4	42	7	10
26	7	36	11	21	37	36	32	16	41
36	34	42	46	16	27	6	31	12	5
14	14	12	30	27	21	50	8	30	4
41	39	27	20	17	7	22	11	11	12
4	33	31	22	20	9	11	18	11	12
30	24	30	2	46	12	46	7	35	1
37	29	3	12	50	47	8	22	29	9
6	45	20	1	2	32	34	40	11	18
10	33	47	19	25	17	9	26	25	5
12	15	27	11	25	26	30	19	22	23
2	39	39	3	6	35	5	30	1	15
29	7	46	17	41	5	32	35	38	34
38	33	47	24	48	41	18	10	26	26
2	16	18	38	16	21	44	45	13	40
13	30	25	10	27	5	20	11	21	21
44	46	31	39	36	20	42	16	5	15
17	45	5	25	14	13	39	9	2	20
11	38	22	49	21	9	8	38	47	43
22	8	39	6	32	6	35	30	3	46
30	29	40	49	23	18	26	1	47	15
17	11	9	1	10	7	24	33	18	27
13	5	19	13	43	9	7	49	43	8
28	10	6	6	41	33	48	24	26	4
34	8	41	33	26	12	50	38	47	26
33	3	12	26	34	25	11	28	6	14
12	27	8	40	37	8	5	3	11	28
9	1	8	15	44	6	15	36	37	32
10	19	3	18	26	26	48	31	23	17
22	21	18	12	42	7	1	2	47	19
7	47	28	19	17	32	46	48	33	29
10	25	41	25	5	44	25	40	15	11
10	25	31	45	6	38	34	46	23	38
5	14	39	18	25	14	41	34	1	44
31	1	49	45	7	48	31	43	8	49
33	11	38	37	9	33	16	33	14	29
48	50	25	45	24	47	36	23	50	41
3	41	40	21	31	10	27	37	39	9
8	41	39	25	5	45	27	3	10	43
48	9	21	22	47	31	26	4	22	10
12	8	44	17	46	43	22	17	6	50
6	30	44	5	22	8	12	1	40	29
21	34	14	7	43	45	20	18	25	1
34	23	16	30	47	1	48	22	29	13
24	10	48	11	38	19	15	16	1	40
19	26	14	43	39	29	45	37	24	2
23	4	43	6	16	34	15	15	9	22
10	40	23	28	6	12	36	4	20	25
31	4	18	36	32	9	10	23	41	19
6	12	49	27	41	20	17	43	45	4
4	50	8	29	30	30	4	37	38	28
43	41	17	50	22	19	37	8	24	8
24	42	25	40	16	48	42	46	38	36
45	44	9	16	21	31	47	39	6	3
5	24	36	14	27	16	46	49	6	22
34	9	19	38	31	12	26	19	14	32
38	8	50	3	33	49	33	1	29	41
23	49	3	21	3	1	7	11	14	1
3	43	40	16	2	36	25	22	36	9
5	28	25	24	15	48	24	34	31	28
33	45	20	15	49	36	7	48	35	30
6	15	5	14	30	45	18	34	1	47
24	12	15	20	37	45	24	29	7	6
27	24	31	37	18	8	24	26	18	17
30	28	37	7	4	40	24	12	45	21
30	41	33	34	4	22	30	50	29	4
12	28	42	30	3	32	35	19	46	22
22	43	17	34	18	47	25	9	17	47
22	13	35	37	26	37	41	48	33	47
28	24	48	14	6	2	36	7	4	22
6	5	17	23	49	38	25	50	16	7
