20	200
37	5	10	1	50	28	4	20	42	24	42	40	17	31	48	24	36	12	8	16
36	24	29	2	21	34	40	38	1	30	21	37	14	39	25	6	20	43	47	42
19	16	41	24	9	6	4	42	31	47	34	33	21	39	31	14	26	8	31	16
38	17	19	12	4	5	26	28	7	43	5	43	15	17	47	21	33	6	43	15
31	49	8	5	47	38	17	26	9	11	30	12	12	31	4	3	47	29	20	5
30	26	35	38	42	41	18	5	42	10	31	21	16	17	36	39	9	14	16	16
38	1	20	46	13	44	32	34	13	44	24	4	36	38	35	5	14	20	14	7
20	13	34	49	30	10	46	46	46	15	45	33	14	5	17	30	7	40	26	48
10	35	42	48	37	27	36	28	32	31	25	40	1	9	47	26	17	22	16	4
48	36	39	48	50	42	41	32	21	6	49	25	44	16	48	36	22	37	12	4
24	19	15	15	41	5	33	5	8	42	13	35	24	23	50	24	46	45	48	46
37	4	7	27	33	1	46	35	12	12	4	31	10	13	30	30	21	24	8	45
10	36	25	30	44	14	1	22	16	24	40	27	39	17	17	20	12	39	33	40
10	48	43	46	38	32	26	12	44	21	3	23	37	3	37	1	30	28	34	19
50	24	19	39	23	28	43	43	46	10	19	33	42	18	36	12	43	29	42	12
39	39	29	46	21	18	41	36	31	16	40	34	6	14	41	37	29	5	24	11
39	33	16	34	2	21	31	20	18	25	8	2	37	22	31	11	46	23	19	6
37	7	13	30	20	36	28	29	28	49	33	39	6	31	23	6	23	45	45	1
37	21	18	7	9	39	47	34	33	30	42	6	37	18	24	33	21	37	15	17
43	2	42	20	42	20	47	7	49	25	38	1	29	18	19	17	39	7	22	32
39	45	46	49	8	27	3	38	7	41	36	37	31	28	8	35	29	49	15	40
43	41	35	9	42	41	28	19	50	8	44	15	15	34	28	49	7	44	12	15
17	9	50	8	39	2	21	1	11	34	38	40	42	33	39	49	10	38	8	17
50	35	39	49	48	22	23	47	1	10	29	36	38	50	23	34	41	28	20	40
21	27	9	16	21	4	23	33	45	30	40	19	37	45	15	32	21	2	11	18
30	24	1	1	6	3	3	42	10	6	9	33	19	18	47	24	27	24	28	45
49	41	3	22	21	11	49	43	35	42	13	39	17	3	11	47	27	8	10	19
1	31	23	39	21	7	1	20	48	42	6	48	24	16	19	39	21	29	30	46
4	10	8	19	44	20	16	16	7	1	48	19	14	10	44	19	18	15	1	14
10	29	46	44	37	15	16	2	35	23	26	48	29	15	15	41	24	5	45	2
42	35	14	48	45	37	35	14	23	1	22	7	29	16	36	26	15	14	33	30
4	15	32	35	25	50	41	49	46	3	45	14	20	49	22	25	16	48	49	50
30	2	29	34	1	19	19	13	29	40	27	10	23	16	48	28	4	30	23	45
46	36	19	20	6	9	38	30	44	12	10	17	16	33	50	3	36	48	34	6
32	28	21	6	27	35	41	4	1	44	22	36	25	5	5	45	33	10	29	43
32	40	19	18	30	10	45	41	17	46	43	6	46	18	14	18	16	14	43	22
18	34	29	1	40	25	43	11	29	6	20	26	20	42	25	43	10	4	26	18
41	1	38	5	2	16	40	8	42	37	29	20	18	8	25	48	11	19	28	6
18	34	13	11	27	18	36	5	43	22	9	12	38	26	31	17	46	25	49	24
35	35	20	42	27	50	9	13	17	27	32	42	27	21	1	7	39	27	29	35
30	36	15	20	28	17	33	42	27	8	2	37	20	4	21	33	14	21	35	27
9	24	38	17	40	18	36	17	25	25	29	20	46	15	44	50	20	50	15	10
18	17	37	9	25	46	22	23	1	19	43	19	43	2	26	7	48	49	31	11
31	16	18	2	30	33	41	6	10	21	13	15	6	26	10	42	38	29	42	44
47	14	17	7	33	10	28	44	40	38	3	22	20	4	29	3	50	35	30	43
6	17	14	30	6	29	13	17	43	34	20	19	7	38	15	18	50	11	20	21
6	47	17	22	19	41	45	3	47	8	43	3	50	50	39	30	50	37	1	5
47	11	2	6	19	34	16	32	40	11	3	39	16	9	37	9	50	42	12	15
34	11	21	36	42	17	19	7	50	35	18	13	10	16	24	45	46	11	4	35
26	13	13	36	5	5	37	41	13	30	30	9	26	37	21	36	41	16	15	2
16	9	33	5	43	41	29	1	35	43	13	40	39	27	39	21	48	35	32	37
31	28	45	20	5	10	37	24	45	39	5	31	47	2	20	18	31	9	44	14
26	37	7	21	17	41	21	50	48	1	38	7	35	28	22	38	15	13	50	34
5	6	7	47	38	33	43	37	8	22	41	40	42	18	12	45	22	24	3	14
40	38	27	45	1	49	47	20	31	33	4	18	9	10	10	21	30	10	34	35
49	35	43	26	10	49	16	17	16	28	16	41	11	37	45	18	29	12	47	40
36	24	6	26	19	24	32	32	8	42	15	13	41	19	16	6	45	1	35	3
34	30	4	4	17	13	8	23	16	43	42	18	14	44	49	25	29	17	8	37
17	34	9	25	13	4	1	42	21	40	23	29	28	45	7	6	20	3	9	6
16	10	17	16	50	47	50	47	20	41	27	28	43	49	36	50	22	30	41	14
13	16	2	27	21	13	41	19	38	43	6	27	9	3	21	8	18	44	25	17
5	4	23	30	13	45	36	30	10	7	35	41	12	46	43	1	8	40	45	38
6	31	9	27	36	1	20	41	28	28	33	29	5	25	9	9	43	22	14	27
27	12	10	32	9	15	15	13	10	20	50	28	49	38	11	25	46	46	45	13
25	46	2	32	25	7	37	38	38	35	8	36	26	19	11	45	21	28	18	22
36	8	32	8	28	5	30	18	14	35	14	48	28	2	3	32	10	29	7	3
29	28	26	26	13	15	2	31	27	17	4	19	28	23	27	18	15	45	4	21
27	19	24	3	21	11	8	25	16	30	35	42	21	16	43	8	32	6	46	14
3	49	41	48	31	46	20	6	26	36	17	16	25	37	26	10	4	23	5	2
7	28	15	48	33	13	49	13	31	19	36	9	50	40	18	29	29	27	23	26
42	3	49	31	13	19	17	34	40	34	4	9	2	44	8	25	34	43	15	19
48	7	26	7	50	9	17	36	20	48	32	28	1	29	11	5	29	34	36	14
46	15	23	48	16	27	7	6	33	43	45	37	13	4	29	35	28	43	32	5
2	32	15	43	3	27	8	23	33	3	46	1	8	1	24	33	35	29	41	23
2	12	3	27	4	46	16	48	1	27	27	37	3	31	13	14	1	31	45	39
19	34	23	30	47	45	29	12	31	46	1	50	2	9	4	41	30	38	39	8
12	11	23	7	27	10	48	28	39	10	33	5	34	3	5	18	39	23	30	10
17	4	17	5	27	28	35	45	28	22	34	13	42	38	27	8	12	17	4	37
47	2	24	22	14	46	17	50	5	36	3	8	8	30	41	8	45	19	31	50
26	3	50	17	26	20	14	46	26	47	7	23	19	44	13	16	31	46	41	31
11	35	41	42	20	27	6	12	48	20	14	43	36	5	11	44	2	7	46	45
33	22	24	8	30	31	39	15	17	26	28	50	28	1	39	42	13	9	48	50
14	2	48	7	34	14	37	15	33	19	14	25	50	47	48	40	11	33	12	39
38	41	45	22	43	14	16	36	16	20	32	43	9	47	31	31	24	18	25	17
44	25	33	49	13	3	50	32	3	50	31	30	48	10	12	24	8	26	15	20
48	2	49	13	38	21	16	4	16	17	16	44	9	45	45	14	9	47	10	40
15	35	33	17	40	2	46	50	35	8	24	48	4	5	19	43	26	21	12	42
38	46	16	36	34	37	22	3	15	48	16	11	16	25	6	14	20	32	23	36
25	16	19	9	44	19	41	4	27	3	39	38	36	19	3	19	19	47	34	4
31	44	36	38	42	14	33	29	50	5	24	44	48	26	17	22	27	8	43	16
47	18	27	13	10	28	26	48	23	37	46	23	49	20	6	32	31	32	17	30
37	12	5	22	30	45	40	10	2	31	42	11	4	19	7	13	18	24	28	14
38	35	6	13	10	1	46	29	21	35	41	46	41	13	30	36	14	5	34	16
38	16	46	42	45	36	19	30	13	43	15	8	4	3	42	2	6	42	13	29
50	12	39	17	41	47	20	42	40	22	50	13	41	13	27	23	39	14	18	25
32	16	17	29	21	34	42	39	21	28	30	22	43	5	16	27	27	29	2	49
16	28	41	41	44	3	18	42	27	20	13	42	25	39	47	34	45	11	47	8
6	32	21	12	43	28	20	36	47	50	46	10	13	20	9	5	25	26	36	18
17	50	12	2	15	38	48	5	8	32	33	17	33	45	43	34	8	29	49	16
33	32	45	28	25	3	30	5	30	43	10	19	26	29	41	6	21	19	47	5
30	16	28	16	18	30	28	18	27	25	47	46	28	20	36	35	6	35	28	13
9	43	25	16	23	14	41	5	4	37	14	39	32	44	36	18	4	30	11	45
26	12	28	5	46	14	42	7	44	7	1	36	42	35	47	37	41	13	43	4
39	24	15	41	11	9	15	34	34	18	32	27	24	33	37	47	16	20	20	10
23	35	11	48	37	28	48	47	47	50	28	41	37	7	7	3	48	38	45	38
50	8	24	26	25	25	12	10	49	50	22	21	44	33	32	5	13	17	5	33
11	18	38	35	41	41	40	18	27	35	50	29	26	32	11	15	12	36	23	13
17	39	49	47	28	7	48	4	26	2	41	31	34	12	27	33	21	39	35	34
35	45	33	15	1	44	45	12	23	17	43	27	44	42	17	23	19	41	7	35
44	36	43	25	44	20	46	15	5	28	45	23	1	40	28	22	6	35	47	35
12	36	32	9	9	14	37	42	45	4	14	30	33	1	41	50	3	9	21	31
49	31	7	46	22	21	27	5	15	46	18	35	44	23	23	8	5	34	16	31
34	4	21	1	15	15	40	50	49	29	19	48	14	16	36	32	29	36	37	39
37	32	27	49	37	30	36	11	28	33	46	19	43	40	48	45	11	7	32	7
31	27	7	37	27	21	21	29	37	42	29	19	47	28	45	2	28	22	15	35
30	30	23	16	34	50	5	24	18	42	21	23	5	31	8	11	26	40	23	16
9	8	24	37	5	27	23	16	46	46	17	39	42	47	28	1	5	41	4	27
17	47	11	46	21	6	14	17	20	35	27	38	49	49	27	22	6	36	12	7
28	39	29	22	25	32	32	9	3	8	6	35	37	46	50	12	47	29	16	49
13	6	47	12	20	30	41	43	21	6	45	19	30	47	49	28	19	39	21	39
25	6	14	13	29	43	1	3	50	15	25	28	21	13	45	22	43	18	3	45
42	39	39	47	13	38	5	40	48	22	44	8	8	27	25	7	42	35	33	27
29	38	44	6	32	18	48	18	3	28	36	2	37	27	48	37	18	18	50	42
38	12	6	28	22	18	20	45	39	38	30	8	35	27	17	5	45	33	16	45
40	38	37	20	37	42	22	32	30	39	39	25	35	42	39	18	32	17	34	15
48	4	30	16	48	29	17	10	10	43	42	35	3	6	2	1	25	36	41	30
46	39	15	50	49	6	23	44	38	50	24	28	50	2	48	36	9	22	23	9
26	12	22	37	47	4	23	30	40	39	43	46	26	4	19	10	39	30	17	42
6	24	23	11	20	14	36	1	9	17	42	4	14	33	5	34	17	29	4	45
33	44	4	49	7	29	3	47	33	38	48	30	5	31	3	2	40	12	18	33
19	22	22	24	48	40	32	44	49	36	43	11	26	22	10	12	21	24	5	42
12	40	19	21	19	13	49	33	30	4	44	6	11	21	27	12	23	31	2	18
47	10	48	47	46	37	4	33	22	42	32	16	7	27	22	30	4	2	5	35
41	50	14	46	42	38	50	6	46	48	40	40	23	38	46	3	42	22	25	32
10	16	12	39	22	28	49	35	50	48	9	22	26	18	27	47	46	2	5	9
37	49	38	24	2	42	44	20	32	20	38	32	27	23	26	26	39	25	24	14
39	16	7	49	40	19	15	6	11	49	7	40	17	17	46	12	29	38	37	30
35	30	3	30	10	27	45	4	42	2	9	22	28	42	20	22	42	39	35	34
28	39	9	33	14	48	16	10	28	15	47	1	39	44	30	10	13	27	40	14
24	11	14	10	40	36	12	26	47	24	20	41	3	4	3	46	21	21	17	13
12	36	26	28	5	8	33	35	12	11	9	16	50	22	10	17	26	49	44	29
36	40	13	4	46	7	49	35	42	35	39	43	11	27	3	39	36	37	6	32
3	28	14	37	15	4	41	32	44	36	21	22	27	39	27	22	23	22	32	49
10	49	43	28	22	17	6	23	20	22	32	40	44	12	27	8	26	27	40	42
16	17	41	6	14	18	16	23	1	31	17	14	5	7	23	5	36	37	15	49
49	19	13	23	5	32	28	16	12	19	46	46	33	40	34	44	8	38	14	5
1	34	23	39	5	18	35	37	40	22	23	40	13	41	44	48	5	19	1	33
40	1	11	32	36	21	32	15	24	29	48	49	23	10	49	15	47	24	18	38
47	42	27	40	47	7	34	43	47	37	40	39	37	31	16	1	24	41	4	35
37	21	14	11	25	25	17	3	43	29	1	31	1	14	37	49	24	21	36	29
37	39	19	38	40	9	12	43	44	48	42	6	21	34	2	26	28	17	16	23
40	32	1	18	36	10	39	24	45	18	27	3	6	25	48	48	3	26	21	17
13	25	9	45	38	46	10	18	13	11	21	8	6	13	39	6	39	1	3	31
20	39	48	26	22	39	1	46	36	4	24	3	46	49	10	16	23	6	31	41
50	22	11	34	48	19	48	43	37	43	9	2	24	40	47	25	27	34	24	49
45	15	32	9	38	19	12	7	4	24	34	34	21	13	32	49	28	14	29	3
42	8	10	43	45	22	29	7	2	35	40	40	32	32	46	36	40	3	47	30
8	41	39	14	9	26	31	12	9	49	47	13	5	22	8	38	5	39	14	16
40	6	5	19	34	45	2	40	17	47	9	26	17	50	46	1	19	47	34	20
42	18	48	4	39	27	35	11	25	8	31	2	39	32	41	2	36	21	30	15
24	42	45	13	40	22	47	6	27	8	20	9	5	45	24	22	9	2	31	8
11	42	15	10	16	8	38	35	9	44	15	49	18	20	46	50	24	36	14	17
31	29	35	18	39	23	47	44	8	19	43	35	40	22	5	33	28	35	47	33
35	12	47	33	43	21	42	36	49	25	48	23	39	14	28	32	8	48	21	44
12	44	28	40	1	30	9	46	16	13	23	40	39	32	33	20	33	2	25	19
32	11	46	34	22	21	47	26	45	24	26	30	14	4	21	42	34	7	32	13
12	46	21	36	3	9	35	7	32	9	49	6	23	3	13	1	49	44	19	31
34	34	2	42	38	43	26	36	11	42	36	26	20	12	7	36	41	10	31	14
37	40	45	37	25	21	7	12	42	21	44	41	39	1	29	29	45	29	49	11
33	49	47	40	23	24	36	12	47	27	10	39	13	5	45	45	39	16	18	18
36	15	45	40	49	45	37	19	33	29	42	13	11	21	31	38	43	5	14	1
35	46	15	15	11	5	28	34	7	35	40	30	12	32	25	19	5	7	42	28
38	17	29	19	35	48	29	43	25	8	3	34	2	17	33	40	50	30	29	45
18	3	13	49	39	13	2	30	47	12	33	36	14	36	14	18	18	47	30	14
27	36	10	50	32	6	28	45	49	35	20	26	28	47	11	35	5	30	30	23
47	50	47	13	25	17	21	17	4	16	23	3	50	16	19	33	44	14	18	34
36	7	31	12	42	8	8	17	26	29	13	38	18	8	18	28	40	47	25	15
36	12	41	33	13	18	27	13	29	29	42	41	13	47	38	40	19	35	22	18
10	4	41	26	3	36	35	42	48	42	43	47	40	3	48	24	17	49	50	25
32	45	39	48	37	23	25	21	21	29	9	5	26	8	6	32	21	16	30	27
33	35	15	38	36	45	2	11	49	14	23	21	36	48	36	15	16	44	39	31
11	15	22	20	33	39	22	32	48	16	4	2	19	23	42	48	31	1	12	42
21	15	23	8	6	39	20	28	22	41	17	27	27	50	17	19	13	46	6	47
24	21	14	33	10	22	3	13	6	39	35	16	32	47	11	46	43	15	15	44
19	44	10	7	50	28	25	20	7	23	35	35	46	16	19	1	2	40	48	34
37	7	23	34	7	2	45	30	39	21	27	49	32	12	28	30	11	7	34	33
47	34	7	34	5	50	20	17	29	10	45	3	17	31	8	13	22	27	50	49
33	46	31	36	46	36	4	34	38	40	40	45	6	16	38	4	1	39	30	8
32	28	2	29	27	24	33	1	5	16	8	35	8	35	50	1	3	21	38	19
46	36	30	39	21	50	47	2	44	4	12	33	47	42	17	5	45	2	10	23
4	3	30	22	32	6	37	22	16	37	1	30	2	11	12	46	49	13	9	27
27	31	8	1	5	25	38	16	18	45	7	2	12	16	16	43	7	9	8	15
13	26	36	7	4	33	32	37	31	22	7	33	43	33	46	23	46	30	18	7
19	22	4	22	30	49	18	36	45	19	40	41	5	45	15	2	46	1	48	23
44	2	36	47	38	25	10	30	21	43	48	27	42	1	47	42	23	14	28	5
15	46	42	12	32	17	28	48	19	45	28	45	32	45	14	17	36	7	34	6
40	39	16	3	21	13	49	5	49	23	29	32	24	44	8	48	10	25	15	22
48	12	12	27	16	4	45	47	38	30	6	16	31	22	15	26	31	40	41	20
18	23	50	46	16	46	21	39	38	17	7	12	43	13	8	28	28	40	37	18
19	3	18	19	17	13	1	2	29	32	17	21	34	46	4	25	13	17	11	20
