5	200
1	14	3	18	7
7	7	5	10	3
19	19	8	17	8
4	10	7	12	1
11	16	20	20	12
11	2	16	13	12
5	5	14	20	17
3	15	11	18	16
17	18	12	12	14
9	5	5	20	9
6	13	2	19	14
6	14	4	7	17
6	11	12	18	19
15	6	9	1	5
10	19	10	17	5
13	4	8	7	4
7	17	16	5	7
12	4	16	7	11
9	11	5	1	10
7	7	14	13	20
3	17	5	16	20
8	3	5	15	1
2	7	17	3	10
10	15	8	12	7
11	11	2	10	16
19	14	9	7	18
7	10	15	8	1
10	12	1	5	19
10	19	1	6	10
3	15	2	11	1
12	19	2	7	9
13	15	16	20	1
14	14	19	17	14
12	12	10	3	1
18	15	3	14	18
13	10	17	20	14
5	12	18	6	7
9	8	9	20	9
16	17	2	4	6
17	20	5	13	18
12	5	20	11	4
18	16	9	9	16
3	19	16	7	17
2	16	14	11	6
4	3	11	15	5
2	14	19	9	2
14	6	5	2	3
20	13	8	3	10
13	20	1	5	6
17	1	15	8	4
1	6	15	7	15
9	15	5	6	3
5	17	1	8	2
18	15	14	4	17
10	9	12	2	13
5	3	7	10	8
1	19	12	5	1
8	12	18	8	14
6	8	2	20	5
16	19	13	3	8
3	8	12	11	15
12	15	14	15	10
7	9	16	18	2
7	6	16	8	14
7	17	6	11	12
2	8	12	17	17
6	10	4	2	6
13	8	1	11	9
14	19	4	18	8
18	13	4	18	19
11	3	6	9	2
6	2	1	20	13
5	3	18	18	5
17	5	15	13	10
20	5	6	19	1
8	14	9	4	15
10	5	14	18	7
4	5	16	20	20
12	7	2	18	5
11	2	6	14	11
13	18	11	9	20
6	18	8	9	14
12	14	18	5	4
1	10	20	12	1
12	10	15	14	19
13	3	8	15	10
7	9	15	13	2
12	14	5	18	1
7	18	8	6	8
18	10	17	15	4
1	2	15	13	19
4	4	18	11	8
3	10	13	19	8
4	19	5	4	12
7	5	3	12	15
15	3	9	6	1
4	7	13	11	10
6	15	3	14	18
9	16	15	11	18
17	5	9	19	5
20	5	14	4	18
17	20	4	19	5
2	15	13	11	5
17	18	3	10	2
10	17	11	6	3
11	11	12	14	19
10	14	11	1	1
19	13	10	14	13
7	11	4	10	17
15	4	5	7	1
20	2	20	17	16
4	15	8	1	7
6	8	10	1	16
9	4	12	10	6
4	8	10	17	16
19	13	2	10	9
8	7	6	13	20
8	14	14	6	18
4	5	10	8	8
19	2	4	15	9
11	12	15	1	17
12	13	4	1	18
11	14	19	13	19
20	2	17	2	8
15	11	7	12	3
19	19	3	10	18
17	9	7	2	18
16	12	6	17	8
16	11	13	9	7
11	7	17	9	8
18	5	3	7	14
1	6	3	19	19
14	10	15	4	1
3	7	18	15	3
9	17	1	14	13
5	18	19	6	12
13	2	14	2	20
12	7	20	8	17
11	9	7	18	15
6	16	10	8	5
4	9	3	6	20
1	5	10	15	9
4	7	18	7	6
12	17	13	4	9
16	7	10	19	12
20	10	3	19	7
9	9	11	2	9
5	20	8	2	20
8	18	5	20	14
5	12	1	13	4
10	4	6	20	9
17	19	4	15	20
12	2	11	9	1
16	16	17	19	1
12	9	11	5	1
19	2	11	6	8
9	10	10	16	18
6	4	12	13	13
6	16	14	3	9
7	8	17	19	19
9	15	3	12	12
2	13	1	19	10
15	8	19	8	12
2	12	15	11	15
12	5	4	6	15
17	15	9	17	15
12	6	13	7	19
14	8	19	5	17
14	3	13	3	18
19	18	7	12	7
15	13	7	5	7
5	12	17	17	15
7	4	5	5	19
10	16	12	9	18
15	14	10	15	2
10	12	1	9	17
20	8	18	10	20
19	19	8	1	15
3	12	2	10	10
10	19	9	5	8
4	6	19	15	13
2	4	13	4	17
13	11	8	1	16
19	7	15	5	20
11	8	11	14	15
3	13	20	5	12
12	3	17	1	14
14	10	4	18	19
16	7	5	5	2
13	4	1	14	12
4	5	5	6	18
16	15	5	20	10
10	4	9	12	6
11	14	7	8	3
10	4	17	7	5
5	4	7	13	2
20	12	6	13	8
7	19	12	4	19
20	6	4	9	10
12	19	13	19	12
