2	100
18	23
17	7
15	48
12	37
47	42
8	18
44	8
31	19
25	42
9	24
45	2
4	25
44	8
42	46
45	25
12	48
29	14
12	44
5	3
1	43
28	27
9	22
6	28
27	47
7	31
7	50
25	4
11	17
19	43
13	8
7	17
42	22
31	11
40	31
47	37
14	22
41	16
47	19
43	32
19	17
31	45
39	14
19	13
23	25
4	46
26	12
41	44
37	11
35	38
42	46
38	47
1	21
17	36
9	9
8	42
24	37
24	47
27	13
29	29
4	19
38	16
27	1
12	2
32	47
30	36
34	6
41	24
29	35
44	18
48	34
4	14
17	12
22	39
39	44
18	25
32	7
34	23
8	23
20	1
10	15
4	13
30	22
9	19
46	1
19	42
19	11
32	21
16	25
49	15
30	23
14	39
30	6
4	27
22	18
16	7
15	44
9	33
30	41
35	45
4	4
