10	100
35	43	27	42	23	25	24	18	14	28
6	11	7	31	50	39	47	42	11	19
29	13	14	39	34	39	25	20	8	32
18	42	31	22	8	35	49	45	36	27
50	47	2	27	33	40	13	44	27	25
49	45	20	24	16	22	30	39	8	34
1	4	10	32	10	15	30	36	23	16
40	3	6	35	20	33	12	37	6	45
26	31	44	33	34	23	23	8	7	37
5	11	37	2	27	46	37	20	17	18
10	28	22	12	35	46	39	36	4	34
11	43	33	14	9	20	10	27	49	37
43	23	30	37	11	30	17	5	8	25
46	42	21	38	35	48	10	33	49	38
35	37	5	24	26	13	28	23	43	7
36	10	22	30	26	38	49	35	1	6
30	35	28	30	38	20	23	45	29	11
10	28	29	11	3	6	18	7	11	49
3	44	12	2	39	36	20	41	13	48
50	25	32	44	9	1	10	26	36	7
40	33	45	33	48	9	32	12	28	20
20	42	25	3	3	37	23	27	41	2
50	33	32	31	12	35	46	36	2	2
47	43	21	4	9	20	50	30	4	30
5	8	14	44	29	9	1	30	41	22
28	34	35	34	7	8	1	14	21	14
14	46	10	26	24	27	22	21	45	33
38	44	23	11	48	43	19	39	3	4
34	16	45	31	25	13	8	37	47	1
20	37	9	41	17	9	48	38	20	2
37	30	36	8	35	35	11	25	37	15
39	12	11	18	30	48	1	30	2	11
20	35	25	44	14	1	35	33	45	39
45	31	19	1	17	5	31	38	46	40
2	34	1	33	13	8	26	41	12	19
8	18	37	10	33	3	6	42	45	34
1	29	30	48	20	8	44	11	2	25
18	14	35	13	10	36	35	42	32	6
26	44	22	27	32	27	45	10	19	14
49	39	43	12	39	24	5	3	13	5
15	16	39	37	1	44	34	25	50	48
19	14	11	39	8	7	8	3	17	43
14	34	42	39	27	29	22	23	24	36
32	32	30	27	42	11	5	35	26	38
44	20	10	21	45	36	29	4	4	33
16	2	37	20	41	31	24	1	11	23
22	11	2	15	17	37	35	34	48	48
2	23	28	29	50	44	24	21	44	41
1	19	20	42	20	30	46	10	37	12
38	5	25	4	16	33	19	46	5	9
2	45	7	7	31	44	25	8	21	48
7	3	8	20	23	4	42	11	45	37
42	25	48	36	10	48	49	24	13	17
25	29	17	36	40	6	12	14	11	27
6	38	39	39	5	36	48	6	32	13
42	9	2	19	17	27	48	21	47	33
46	1	46	5	23	29	36	22	30	17
43	28	50	19	32	5	37	9	32	24
1	43	43	1	25	16	28	48	19	14
9	42	17	28	32	5	42	35	16	27
50	26	26	15	20	14	10	33	38	13
40	39	40	24	33	3	9	46	30	8
2	39	4	17	9	2	12	23	37	27
13	3	44	5	25	26	18	28	31	11
7	45	11	6	24	21	2	43	45	29
47	47	5	9	26	12	23	10	7	19
3	38	47	11	1	38	45	35	50	8
35	31	15	19	1	7	28	48	43	38
50	19	28	9	30	16	48	35	30	13
4	9	21	12	9	20	49	50	6	37
26	18	44	38	44	17	33	36	9	19
35	25	18	19	20	34	10	38	32	35
41	10	5	37	5	27	10	3	11	31
9	28	42	7	13	32	25	40	15	14
34	12	27	12	29	29	41	2	43	26
10	11	19	21	46	16	13	8	34	17
7	30	26	28	10	7	34	11	7	38
9	21	24	19	2	29	34	44	9	27
36	8	11	36	21	49	10	22	11	48
20	18	7	48	7	5	37	50	2	23
46	31	46	5	17	40	37	50	20	18
33	20	49	7	31	50	19	41	7	12
47	12	1	10	19	41	14	27	13	47
42	35	42	37	32	6	13	7	19	32
12	10	2	43	15	50	20	50	17	8
36	47	43	41	26	34	30	36	37	27
26	11	38	23	26	48	28	13	26	26
37	13	22	26	1	37	11	8	45	19
22	15	10	5	12	46	43	2	11	48
27	27	21	43	6	1	23	30	17	17
22	7	24	42	21	24	25	17	41	40
24	22	42	19	5	12	2	34	12	31
6	27	3	29	49	11	43	30	20	50
15	31	42	28	47	16	41	19	35	38
21	26	12	22	25	5	36	3	38	45
50	39	19	36	12	46	4	46	43	11
32	46	47	41	25	43	31	14	22	40
22	34	50	25	11	30	16	32	4	45
25	41	43	26	1	26	13	6	17	2
12	45	26	24	6	25	30	21	47	33
