10	200
33	16	47	20	35	12	34	10	35	22
4	43	1	24	20	6	7	5	41	45
8	21	12	20	45	41	16	46	27	3
1	30	6	7	1	29	28	47	23	35
13	4	2	8	19	6	23	50	43	21
29	33	32	1	48	12	5	27	26	44
47	39	34	32	22	25	37	45	23	41
29	10	32	7	33	5	20	5	2	40
19	16	4	6	25	18	48	6	9	39
25	1	22	29	39	25	20	20	36	45
19	29	27	2	43	19	1	26	18	44
43	1	25	36	26	31	36	29	8	4
27	31	36	35	17	28	39	3	19	9
36	50	19	7	21	40	40	2	13	6
17	23	38	16	46	25	26	36	4	8
40	41	13	33	19	39	43	43	35	16
31	49	8	10	8	44	32	19	16	36
42	34	17	2	37	5	44	20	39	43
2	3	50	11	20	45	38	37	39	33
48	47	18	48	26	19	15	28	9	3
43	8	21	18	16	6	25	11	46	14
46	24	4	43	14	29	49	47	41	13
7	45	30	33	39	45	16	19	27	19
40	16	12	37	1	44	32	33	46	14
21	27	42	26	38	24	44	26	34	48
21	18	37	46	47	48	29	38	29	21
40	6	35	28	25	30	13	18	42	21
47	17	2	28	43	30	4	5	46	16
2	41	35	30	48	22	29	17	40	3
15	45	4	25	24	16	42	15	1	8
12	27	34	14	1	4	17	10	3	17
45	25	42	14	20	50	21	6	30	3
2	47	28	40	6	2	14	28	5	27
39	40	4	39	4	26	8	22	29	45
6	20	14	24	9	40	3	40	5	24
46	37	36	49	7	16	49	44	9	50
41	39	5	27	29	5	22	4	11	45
42	50	27	36	47	33	33	5	32	16
50	24	23	31	32	2	5	5	33	38
27	14	14	30	4	17	15	38	46	4
19	49	30	11	32	46	10	50	2	25
33	45	13	43	1	17	16	24	45	27
1	18	22	23	18	29	37	48	32	31
18	46	10	28	48	1	45	13	49	36
43	5	3	8	6	33	1	21	30	38
1	41	43	19	3	2	28	7	43	4
10	13	19	22	7	37	35	36	46	1
22	4	26	9	34	47	15	14	18	36
28	16	19	45	30	27	4	41	25	46
23	39	21	46	27	31	36	32	2	19
48	16	25	30	16	48	16	35	35	7
38	14	40	8	26	44	44	25	42	30
34	45	11	1	28	34	33	30	33	4
11	33	13	49	38	13	42	40	29	32
11	19	6	19	9	10	49	14	21	33
37	12	40	22	35	4	6	25	2	33
16	37	2	32	46	5	2	41	20	13
3	5	47	11	19	15	39	42	42	18
35	19	10	1	17	50	44	42	15	34
8	18	38	46	17	25	17	25	24	4
9	9	44	8	30	33	15	30	3	20
16	14	33	35	49	47	27	2	15	46
12	11	27	37	6	36	17	2	44	45
48	14	19	38	10	26	26	2	21	35
36	14	39	45	18	44	35	4	47	21
48	16	11	28	43	49	32	8	2	45
16	14	36	9	22	2	45	45	26	23
22	25	32	30	11	48	22	33	19	12
1	14	5	24	47	33	4	42	46	11
45	19	1	27	19	22	29	31	23	17
50	40	28	24	50	24	35	31	17	45
28	49	39	41	44	2	9	12	12	40
48	4	49	15	29	3	25	6	12	40
20	41	11	3	13	11	37	32	25	24
49	24	25	2	34	46	30	10	33	17
13	17	19	34	19	46	42	14	46	47
49	30	20	28	26	37	39	36	28	34
16	28	38	39	41	25	29	48	31	33
24	16	23	45	27	4	23	28	35	18
20	23	36	29	26	20	5	48	27	48
8	44	33	49	2	36	29	30	43	44
17	44	33	14	23	33	7	26	2	22
14	12	2	11	14	43	42	10	14	22
21	32	22	34	26	30	34	25	44	41
25	43	35	42	1	27	41	23	6	43
14	29	46	5	34	46	43	22	35	9
44	20	16	22	24	35	22	49	39	44
50	32	33	11	48	21	27	11	11	38
3	20	4	22	8	42	37	18	50	30
38	12	40	35	48	5	27	14	18	16
5	42	35	13	43	32	47	36	7	14
20	33	12	48	6	25	16	45	14	32
49	5	50	9	7	39	43	48	14	43
44	14	43	45	34	11	35	42	30	27
45	2	11	37	10	5	1	43	30	24
40	33	1	37	18	50	43	26	6	5
40	50	22	15	20	6	40	17	14	46
40	25	16	37	37	48	45	13	50	2
38	1	19	41	4	12	13	6	28	34
18	10	36	25	38	46	30	46	18	5
15	35	29	34	34	16	17	14	50	20
6	31	27	5	18	39	32	32	12	8
44	34	39	31	28	31	39	41	50	42
18	49	46	46	37	3	23	35	7	39
45	50	7	8	29	38	33	31	8	49
15	48	35	10	12	32	46	48	6	3
27	27	15	9	3	7	35	32	19	15
17	47	25	24	14	44	28	31	3	41
49	8	33	1	28	20	15	36	34	6
7	25	29	5	12	19	36	48	6	22
3	2	13	44	33	18	24	12	47	18
4	16	46	16	5	19	44	14	32	33
43	49	48	13	8	43	18	21	12	45
9	30	25	32	38	48	46	40	19	10
47	4	40	17	2	42	29	14	50	44
25	22	17	24	29	4	4	50	37	41
1	3	50	2	9	24	41	15	29	8
24	5	46	23	36	40	10	31	11	16
14	4	21	19	21	38	14	1	3	34
44	46	3	29	9	45	4	38	9	29
2	15	36	43	20	21	27	45	39	40
45	23	39	21	27	47	32	32	32	22
11	40	12	45	14	29	2	18	14	41
37	23	23	33	15	49	19	29	49	50
12	19	13	14	40	21	7	32	2	12
13	22	6	37	18	12	3	41	29	42
19	9	31	48	4	22	1	7	7	29
29	4	33	32	10	42	28	49	6	43
22	20	16	2	29	15	17	36	15	3
46	28	1	8	32	3	39	15	11	18
21	1	26	23	34	10	39	25	28	26
35	4	36	36	20	49	44	29	20	39
5	15	42	5	33	1	4	26	1	8
4	14	39	38	22	22	45	43	19	20
26	43	9	39	19	43	42	15	39	33
10	10	46	22	13	7	10	22	41	33
6	14	24	20	23	22	15	48	14	48
5	1	11	50	13	13	6	3	36	41
10	39	37	18	49	45	19	18	26	16
13	24	3	36	14	13	19	40	17	48
28	45	1	42	29	9	49	46	10	1
2	8	36	1	24	18	28	7	21	28
4	48	23	49	36	31	49	26	37	1
44	17	36	39	13	16	38	46	40	40
47	23	8	25	15	6	39	2	12	47
36	13	19	40	45	30	22	3	6	48
11	23	9	10	8	35	22	48	38	9
30	32	17	32	32	31	40	49	35	30
43	47	14	40	15	31	48	47	45	33
44	36	40	42	30	24	15	49	18	30
34	42	14	4	18	4	46	38	9	14
40	24	19	26	6	14	10	20	45	27
37	26	3	6	15	44	43	26	3	8
17	42	31	5	47	2	34	10	23	12
35	11	38	31	43	21	17	14	37	16
15	45	5	41	43	9	39	9	39	24
12	21	35	1	48	49	43	14	30	4
31	50	47	34	43	27	38	23	13	45
27	29	40	37	44	22	37	41	13	39
14	25	22	50	50	15	27	38	33	44
28	4	34	33	35	15	49	21	49	17
21	17	47	45	47	34	32	49	8	27
13	3	1	42	41	7	29	48	34	28
50	1	40	19	17	24	45	7	3	29
24	16	42	47	18	48	28	27	3	17
34	28	30	7	32	26	3	43	42	29
37	1	38	21	17	21	27	29	29	23
39	25	46	30	4	47	11	5	25	44
29	2	45	17	45	23	21	34	37	41
21	3	16	25	42	23	29	22	30	48
21	50	49	31	29	9	32	1	4	36
16	49	19	49	50	36	7	21	27	45
50	44	42	38	3	37	10	22	38	31
18	40	25	27	24	29	3	15	39	36
41	21	30	1	26	23	34	17	25	7
16	8	45	36	49	28	8	12	28	42
50	10	13	23	19	26	24	42	26	22
33	42	32	41	4	29	14	42	13	31
3	43	48	32	15	10	45	39	29	46
21	42	37	48	37	31	8	8	33	50
49	43	42	4	24	25	27	5	32	20
14	17	50	48	39	8	13	32	8	9
32	35	14	30	1	42	6	35	5	24
21	6	9	13	33	11	1	45	8	41
34	41	8	9	33	5	42	40	9	29
18	27	1	25	19	14	30	13	4	32
19	43	1	9	49	8	8	37	16	29
7	19	24	17	25	42	28	5	48	46
50	16	26	26	6	45	6	35	45	19
31	38	42	27	22	42	40	50	10	25
48	6	25	30	22	50	3	34	50	28
36	25	16	8	33	4	17	25	3	4
2	23	43	47	49	20	27	48	45	34
2	29	45	23	49	45	41	47	4	7
43	23	36	18	34	7	23	34	44	19
26	16	47	6	23	25	13	29	32	3
23	5	39	16	26	7	31	43	9	38
13	20	21	47	12	30	38	26	13	43
47	44	4	27	9	36	32	39	1	25
33	13	15	2	34	38	34	20	42	27
