5	100
22	23	13	49	13
4	5	42	12	25
36	15	44	3	4
17	49	9	38	28
46	35	9	7	25
21	21	9	16	17
47	29	41	26	19
42	39	20	37	39
7	31	13	3	1
20	35	28	21	41
40	8	40	38	11
37	15	7	24	42
33	47	27	46	28
7	24	18	34	13
29	29	22	49	21
16	23	6	7	6
37	43	38	25	28
40	40	3	15	33
28	32	46	46	7
11	5	18	26	44
46	17	44	9	13
11	36	41	17	46
15	9	1	19	6
40	9	2	19	39
18	22	4	2	36
47	34	26	43	11
11	6	31	13	10
20	50	30	13	17
4	49	36	19	19
19	32	27	41	17
2	3	49	37	26
25	14	43	24	17
28	10	49	7	36
9	28	38	10	36
41	29	40	2	35
19	36	35	33	17
15	7	36	27	9
8	7	44	37	35
7	7	7	47	40
44	1	30	34	10
42	45	17	6	26
24	14	48	3	8
40	30	10	7	2
21	25	23	48	28
3	34	1	25	29
35	22	44	12	41
19	6	1	24	26
21	41	31	1	36
45	9	42	30	46
28	47	50	45	20
20	28	33	7	8
8	44	43	27	42
2	21	36	12	39
34	29	37	32	31
31	44	22	12	33
44	43	21	30	2
38	23	49	42	22
42	24	45	17	18
28	48	5	10	35
24	24	31	42	13
50	11	19	14	40
26	6	21	24	14
15	23	13	25	4
30	23	44	40	48
10	35	21	14	4
33	40	12	28	10
21	12	30	18	3
28	5	35	3	47
36	4	21	3	3
5	36	30	7	6
2	30	41	45	3
15	40	5	11	8
36	45	44	15	44
4	44	46	23	27
25	38	42	44	12
7	14	18	11	49
47	11	6	22	8
41	21	35	15	38
38	50	25	45	11
42	10	7	10	50
12	40	7	31	31
15	38	48	33	47
2	23	44	12	11
26	39	22	7	3
33	9	32	36	39
26	13	47	34	21
47	8	9	12	38
8	5	26	42	44
4	24	3	19	36
16	7	14	35	36
3	39	50	8	18
4	9	22	42	6
2	42	15	13	50
45	14	33	24	4
21	14	31	13	50
10	7	13	50	23
19	49	13	48	18
9	8	1	44	35
50	34	34	36	42
12	9	41	20	42
