10	100
8	13	3	9	16	7	9	13	13	13
7	1	11	7	8	19	16	8	18	19
17	15	10	11	10	10	11	11	6	14
9	9	13	10	19	3	13	15	6	8
13	6	17	18	16	8	20	14	20	3
8	20	3	12	12	14	4	12	19	6
17	19	7	19	4	19	8	1	9	5
6	1	3	10	6	11	19	12	15	2
10	18	12	3	7	10	6	1	18	5
20	2	16	20	12	14	19	18	14	18
20	19	5	15	18	8	17	14	7	2
16	12	17	18	16	20	8	4	12	15
13	8	4	4	6	5	5	4	19	12
13	1	19	18	2	12	13	17	6	20
13	13	15	17	10	9	5	19	4	12
7	15	6	20	6	13	16	2	10	14
3	14	15	15	10	16	14	20	16	5
8	11	19	13	2	1	14	8	15	17
20	7	1	8	6	18	15	19	13	10
16	11	8	13	17	20	18	20	7	14
15	5	4	19	4	16	17	14	18	5
19	9	8	13	14	17	14	8	9	13
2	15	8	6	10	18	4	6	16	2
4	14	1	1	2	16	3	2	4	10
1	1	2	8	12	8	4	16	20	1
7	10	11	15	13	1	17	19	10	7
13	11	18	16	1	5	9	7	11	19
14	12	5	19	12	1	14	20	14	2
14	9	7	16	16	14	3	6	8	2
19	5	13	17	18	10	4	6	8	8
20	17	5	2	7	16	6	12	4	13
7	18	5	8	14	5	5	3	1	8
2	3	20	9	20	10	20	8	2	3
17	8	13	7	3	18	4	6	9	1
9	11	3	16	15	2	20	5	4	14
6	2	6	20	6	17	18	16	2	18
16	19	11	2	16	20	5	18	5	16
1	20	15	1	19	11	1	5	14	19
11	16	4	9	17	16	2	13	2	7
20	8	4	11	5	10	1	1	20	16
17	3	20	8	13	7	8	6	2	15
16	14	3	3	8	1	15	2	5	1
18	12	17	19	16	14	16	4	16	10
10	20	5	19	2	9	16	16	17	11
9	17	12	7	12	7	6	1	4	5
15	19	17	19	19	6	6	2	13	20
11	4	11	12	5	16	9	4	2	20
6	20	6	14	13	2	20	10	7	10
8	15	20	12	15	12	4	6	20	16
3	14	4	18	1	5	7	1	2	16
19	2	20	5	19	16	14	4	7	18
7	16	16	3	12	17	5	19	18	14
12	3	5	6	17	13	16	9	14	9
15	20	9	12	11	7	15	15	13	19
18	1	20	3	10	7	19	1	6	4
20	8	3	8	4	16	18	15	8	7
20	6	10	19	3	7	8	4	12	6
2	10	7	19	17	12	4	2	16	11
15	16	3	10	9	8	17	1	8	16
9	1	7	7	20	13	11	1	1	4
20	15	9	1	2	11	2	5	12	13
13	17	19	18	13	5	4	1	11	15
10	7	17	17	17	2	3	1	20	4
2	3	1	13	12	1	8	2	8	18
7	13	10	16	4	13	2	10	15	16
10	11	11	6	14	13	18	12	5	1
8	2	6	9	11	10	16	7	7	13
17	2	13	13	9	18	17	1	14	5
1	14	6	4	15	11	12	16	19	19
3	16	18	8	11	6	8	2	5	14
17	15	4	2	19	8	18	19	17	17
16	17	19	20	1	14	16	2	14	1
19	20	8	8	11	2	5	6	2	4
10	16	17	20	8	6	11	5	6	7
13	14	19	3	3	6	17	18	7	17
11	7	8	5	16	17	7	16	12	17
4	13	17	14	7	1	1	19	13	16
4	12	17	8	8	5	2	6	6	5
6	7	19	6	14	4	8	13	5	11
19	15	13	9	4	1	18	6	16	3
5	18	6	12	13	19	10	1	17	11
16	2	11	7	12	17	14	12	20	4
13	9	15	2	17	10	19	8	4	8
8	16	10	4	1	8	2	8	13	15
14	8	16	15	15	17	5	6	18	8
7	6	7	13	10	17	4	4	15	4
1	3	18	9	4	1	13	8	7	4
15	7	20	5	10	6	13	20	8	1
6	14	11	17	2	2	9	17	14	4
5	19	13	9	15	12	11	8	11	14
5	17	19	15	13	20	7	2	3	5
5	4	16	15	19	7	12	1	8	2
12	16	15	3	20	17	14	11	11	19
16	5	10	14	16	9	15	17	4	2
16	8	14	9	20	1	3	19	11	8
20	10	1	10	3	9	3	16	15	17
7	17	12	5	10	20	15	3	19	10
12	16	17	6	7	5	2	6	4	19
14	15	1	3	19	6	5	20	12	7
6	20	2	8	16	19	16	10	20	1
