10	50
13	12	11	18	3	19	17	15	12	8
9	9	19	7	3	7	5	13	19	14
20	7	17	4	19	6	3	16	1	17
2	3	14	17	14	10	4	20	8	3
19	19	11	20	15	16	16	17	1	17
12	3	19	11	16	7	15	7	20	18
17	2	15	15	7	7	15	2	14	13
4	6	6	17	15	1	16	18	10	4
10	6	15	4	6	20	5	4	2	7
16	17	20	10	7	17	5	16	14	9
1	15	4	9	14	6	17	2	16	16
11	18	18	17	8	11	7	11	10	8
3	11	1	7	18	8	7	16	10	19
16	1	5	2	3	16	3	7	11	1
3	3	9	6	17	18	19	3	2	16
10	14	7	6	7	11	14	17	11	6
19	1	13	17	20	10	14	17	15	13
9	1	1	9	5	20	3	16	11	1
10	5	15	14	9	3	15	19	15	12
3	6	17	5	2	2	10	12	7	7
4	2	8	10	8	10	14	18	1	7
9	19	7	11	17	15	7	19	9	18
16	16	2	3	11	4	5	17	7	4
10	11	9	5	17	8	17	5	7	20
9	17	18	9	4	4	20	6	8	8
16	11	4	9	11	9	20	6	20	5
6	17	12	18	17	18	10	3	14	10
18	3	13	9	9	20	18	14	19	7
5	19	10	19	9	19	8	1	14	8
8	11	5	2	14	13	6	1	12	7
15	17	13	18	10	13	19	15	20	12
12	7	7	14	1	8	8	13	10	19
11	9	9	7	3	8	18	12	15	17
15	18	3	13	13	8	7	12	10	16
1	13	1	3	17	1	5	12	2	7
6	13	11	14	16	6	9	7	16	3
16	7	20	4	17	15	5	14	2	13
2	16	4	15	18	19	9	7	10	2
3	7	10	8	11	2	7	9	18	7
20	20	17	7	20	14	13	17	6	2
17	11	10	9	6	10	10	17	17	18
18	2	17	14	20	10	18	13	13	16
8	16	17	15	14	2	19	17	15	4
6	12	2	9	5	13	17	1	3	1
12	11	13	20	10	18	4	3	7	11
17	1	5	10	15	2	14	16	15	5
12	14	2	13	12	6	1	9	10	8
13	17	11	13	5	18	3	17	5	17
18	16	11	5	7	6	8	12	15	4
20	1	7	18	10	19	9	20	9	4
