10	50
31	23	14	36	50	61	46	22	79	62
65	28	69	33	65	79	63	64	9	62
99	26	95	85	95	2	55	12	49	100
38	21	95	96	35	79	74	81	41	86
19	65	39	46	27	74	3	78	100	35
14	26	13	18	21	6	28	29	42	48
7	35	74	79	25	45	33	74	99	86
6	83	23	23	44	34	87	50	59	21
99	77	12	14	86	12	9	78	75	29
51	45	40	93	80	84	91	60	21	83
42	29	80	15	29	32	4	90	74	87
19	79	70	21	49	30	23	60	94	14
36	55	99	70	35	61	43	30	44	60
44	28	30	77	79	70	98	98	86	54
9	19	4	88	10	73	76	19	44	50
62	32	66	7	47	88	31	10	80	68
90	74	46	15	44	91	49	94	43	80
33	26	75	41	5	18	51	11	61	62
86	25	87	95	99	12	63	23	30	92
40	88	18	18	64	35	74	90	45	19
25	82	77	65	17	36	57	25	2	30
37	20	50	18	82	65	88	52	16	32
29	26	64	52	40	46	9	57	77	70
45	62	67	43	38	5	49	22	78	64
56	39	21	1	55	21	39	100	36	99
48	22	75	13	91	99	18	25	26	72
27	1	48	32	86	76	53	8	81	78
17	66	74	53	77	91	6	64	97	20
7	10	21	78	23	23	88	55	52	40
87	24	97	6	37	55	91	89	15	80
68	32	20	59	83	83	48	22	36	1
93	54	29	6	66	18	80	70	10	63
89	99	56	41	92	94	70	68	16	22
100	17	50	17	53	75	91	63	96	41
75	66	19	52	47	33	95	91	41	20
76	21	79	52	92	69	77	79	67	89
13	80	7	15	1	77	5	12	54	91
28	18	75	70	89	23	81	4	94	59
100	79	28	97	47	79	38	98	26	85
99	12	96	8	28	96	59	4	52	71
29	83	38	51	92	58	47	10	64	69
88	74	86	9	90	35	53	11	68	22
39	8	87	70	92	17	22	67	43	93
64	77	53	23	31	17	42	77	5	89
33	29	34	57	97	26	26	88	18	94
43	49	37	30	33	21	97	68	60	76
37	80	68	71	5	11	22	63	78	74
93	77	7	79	90	11	74	31	73	66
91	35	49	50	51	16	41	23	91	10
21	74	18	29	53	53	62	64	52	87
