5	50
22	25	42	25	38
40	1	31	15	22
23	33	9	16	44
24	42	22	35	37
39	25	15	10	25
5	36	31	21	49
5	3	44	40	10
24	22	41	1	46
34	43	36	44	17
22	49	9	42	5
43	40	10	44	16
48	10	33	1	34
5	21	10	16	17
21	39	20	6	21
2	1	21	40	3
46	39	21	43	4
6	27	39	17	7
15	43	1	25	13
14	40	41	18	42
14	33	21	27	47
33	30	4	22	3
43	20	21	41	20
10	39	40	48	28
28	32	44	10	3
28	39	45	44	7
13	11	4	48	39
13	19	45	47	21
27	24	17	14	15
46	23	10	5	3
26	50	43	41	15
32	40	11	25	19
45	35	11	15	41
32	17	23	3	8
41	45	44	28	1
5	16	31	46	8
5	29	41	41	32
13	19	14	34	7
24	8	20	28	27
42	13	2	23	33
29	50	8	47	12
31	7	16	40	11
17	10	16	17	15
17	44	21	34	29
14	3	40	46	34
34	26	16	1	9
42	14	8	13	29
6	21	44	29	2
6	3	24	23	40
15	43	3	14	10
49	43	19	45	20
