10	100
7	20	26	8	14	12	20	36	4	4
4	8	45	4	6	48	36	50	14	5
6	47	38	3	35	26	30	16	8	23
39	35	18	16	31	32	35	20	48	32
19	6	17	22	30	11	39	40	21	14
48	15	32	5	47	10	32	24	23	38
33	5	28	31	15	20	41	30	24	25
14	16	2	32	36	50	31	16	24	25
37	40	45	44	26	25	4	13	19	21
50	11	48	10	50	15	28	36	8	10
21	9	17	47	1	32	13	50	20	47
30	17	50	49	2	43	11	35	5	41
16	28	11	3	25	3	18	43	32	22
22	45	9	14	5	28	23	49	44	44
12	4	44	23	42	34	11	50	9	8
4	44	31	17	44	43	49	15	22	48
15	21	19	48	25	36	8	37	45	24
20	13	41	12	30	13	34	39	12	42
42	19	34	25	18	29	14	42	20	12
30	9	27	46	30	41	36	46	48	6
26	25	6	36	38	42	4	20	38	32
9	10	3	31	7	46	38	44	31	47
22	16	17	33	44	11	36	45	32	39
28	39	41	6	16	18	14	48	38	26
26	45	5	39	3	21	7	47	40	35
4	43	16	1	35	10	8	23	43	27
6	9	39	49	5	21	19	47	15	40
33	40	6	5	22	28	12	29	31	23
5	40	6	48	36	35	23	41	22	7
10	41	6	11	20	17	6	6	34	32
2	10	33	1	2	14	37	11	30	7
49	29	43	20	23	17	3	41	14	20
49	29	26	8	30	42	35	46	35	5
22	6	45	50	21	46	7	6	46	22
49	12	11	15	9	31	49	36	39	4
15	16	42	15	34	24	35	25	21	10
30	41	27	25	36	43	35	43	50	28
10	48	45	43	21	37	18	11	50	49
44	49	8	32	41	7	15	31	17	48
12	33	35	37	43	8	36	37	30	16
47	6	37	11	44	17	21	50	44	47
7	24	25	22	17	31	34	46	35	29
29	4	27	3	17	28	13	9	50	14
2	32	31	35	3	38	13	47	38	24
36	15	38	20	41	38	8	14	20	12
25	41	3	2	38	44	29	35	45	17
5	13	50	30	46	26	44	41	20	30
18	37	8	11	44	14	17	8	12	29
20	50	40	39	40	12	29	30	47	10
9	29	2	21	20	24	16	8	25	16
45	18	44	41	45	38	33	42	8	24
27	22	23	17	48	5	23	12	41	34
47	14	45	10	21	40	36	38	42	21
49	10	33	46	35	3	6	50	44	3
29	38	22	23	33	38	6	36	24	15
1	4	17	41	20	31	23	34	20	6
3	46	1	38	26	18	39	28	33	46
49	24	18	39	6	9	42	22	28	34
34	50	14	27	20	45	43	42	26	4
30	22	30	39	50	34	38	35	47	16
49	29	4	29	16	27	37	28	36	11
40	2	7	37	23	3	32	24	19	32
25	47	2	30	17	27	45	29	39	22
22	8	25	12	35	5	47	36	11	44
9	16	7	16	15	28	16	44	17	48
2	14	17	16	42	2	28	25	13	39
32	8	40	14	39	32	27	46	2	18
6	47	13	25	23	10	41	36	15	39
12	2	13	41	20	9	42	10	21	33
27	23	24	23	12	2	27	43	27	33
1	20	42	49	43	6	1	42	43	32
12	42	10	24	27	31	45	49	44	31
41	18	25	19	41	34	23	41	14	22
34	49	10	33	38	43	11	14	49	15
8	50	17	39	22	36	14	50	46	31
7	28	49	47	43	34	46	23	9	10
34	11	28	22	49	14	33	27	37	35
21	32	50	30	23	41	2	36	48	6
20	23	46	33	16	6	50	13	41	5
47	38	6	40	32	48	23	46	41	9
3	37	14	11	11	25	29	19	24	2
32	10	25	3	40	11	15	45	6	44
14	20	37	33	38	33	27	10	49	26
19	7	46	40	4	33	10	36	23	41
27	31	40	39	23	38	13	3	1	21
33	28	40	48	45	33	1	31	23	29
49	20	21	49	34	26	15	36	49	7
2	30	23	16	17	33	31	48	10	1
20	24	10	29	43	42	17	48	46	21
33	29	13	45	42	8	11	41	6	48
23	28	5	44	19	3	5	25	31	12
3	3	22	22	9	26	11	42	6	42
9	17	41	29	25	24	18	29	24	10
23	40	42	13	28	43	20	16	10	41
37	43	18	35	19	30	8	41	36	17
48	19	35	14	39	7	38	26	20	46
36	27	1	22	39	13	12	9	45	17
7	45	33	16	6	16	50	7	11	45
17	27	43	8	13	4	6	28	25	22
5	44	46	14	5	11	43	46	46	7
