5	100
67	27	79	3	32
82	65	80	25	73
71	90	14	10	79
14	91	76	52	41
33	34	14	79	14
70	3	33	60	15
17	95	17	23	4
68	17	25	14	82
16	5	10	64	59
50	17	49	84	4
28	65	9	41	62
34	14	100	89	62
80	32	20	11	57
77	73	91	7	11
97	66	63	71	25
29	24	50	21	65
54	55	50	57	87
52	86	77	62	70
55	18	37	52	3
85	85	100	8	83
78	27	43	73	7
62	3	39	17	33
10	64	80	25	9
25	82	63	24	5
91	97	30	37	56
80	30	11	69	41
44	25	43	38	88
27	13	78	51	26
49	48	61	29	61
91	38	13	43	78
3	23	76	3	92
81	97	6	17	27
33	93	70	76	89
85	22	42	37	82
13	5	13	99	57
43	37	1	77	66
43	18	68	91	38
22	49	40	47	7
31	8	61	24	93
57	79	85	40	76
70	96	76	62	65
99	10	78	47	49
45	97	29	52	84
16	25	79	39	68
37	83	96	31	52
6	45	89	6	1
65	53	61	2	96
48	42	7	26	40
13	72	94	98	63
34	79	9	41	77
32	100	47	73	40
88	100	45	10	60
54	21	72	46	85
93	37	28	56	37
74	19	53	99	56
65	89	98	69	18
28	36	49	29	69
66	6	88	63	9
48	97	97	67	86
92	1	48	14	70
98	52	54	4	4
14	47	48	18	75
99	3	77	92	33
19	73	43	78	19
87	49	65	48	89
77	23	87	13	64
65	42	85	99	21
76	82	45	26	56
20	59	70	88	10
46	21	5	35	67
19	58	70	96	84
50	87	7	16	27
92	60	35	54	11
58	19	79	72	57
38	28	17	23	100
29	79	78	38	44
57	18	53	47	46
7	72	89	16	72
90	76	30	100	65
60	24	16	77	53
28	42	33	78	30
92	42	48	96	56
71	9	69	73	70
74	8	89	9	5
86	30	64	1	67
62	99	18	58	40
5	64	1	85	16
15	85	75	17	55
66	24	93	60	2
81	7	58	30	92
52	36	8	73	67
99	79	33	12	68
94	24	90	57	51
8	9	85	57	55
89	34	72	55	39
63	37	4	100	87
55	41	88	67	88
70	56	28	19	18
36	53	64	49	62
42	34	37	9	94
