20	50
1	50	25	34	6	50	4	22	4	42	42	39	23	36	49	36	18	7	17	28
3	15	21	44	41	9	47	24	15	6	12	26	25	2	1	32	31	19	38	6
2	22	23	42	30	10	36	36	11	42	3	49	30	45	1	37	29	32	43	48
3	30	7	49	30	17	14	22	35	18	6	49	20	12	27	31	43	30	14	32
23	11	14	24	3	14	47	31	2	15	3	49	27	40	3	22	16	25	12	13
46	15	1	44	37	4	29	18	19	20	44	50	18	12	26	43	16	33	46	17
21	33	21	20	16	7	23	31	10	5	16	19	18	1	36	9	10	21	37	50
35	30	13	32	22	3	31	16	15	11	7	33	29	45	43	13	45	31	28	30
32	49	8	14	5	26	33	18	27	17	33	46	46	47	33	41	21	39	49	13
26	8	16	50	49	34	40	23	8	23	14	30	43	8	18	36	22	49	28	46
21	14	39	48	29	12	37	33	13	3	43	6	32	16	4	24	33	8	16	22
37	10	10	5	4	3	3	39	29	47	20	22	12	4	43	13	19	19	22	38
47	8	10	6	30	9	48	28	4	44	3	14	33	6	10	11	5	35	45	26
9	48	4	17	33	21	45	29	23	42	6	15	37	29	25	30	50	4	25	45
6	26	36	35	44	6	39	6	45	32	9	35	25	47	29	50	4	44	24	9
15	19	5	12	39	39	28	5	32	31	11	1	10	50	20	34	12	19	23	28
32	39	35	42	34	22	41	41	1	26	26	7	31	16	31	38	21	25	47	6
29	35	25	14	21	8	25	26	27	46	38	35	22	46	28	26	35	14	29	18
49	37	5	6	5	5	21	45	19	33	13	38	23	18	50	48	14	21	21	26
48	15	14	5	38	41	36	35	39	6	3	8	46	30	7	42	31	19	10	17
38	31	7	45	33	50	13	4	47	30	12	15	43	3	21	34	24	50	19	14
20	36	6	14	30	6	42	43	11	9	18	46	12	4	39	18	9	20	23	39
29	32	39	9	44	39	15	44	10	24	18	31	1	46	47	2	25	44	15	28
9	20	44	38	13	17	3	40	15	4	26	4	28	30	36	39	47	47	20	41
41	49	34	37	41	37	46	16	7	37	43	15	5	45	30	9	38	1	47	27
36	26	30	7	49	15	4	21	10	9	5	29	24	24	37	10	36	7	48	27
22	38	33	28	11	12	50	33	1	27	1	47	1	43	6	15	20	28	39	27
33	25	6	49	33	14	41	32	8	21	23	32	4	20	6	49	44	2	46	38
15	22	21	34	9	9	29	31	19	23	41	9	18	22	45	47	32	34	46	47
21	19	25	30	4	19	44	31	38	7	22	18	32	2	12	11	5	23	40	24
36	10	13	36	31	15	14	32	26	10	17	10	7	49	17	47	48	41	30	40
16	48	44	12	1	23	27	16	10	34	42	10	44	22	11	11	6	39	50	40
5	12	6	28	41	12	11	34	36	15	14	14	44	1	9	39	16	1	36	8
38	49	22	43	18	8	16	36	39	6	42	10	42	40	35	4	43	17	22	40
12	44	31	46	20	29	16	44	13	23	46	5	4	42	2	7	40	13	11	33
46	26	46	30	24	5	23	4	16	5	47	50	30	46	47	45	18	27	23	40
42	23	23	16	11	37	6	50	39	29	15	30	7	39	44	37	49	1	22	16
6	13	29	8	27	46	26	8	46	8	39	13	40	21	42	24	3	30	20	38
49	23	16	38	41	17	44	41	3	10	46	17	6	8	34	30	45	15	40	16
12	49	5	31	40	2	40	36	48	20	35	20	32	35	18	34	48	42	18	10
2	35	5	36	12	23	8	33	38	12	30	38	40	4	26	1	18	35	48	40
27	9	44	34	26	27	36	22	41	50	33	4	48	30	14	27	44	20	19	18
45	8	48	36	40	47	30	28	9	17	16	13	44	28	34	44	42	22	11	36
38	36	43	38	30	27	40	11	41	49	7	49	17	31	46	19	12	8	44	30
48	8	13	24	34	21	10	21	46	21	36	23	10	34	31	9	15	10	6	14
7	20	38	10	11	18	46	13	33	15	33	35	29	31	39	30	24	20	5	10
17	20	15	21	14	34	40	34	1	37	5	2	2	30	23	28	20	4	13	17
25	47	38	32	38	2	45	29	45	1	36	46	6	47	47	37	5	17	46	27
28	13	13	46	11	31	33	49	9	11	10	20	7	38	36	20	33	34	33	13
40	12	39	1	2	9	46	6	34	36	24	4	8	36	39	13	35	42	21	8
