10	100
52	14	50	80	53	86	37	61	88	100
48	31	99	5	59	85	88	38	1	100
31	100	43	75	42	51	7	27	43	62
40	73	9	93	67	47	91	2	80	68
86	97	48	78	25	33	48	13	21	62
45	63	30	32	75	53	72	75	38	3
80	11	18	27	61	76	22	6	38	12
95	87	58	34	14	35	53	65	51	10
3	94	7	82	18	78	43	78	18	15
76	17	65	78	89	75	80	22	18	50
11	43	75	9	68	58	5	97	18	41
100	8	25	28	100	86	4	36	10	84
33	45	89	24	37	78	22	80	45	40
55	32	47	2	99	61	19	98	14	60
73	46	60	78	15	69	92	37	79	3
72	44	12	34	17	67	54	52	73	90
36	25	52	79	86	69	61	24	30	39
67	7	22	50	11	87	86	12	9	68
87	86	2	42	68	12	20	14	85	32
8	68	25	25	24	49	95	81	92	47
8	69	7	40	37	65	22	63	24	30
82	43	43	5	4	51	24	10	11	75
49	48	39	98	32	100	82	98	27	63
93	5	20	63	61	18	79	62	6	4
90	58	91	55	51	66	26	20	22	74
25	85	70	18	98	61	30	10	9	38
83	25	36	61	38	77	23	80	45	86
72	62	4	8	85	92	58	85	48	67
74	62	77	54	38	8	35	3	66	100
89	70	54	69	21	66	22	30	18	74
43	46	76	36	2	64	81	63	34	6
4	46	63	42	64	21	48	83	23	30
42	20	15	46	98	3	8	36	87	19
71	28	68	74	24	29	87	41	52	75
27	73	70	60	97	43	7	12	6	1
18	39	8	88	32	23	31	31	38	100
57	46	76	15	36	77	79	90	19	35
34	7	32	49	3	70	51	55	49	56
96	96	31	87	1	32	21	80	42	1
98	57	3	52	19	82	98	55	25	21
65	18	94	71	67	12	8	59	85	63
73	77	82	83	4	61	16	90	14	5
56	99	48	18	38	78	4	80	31	22
73	97	31	29	91	78	3	60	21	90
25	62	96	80	29	22	76	21	48	58
67	9	41	21	65	66	71	76	34	89
8	28	29	64	91	77	46	53	92	27
58	56	69	25	80	95	4	69	90	16
3	84	32	73	55	64	56	11	65	26
8	27	27	32	83	97	33	32	89	53
76	23	29	22	1	12	40	17	41	70
63	3	87	18	87	24	96	56	9	27
21	36	88	67	19	31	30	37	42	84
63	72	80	37	40	80	56	11	73	44
25	39	71	96	64	6	41	9	46	60
2	77	24	63	32	41	35	62	3	70
82	4	75	58	8	91	23	50	78	8
68	86	84	66	3	83	66	93	4	14
91	22	92	83	83	86	49	18	6	100
45	94	8	4	62	22	64	13	88	73
83	91	31	39	92	16	94	58	60	50
76	42	59	90	79	61	12	93	76	23
43	6	45	79	63	75	79	81	4	82
19	53	6	31	32	100	91	53	92	67
92	91	58	57	24	3	36	18	25	1
10	72	38	66	30	77	47	52	76	18
38	14	54	79	31	24	37	28	58	80
71	60	1	9	31	52	49	89	55	61
39	61	56	4	73	48	15	40	2	56
53	40	78	75	29	79	37	79	26	1
66	9	61	46	31	51	71	29	36	79
29	59	97	16	79	78	58	51	7	84
10	98	27	3	27	32	82	27	81	52
16	70	63	55	95	31	100	11	73	22
77	86	5	23	27	95	43	63	96	51
21	87	73	43	92	69	82	58	19	100
69	44	49	84	64	60	97	43	21	48
78	48	78	85	7	24	93	4	76	32
89	20	31	30	32	29	97	21	63	27
49	43	92	74	54	34	37	22	60	68
99	100	42	49	74	74	9	88	36	68
76	79	82	87	11	50	13	20	52	35
63	76	80	95	99	36	57	5	32	74
87	72	44	9	34	89	78	83	57	59
21	10	85	96	51	71	61	5	63	5
21	18	70	26	6	23	21	47	50	38
17	4	57	63	82	4	35	74	54	22
72	31	63	94	14	54	92	85	44	29
76	52	42	28	54	70	3	19	4	12
69	32	34	19	42	17	53	23	15	48
36	88	52	41	33	91	55	76	12	52
32	37	4	22	63	65	63	30	9	12
2	17	70	43	54	41	97	45	53	98
1	69	71	97	93	88	1	2	95	64
15	28	7	52	81	33	28	13	57	77
55	24	14	3	47	20	18	10	88	93
94	11	24	14	52	63	66	8	29	75
65	61	35	46	98	75	11	19	63	21
13	85	88	76	44	78	56	68	50	74
71	92	14	2	70	4	4	93	1	18
