5	100
25	37	42	29	50
36	6	46	43	5
21	49	50	11	2
1	22	25	5	50
23	15	4	16	44
5	31	35	21	2
12	44	22	6	11
4	18	20	16	28
5	2	28	21	9
6	23	25	38	8
37	39	12	7	47
11	34	26	36	46
5	21	25	42	44
28	27	44	1	48
34	3	10	28	45
21	37	33	8	38
33	6	47	14	15
24	32	15	9	50
21	42	35	21	23
34	28	37	28	31
30	29	25	40	24
35	29	35	13	27
25	1	18	48	14
49	24	12	27	20
47	12	35	2	28
42	18	40	5	11
44	1	6	28	9
4	32	8	40	31
45	48	3	33	25
20	24	38	7	24
11	16	10	8	35
18	44	23	12	33
18	40	30	2	34
24	45	41	39	10
17	17	22	47	26
50	9	3	27	8
18	30	33	31	1
28	42	49	44	41
10	10	46	8	13
5	18	1	50	1
25	33	49	48	7
44	45	13	33	35
10	42	46	4	15
38	8	49	1	7
33	47	48	48	50
8	21	15	35	21
32	8	4	27	34
35	31	36	24	8
34	29	16	9	32
19	15	43	43	26
48	19	1	44	18
28	36	2	48	50
24	30	29	12	4
2	38	20	21	30
7	23	25	44	23
5	31	40	16	31
43	29	23	9	24
13	8	11	9	6
50	30	38	25	34
4	1	5	6	31
31	46	22	14	19
25	45	7	21	14
47	47	36	17	7
45	8	20	38	41
44	28	12	16	30
28	35	1	11	20
4	27	34	36	50
48	7	9	41	50
19	2	40	45	9
4	44	22	18	39
47	31	18	15	37
4	35	6	34	42
41	44	46	1	11
21	13	1	17	9
39	49	30	39	22
43	38	17	8	27
34	13	34	22	23
23	9	20	49	47
14	2	26	50	9
26	6	39	34	38
41	44	5	9	1
49	2	29	43	45
16	18	49	7	8
28	11	25	29	38
12	44	3	20	46
38	23	31	30	47
37	50	34	20	36
40	8	25	21	25
22	30	27	4	32
47	3	19	42	32
15	32	11	47	27
48	42	36	14	14
26	22	50	47	9
17	35	30	21	19
20	37	4	4	16
32	17	49	39	49
35	5	39	49	33
6	39	37	44	39
49	23	12	8	50
1	31	31	45	16
