10	200
70	90	22	72	80	76	79	46	16	39
33	36	5	49	38	30	98	87	79	24
92	84	66	4	40	51	8	82	70	2
16	43	57	53	27	50	62	99	86	88
88	93	32	93	46	58	72	19	77	28
78	1	93	77	81	86	24	19	33	30
69	97	76	15	23	91	79	53	22	88
68	100	1	91	36	99	53	73	58	82
79	90	5	42	25	15	51	81	73	42
26	44	66	57	20	91	18	18	70	56
79	20	97	90	61	78	1	2	41	82
34	52	61	51	52	79	92	34	90	9
41	98	80	81	63	24	34	45	72	46
82	36	3	2	3	60	93	16	82	47
14	49	41	91	8	75	83	16	5	41
99	84	28	62	15	82	40	17	27	38
45	56	31	96	1	99	49	59	49	92
87	77	53	44	95	92	58	90	74	88
41	19	40	31	47	98	8	42	87	22
20	77	90	44	2	59	19	45	90	10
27	24	67	14	55	23	32	85	68	24
24	50	43	39	97	27	17	100	50	4
91	8	72	27	72	10	87	9	42	37
74	14	100	65	62	17	52	27	76	24
66	24	74	64	99	71	34	51	48	76
42	20	96	87	19	19	52	41	42	46
36	23	44	32	51	10	50	79	78	81
76	90	24	26	38	68	34	9	29	2
76	37	62	66	95	55	19	14	46	43
65	11	86	31	88	43	81	43	14	89
21	55	74	67	1	52	96	70	49	52
86	44	13	40	70	100	62	78	37	97
92	37	34	35	16	65	5	93	39	96
87	92	95	40	82	22	64	95	66	43
59	49	66	95	58	22	99	46	62	88
82	4	6	18	98	84	22	39	52	37
47	3	31	54	65	95	49	73	59	49
37	67	13	95	38	44	72	40	78	95
66	60	32	51	14	84	86	78	43	98
100	25	44	30	96	57	18	12	30	64
73	26	88	14	52	15	91	12	80	55
13	83	62	57	71	88	72	81	40	82
9	71	31	61	49	12	24	84	99	82
26	60	10	15	22	40	72	19	99	99
93	75	98	89	86	18	64	87	59	8
86	38	73	49	55	2	96	28	65	41
92	8	14	99	29	54	73	48	35	31
17	53	82	41	89	35	74	43	76	32
49	37	25	91	97	89	88	62	60	21
45	45	54	59	8	86	62	100	60	32
46	16	52	29	92	33	56	32	60	20
29	53	53	34	92	55	83	23	3	41
66	11	88	15	86	72	100	23	34	4
74	75	83	44	87	33	86	97	100	65
33	56	3	41	93	92	93	21	68	53
3	39	97	19	67	35	29	38	43	20
34	34	98	56	47	55	70	9	48	60
70	87	24	39	9	10	9	48	23	95
80	79	56	81	2	35	78	64	78	52
5	49	55	80	32	100	59	47	95	39
22	84	74	8	84	16	16	59	11	57
27	81	15	49	40	55	78	17	55	12
77	6	32	96	55	22	33	44	8	10
52	62	54	85	73	97	6	48	98	86
20	20	54	22	26	24	34	7	40	77
22	42	92	83	62	16	52	78	53	62
84	72	51	2	5	65	28	31	76	44
49	31	20	70	92	58	53	11	70	32
88	27	5	31	88	11	71	71	23	57
45	28	95	37	3	49	69	52	17	62
96	4	31	96	28	92	23	23	92	4
64	41	8	22	74	58	67	21	14	94
95	58	8	20	99	22	36	84	67	44
90	2	94	9	36	85	96	9	4	97
89	48	79	19	94	5	20	74	63	46
82	48	38	24	68	39	96	11	98	7
56	39	56	49	15	63	47	100	86	90
62	59	18	18	5	47	79	89	27	95
2	63	21	22	62	42	64	71	41	97
90	85	11	97	41	50	92	31	5	31
58	21	88	73	84	24	31	21	19	22
61	7	85	4	5	94	19	34	87	74
100	77	59	89	100	77	48	21	77	55
55	48	85	96	37	82	75	48	39	39
11	43	52	20	37	83	1	8	92	48
32	58	44	31	32	82	62	99	74	7
76	11	45	64	67	13	23	90	67	24
19	71	96	49	63	57	25	39	53	18
77	40	29	29	24	97	5	54	64	55
20	76	75	32	63	1	98	88	54	24
61	12	41	69	29	62	63	96	69	75
58	23	47	56	31	36	82	17	41	70
9	69	26	12	4	44	96	65	86	63
60	37	86	29	57	66	100	60	100	62
35	10	86	90	98	98	30	20	2	27
19	82	48	84	15	92	87	29	66	86
66	99	10	7	16	21	38	18	99	65
37	22	17	79	36	100	84	36	15	7
15	77	63	59	44	79	90	2	14	66
80	71	95	15	96	37	100	80	75	78
60	12	21	37	91	97	66	69	48	16
9	51	15	59	72	90	36	51	63	37
32	36	5	34	86	67	27	2	84	100
1	5	62	37	47	3	57	27	69	47
13	22	55	99	57	29	57	37	43	7
1	50	17	38	46	24	7	87	51	24
70	64	86	49	16	5	89	78	12	69
34	9	82	16	24	10	82	6	77	57
11	91	59	77	99	51	88	24	91	24
96	70	76	46	77	50	37	6	84	53
40	79	25	75	74	93	68	2	14	37
43	2	11	95	14	80	5	9	50	65
18	66	87	89	73	64	33	37	39	75
74	76	23	24	17	32	66	85	4	7
84	86	11	55	81	95	60	82	32	98
45	28	57	20	36	75	92	37	2	10
60	32	63	39	63	67	80	87	78	82
14	21	6	44	81	32	55	32	8	78
5	52	5	42	31	47	20	4	89	42
40	30	83	95	47	53	24	72	93	15
16	73	4	50	84	24	23	13	39	5
21	61	29	25	5	8	27	22	9	16
48	77	98	37	42	85	39	11	97	29
9	84	39	94	63	32	48	56	59	7
25	7	65	85	22	80	2	59	90	40
26	3	63	77	68	40	76	68	8	100
86	12	17	10	97	38	22	35	62	73
60	72	64	3	92	41	12	14	15	63
84	81	22	58	4	6	21	62	27	23
57	81	48	59	21	13	91	55	89	84
59	67	97	18	80	55	40	60	86	27
29	62	53	46	16	6	91	60	7	91
17	60	9	39	16	80	25	5	82	79
51	57	25	31	4	18	84	4	78	50
67	61	77	100	95	95	28	2	44	16
23	31	49	99	67	100	58	58	2	100
30	35	79	7	77	72	38	22	42	99
22	87	82	58	24	57	83	9	45	21
53	23	61	66	57	20	8	27	65	5
60	27	2	79	20	32	83	71	24	23
58	6	60	45	95	36	50	92	75	11
17	50	14	82	47	8	74	13	50	57
64	11	58	38	40	96	85	3	39	92
75	13	85	22	63	48	63	17	72	21
71	17	53	54	88	10	13	21	32	12
59	70	21	68	59	48	48	23	5	99
52	47	53	84	36	5	66	92	19	100
46	58	42	30	86	47	59	5	50	31
83	65	72	27	34	6	92	18	63	16
1	40	12	73	70	25	65	69	18	84
45	22	3	33	67	1	29	91	82	13
90	44	74	75	17	87	75	27	50	31
13	48	30	3	100	6	46	69	61	62
83	90	87	67	86	62	62	40	60	33
77	2	36	51	26	58	67	38	57	83
50	38	20	88	72	97	93	100	33	62
55	60	31	21	30	1	57	7	89	55
26	36	67	17	54	12	13	79	78	43
39	9	13	78	12	45	71	100	96	90
70	62	7	99	79	18	71	15	22	26
1	60	49	2	58	14	72	3	34	60
84	14	23	91	23	47	48	54	9	85
31	58	12	99	85	64	30	68	39	37
42	98	58	53	43	79	60	11	21	98
74	68	67	36	6	57	40	16	77	32
71	17	7	37	95	43	48	50	18	94
85	5	64	97	19	86	57	71	49	44
87	37	33	11	12	63	92	77	93	29
25	14	92	8	67	25	92	21	58	100
31	10	94	28	14	69	5	70	17	21
100	69	68	33	45	34	85	96	25	33
52	72	57	89	70	72	13	57	31	95
95	36	14	50	13	78	43	6	98	43
58	22	60	73	29	56	46	59	63	33
40	97	97	25	48	60	53	6	58	43
56	49	40	23	26	65	56	19	20	68
91	79	99	83	75	30	12	85	60	14
26	54	94	98	55	98	40	89	2	54
25	38	48	56	87	10	83	38	47	65
100	28	40	95	42	62	99	14	51	18
49	69	46	45	18	2	55	42	68	29
26	68	17	67	44	54	31	43	96	66
48	74	38	95	14	98	15	100	57	94
100	26	38	85	5	56	92	4	39	85
55	41	70	19	40	33	12	74	51	89
31	56	19	85	70	75	32	52	31	20
88	55	86	75	29	100	30	32	62	89
62	28	5	11	11	8	4	19	56	82
86	41	50	69	64	45	7	54	15	31
24	41	74	19	98	100	56	96	91	40
3	80	13	63	27	4	51	8	74	63
71	14	96	49	35	47	6	18	12	84
94	77	17	31	65	22	54	87	14	12
52	9	28	17	79	6	29	87	43	61
94	100	80	53	60	11	46	25	85	51
94	39	85	7	47	27	63	82	99	5
50	64	95	63	11	63	86	79	71	29
19	20	75	51	91	94	98	65	72	54
77	29	3	64	18	14	24	21	70	52
43	48	88	38	11	31	5	17	42	97
