20	200
16	12	12	9	10	7	1	10	12	10	6	9	14	16	20	16	17	15	5	11
3	2	11	12	8	14	8	3	17	15	2	19	9	4	3	12	4	6	10	13
11	16	19	13	5	11	11	2	13	4	19	7	15	6	18	14	2	1	2	17
20	18	13	17	9	7	20	11	14	9	12	12	5	12	20	7	4	18	8	17
3	7	11	14	17	15	4	4	6	10	11	4	5	13	14	13	4	2	5	18
12	20	9	5	13	7	2	3	6	12	10	5	13	5	14	14	8	20	1	14
3	16	5	4	18	8	8	13	18	7	4	3	14	10	5	4	18	6	1	10
13	2	18	15	20	7	11	20	19	1	6	5	1	11	15	16	16	5	7	6
20	10	5	19	8	8	12	4	20	11	16	2	19	12	2	2	19	10	5	12
17	9	14	18	2	20	2	3	15	10	8	14	20	16	10	3	17	19	7	12
16	8	20	8	6	4	6	10	9	14	18	6	20	16	9	12	17	8	17	9
7	9	9	11	3	2	3	4	2	19	5	20	3	14	16	9	9	6	12	19
14	12	14	2	12	3	15	4	7	19	7	10	2	18	5	7	20	9	6	5
1	2	9	10	10	19	3	7	20	1	3	11	16	19	16	16	15	8	20	1
8	20	17	3	13	15	18	5	9	9	10	1	1	8	19	13	4	4	12	14
1	8	4	7	17	16	14	4	3	10	13	13	10	5	17	1	5	6	18	15
1	18	18	11	12	3	11	9	20	4	12	11	16	7	1	20	16	11	7	18
2	14	3	20	17	17	12	16	11	18	8	19	7	18	13	3	11	13	16	15
6	6	4	20	19	2	17	3	5	17	6	15	19	20	13	8	16	19	14	15
12	15	18	3	16	14	5	18	14	18	10	3	15	13	13	17	10	3	2	16
1	9	12	15	13	13	20	7	5	6	8	13	20	2	3	11	8	2	5	5
17	19	10	7	8	3	20	7	8	17	18	13	18	19	14	4	4	4	11	3
14	18	14	9	11	17	4	14	10	2	9	9	19	17	20	2	19	5	7	10
14	14	19	8	8	15	16	2	8	20	7	5	12	2	12	19	6	1	16	11
19	7	17	7	9	10	15	1	19	13	5	20	18	1	10	1	19	6	2	17
2	3	6	10	15	5	17	18	5	1	16	19	9	16	12	8	17	13	20	19
1	15	3	16	16	8	7	12	13	12	1	1	20	20	10	16	1	7	12	4
13	17	17	19	17	6	11	2	10	3	4	7	6	3	17	8	1	11	15	8
18	6	6	14	1	16	20	9	7	16	7	11	2	17	7	4	19	4	19	10
18	6	3	10	9	14	16	17	4	3	16	11	13	5	6	7	12	3	19	2
7	2	16	14	16	14	5	9	17	13	10	18	12	6	10	13	4	16	6	7
20	3	6	5	20	17	19	18	11	20	12	16	6	18	3	16	11	9	14	15
10	7	1	11	13	19	19	8	15	14	4	17	18	13	2	5	17	11	15	20
16	8	19	18	2	14	13	15	3	15	2	16	2	11	18	14	3	15	12	2
18	11	4	17	17	15	19	13	16	19	20	20	14	15	20	2	8	3	10	20
7	4	5	20	13	8	16	7	15	9	2	2	20	13	3	5	4	2	1	7
15	20	20	4	16	2	2	8	11	16	6	20	6	12	16	14	7	4	5	9
20	12	19	8	17	18	1	2	13	16	18	6	3	3	5	7	5	2	5	11
6	8	16	19	3	3	17	8	17	9	19	1	18	13	7	3	1	12	7	19
2	1	15	16	18	1	18	3	8	9	9	5	20	15	3	13	17	20	6	15
1	13	5	4	18	18	9	10	17	2	7	13	15	6	9	6	14	1	2	3
6	15	1	9	20	14	1	4	10	15	7	2	7	13	19	10	16	12	18	1
13	8	7	6	3	17	11	15	6	18	20	16	19	4	9	7	12	17	5	5
18	5	1	2	15	5	7	2	8	20	11	3	4	1	11	19	9	16	6	4
4	7	19	13	16	12	4	4	5	12	18	19	7	14	3	8	7	5	11	18
10	9	7	7	7	17	13	18	14	11	18	17	11	1	1	12	7	9	7	4
2	4	18	16	3	12	16	10	19	3	12	5	6	9	14	16	20	12	6	19
20	6	11	14	15	1	9	6	13	12	2	19	18	7	16	7	11	11	5	16
2	3	20	11	20	14	12	3	8	6	12	15	3	8	5	17	13	5	2	2
4	10	18	7	2	13	7	19	13	8	5	9	8	11	17	17	7	20	14	1
10	6	19	7	20	7	17	10	3	20	14	7	10	3	12	12	6	13	10	8
8	14	11	1	2	3	7	12	12	8	10	14	11	1	12	19	12	11	7	15
17	17	16	13	14	19	20	5	20	6	12	14	11	7	14	17	15	19	6	17
1	5	19	16	11	1	16	9	12	14	1	15	6	15	12	11	18	19	7	3
4	2	13	6	16	17	4	4	8	16	4	14	5	11	15	12	19	20	3	14
3	11	14	6	5	18	8	16	16	4	19	17	12	4	14	19	12	13	1	15
17	13	2	17	10	8	11	16	20	20	12	18	17	14	20	13	9	7	2	19
9	9	8	4	17	8	2	2	17	17	1	6	20	8	17	11	10	18	17	18
7	13	16	17	12	1	20	18	4	1	10	5	12	3	7	9	5	18	20	3
6	9	20	4	20	7	19	9	18	10	4	12	11	5	12	17	13	12	13	16
8	5	18	17	7	16	15	17	2	9	6	13	18	14	12	19	14	13	18	5
2	12	1	14	18	19	15	8	12	10	16	14	6	4	15	2	12	3	17	4
13	2	7	10	4	11	14	17	13	14	4	1	15	8	14	16	4	4	19	9
2	8	6	12	13	13	8	14	20	10	7	11	16	14	13	1	5	12	11	7
5	18	15	19	7	16	19	18	11	19	19	8	4	8	3	6	17	15	17	12
4	1	18	4	7	13	6	1	15	14	12	13	14	13	4	4	13	7	5	18
14	10	4	1	12	20	7	8	11	8	4	11	15	19	3	5	20	12	13	15
10	19	3	17	8	6	14	12	4	19	13	10	10	20	18	14	17	18	12	8
7	18	11	8	11	1	18	15	10	20	4	2	15	11	8	16	7	8	13	6
6	15	4	13	15	14	1	16	2	9	9	3	20	6	8	13	8	16	7	7
9	20	3	5	15	11	15	19	12	3	8	10	6	6	2	12	14	19	13	17
1	2	14	1	12	2	2	10	4	16	8	12	2	6	17	6	13	20	18	5
20	2	4	20	2	19	18	15	4	16	19	10	3	10	7	8	7	2	14	14
9	6	16	17	15	16	9	1	9	16	20	15	2	9	18	19	19	15	19	13
4	8	7	8	17	19	9	12	19	10	20	11	7	4	16	14	7	7	5	7
11	18	6	8	17	4	9	15	13	8	10	12	4	1	10	2	19	9	1	17
7	17	2	19	16	9	9	18	13	4	13	12	10	13	3	7	3	19	12	13
10	15	20	11	1	8	8	6	14	15	16	19	7	9	20	14	16	7	12	8
16	11	2	9	16	18	3	11	19	4	20	1	17	8	7	13	18	11	19	8
2	4	5	19	9	15	5	1	14	9	11	16	7	4	18	19	13	11	16	3
6	18	8	11	16	15	2	19	2	7	17	6	9	5	7	13	7	4	1	1
14	2	18	11	13	4	14	14	11	8	1	8	15	16	3	5	16	14	4	14
14	7	19	7	12	6	7	3	18	5	13	10	10	16	10	4	20	17	19	12
2	8	8	14	6	9	11	14	2	3	17	13	20	8	8	7	3	11	19	7
17	12	17	7	16	12	18	20	6	19	5	20	16	13	13	6	19	5	1	3
16	14	1	15	9	20	10	3	9	4	1	9	19	12	15	10	12	2	19	15
12	11	8	3	19	18	18	8	15	2	8	18	10	16	12	4	11	2	18	17
3	16	12	3	19	16	1	5	18	3	14	18	7	7	12	5	7	19	17	12
3	2	9	7	16	3	19	3	20	12	20	10	4	2	13	16	20	6	5	3
17	13	11	12	8	10	12	4	5	8	18	12	6	7	15	1	8	6	7	16
18	19	6	7	3	5	15	5	15	16	6	1	15	15	15	10	12	17	20	6
12	16	19	12	15	9	5	18	8	13	9	15	19	9	5	18	8	4	10	4
16	7	9	9	3	17	18	11	12	6	9	12	6	2	5	2	1	14	13	15
20	18	18	3	8	12	3	6	10	17	2	8	8	16	10	6	7	11	10	18
11	14	6	3	4	18	9	17	5	4	18	14	12	15	4	19	10	7	1	12
14	13	2	15	4	1	5	11	12	20	16	10	5	15	5	6	12	15	19	11
4	7	1	7	20	9	16	14	12	11	16	20	10	19	5	19	13	11	20	4
14	18	6	6	8	8	10	18	10	19	8	15	9	11	8	8	12	16	16	15
5	12	19	1	4	16	1	6	11	7	14	1	16	15	18	6	1	16	19	12
19	19	4	14	4	2	12	20	11	17	7	18	16	5	20	3	20	5	3	13
8	4	8	4	5	7	19	14	13	3	7	17	17	5	16	7	8	6	17	2
4	1	16	14	20	17	6	11	16	16	6	17	13	6	4	16	11	1	9	18
3	19	7	8	11	11	1	11	9	13	15	15	8	1	9	7	9	15	4	9
1	8	18	18	18	11	4	12	1	1	16	8	17	20	19	6	15	8	4	10
17	16	3	3	1	12	9	12	18	17	8	17	17	20	17	15	1	9	11	20
7	10	10	9	18	8	18	9	3	3	13	1	11	14	13	6	6	16	18	7
2	12	14	5	14	19	11	17	3	4	6	7	18	4	3	8	6	15	6	14
14	1	10	15	5	7	6	4	8	12	10	6	12	5	18	15	16	6	15	19
17	2	7	19	18	7	4	8	11	6	1	12	10	4	14	2	3	20	20	7
14	8	10	11	15	1	15	14	6	8	12	20	20	7	18	13	15	12	17	19
4	19	13	2	12	19	16	8	12	17	13	16	6	9	6	9	12	16	5	18
12	11	2	3	14	1	12	4	7	2	8	11	3	2	3	15	16	8	20	16
6	8	2	10	16	16	15	12	2	9	1	19	8	20	7	14	18	10	9	11
7	13	1	11	9	3	14	5	6	11	14	4	16	9	13	4	9	12	8	18
7	20	2	19	1	9	4	4	15	9	18	6	20	9	9	13	8	12	2	14
3	10	7	12	15	18	4	20	8	4	6	6	2	11	5	8	11	2	10	20
19	10	10	17	14	9	4	7	20	20	17	17	11	15	16	17	14	11	5	4
6	5	16	12	4	12	4	10	5	2	3	6	2	2	15	13	20	11	18	7
14	17	1	8	7	9	15	8	15	8	14	1	18	7	14	15	15	19	13	2
5	15	3	18	18	12	15	9	1	3	17	4	13	19	11	10	5	8	6	15
17	17	15	17	9	2	8	16	8	1	19	2	18	17	2	20	15	3	11	15
15	7	8	13	12	11	9	20	17	5	11	7	14	19	5	8	20	6	10	16
4	20	2	1	5	16	7	16	17	11	15	2	18	11	1	11	10	3	6	18
14	9	19	3	10	13	8	19	13	14	20	9	14	16	12	15	5	7	9	16
5	13	3	6	11	9	9	4	19	14	19	17	1	12	3	16	1	19	11	12
8	8	4	3	12	7	9	3	20	6	7	3	15	10	14	2	6	14	13	2
4	5	1	19	16	3	8	2	13	16	14	7	17	17	9	17	9	20	15	4
1	7	5	13	8	16	3	12	19	2	10	8	6	9	8	3	8	6	8	9
19	7	10	4	13	20	7	19	1	18	13	7	19	10	1	18	1	8	11	20
1	17	4	12	7	6	1	8	9	6	9	4	13	6	5	15	18	1	1	9
10	5	11	2	9	4	10	17	9	11	3	20	15	8	9	3	3	18	17	7
19	19	10	16	9	9	14	13	5	7	20	20	8	3	11	17	6	3	3	4
17	5	20	18	4	10	9	5	18	3	12	1	5	14	10	11	15	16	14	1
10	17	12	2	12	3	12	13	18	12	18	1	15	14	11	14	20	12	12	19
1	9	15	3	16	20	16	15	14	20	2	11	10	3	14	1	14	19	7	1
18	17	8	7	5	11	6	12	4	16	12	4	4	15	20	1	2	10	6	13
8	18	19	19	11	8	12	12	20	10	1	1	6	12	2	4	2	9	18	6
14	5	12	18	8	19	7	15	3	14	19	5	14	15	14	20	18	9	16	18
19	14	12	14	15	12	18	13	13	17	20	13	12	20	19	3	7	2	12	12
1	17	9	7	11	17	8	11	18	3	6	14	14	20	8	1	13	18	3	16
1	14	3	7	15	7	13	14	17	11	14	17	17	4	18	2	5	6	3	19
4	7	16	11	11	6	20	12	13	19	11	9	19	16	12	8	15	3	13	5
4	15	15	7	10	10	17	10	3	6	16	7	16	5	13	14	19	12	16	9
8	2	1	18	1	5	18	2	13	10	7	3	14	18	15	10	12	9	2	2
9	10	10	7	3	4	14	15	4	18	9	3	8	4	18	3	14	17	6	5
12	16	17	13	19	14	14	18	10	3	2	10	11	14	20	18	12	14	16	18
11	3	18	16	1	5	16	11	1	13	17	15	3	17	10	14	13	17	9	9
11	16	6	2	16	20	13	14	4	20	11	20	2	9	14	10	18	2	13	15
19	3	17	17	6	8	7	15	5	7	5	16	6	7	7	16	17	17	20	2
13	2	7	2	2	18	14	15	3	1	16	12	5	15	11	8	19	9	16	9
13	18	10	18	16	16	14	16	2	19	13	1	2	11	2	17	17	16	16	9
14	13	12	4	11	14	12	12	17	20	17	9	2	12	10	15	13	9	6	7
4	19	13	5	9	16	10	14	13	14	12	3	14	8	15	20	7	6	8	3
4	3	19	3	3	4	20	11	2	8	4	8	10	10	5	16	1	8	15	16
4	18	19	3	9	14	16	15	17	10	8	7	2	4	3	2	20	10	2	6
16	20	13	5	10	4	13	5	3	20	20	20	12	13	19	6	4	17	15	9
9	5	14	12	20	17	7	7	7	3	16	11	6	10	20	5	6	15	13	6
1	12	12	18	11	9	16	9	6	18	19	4	16	14	17	11	6	1	5	14
17	7	18	1	4	9	14	3	13	15	1	10	4	10	9	18	14	17	2	12
2	19	1	10	5	13	16	13	13	9	19	5	10	20	9	14	14	12	14	2
15	14	17	11	17	10	20	7	5	20	18	10	20	14	12	19	7	9	16	11
14	1	10	4	17	17	20	5	1	15	5	2	3	1	17	9	3	10	13	16
14	10	8	14	12	9	6	16	9	11	8	5	16	4	8	14	4	13	15	1
10	15	6	11	15	17	8	19	17	3	17	17	17	1	18	5	14	16	13	8
11	4	17	10	8	20	6	19	13	3	5	11	16	13	6	19	4	18	20	16
1	7	20	6	15	12	8	16	7	3	1	9	20	7	10	6	19	16	3	15
11	10	7	15	19	6	2	5	16	19	2	16	17	18	8	5	5	12	16	17
13	11	13	11	2	17	11	9	3	20	1	9	15	5	5	12	1	5	7	9
10	4	1	9	2	6	12	2	20	5	2	8	1	7	3	20	17	17	13	2
16	13	2	16	18	14	1	13	14	16	5	1	5	7	7	9	11	5	9	17
6	10	10	19	19	14	8	9	2	5	15	5	12	6	14	18	3	5	11	9
5	20	9	4	20	2	3	14	1	15	10	13	8	17	17	6	3	4	17	5
6	13	11	9	2	1	9	19	14	9	7	6	15	1	12	6	2	7	19	18
11	15	8	8	16	3	17	16	10	8	16	19	9	6	3	13	9	1	2	20
13	5	20	12	8	5	18	8	5	11	5	16	6	20	15	11	5	4	13	19
5	13	10	6	14	8	18	9	18	20	18	2	5	19	5	6	15	16	20	12
5	10	11	20	4	20	14	9	12	13	8	6	8	4	16	20	16	15	19	1
7	10	10	6	13	4	12	7	15	9	17	9	4	2	14	15	3	11	2	14
14	9	17	6	12	13	15	2	4	5	11	20	18	20	5	16	20	5	7	1
9	8	15	4	17	20	2	6	10	1	18	5	13	5	7	19	13	5	15	1
9	11	3	10	18	17	12	5	18	19	16	18	4	1	6	7	15	14	9	13
11	9	12	3	8	6	8	13	13	6	3	15	11	6	12	18	5	5	6	20
8	17	8	12	6	20	2	12	19	20	5	20	16	3	10	1	20	1	3	12
10	19	12	12	17	2	7	19	10	9	3	10	8	10	5	15	1	20	18	8
5	16	14	14	2	4	19	9	16	12	19	5	3	14	11	10	5	17	15	4
14	3	3	11	18	16	12	7	18	16	20	20	3	15	7	15	5	19	11	14
3	19	3	18	10	19	7	15	19	15	10	5	5	14	15	3	13	4	17	7
12	12	11	1	12	20	3	8	7	17	5	7	6	2	2	15	20	5	2	19
9	18	9	4	7	16	15	9	1	5	2	2	3	5	2	12	8	3	7	11
17	19	8	2	11	4	19	4	13	20	3	8	2	18	18	15	3	8	14	17
6	14	8	3	15	3	5	2	1	11	8	18	19	12	3	10	11	7	13	4
17	12	16	1	3	15	20	5	7	7	9	20	9	10	6	3	11	6	7	8
20	18	3	3	13	5	9	11	16	8	5	17	15	11	1	14	19	8	20	1
4	20	15	14	3	8	9	10	6	1	19	5	1	6	4	20	9	14	8	18
6	9	10	20	3	13	6	18	10	12	4	4	6	7	5	20	3	10	1	6
17	20	5	15	9	20	16	10	8	1	6	6	1	2	16	15	10	16	12	11
3	12	20	15	17	16	20	14	2	5	17	19	13	2	2	6	4	15	11	3
17	16	11	9	6	19	4	4	11	10	10	8	19	11	4	5	1	11	19	13
1	3	8	3	5	7	13	19	1	11	11	16	5	9	14	7	1	12	10	19
13	16	3	12	15	9	1	3	19	17	5	14	17	18	3	15	8	8	4	19
