10	100
81	35	81	73	2	97	85	25	55	67
12	10	65	75	18	96	71	8	36	71
56	74	92	76	100	29	75	15	87	98
21	82	76	24	33	21	74	48	37	72
92	78	81	8	14	42	34	47	45	71
50	42	2	32	86	8	44	5	74	74
22	70	39	58	47	31	35	41	42	97
22	24	72	65	79	78	94	85	62	58
95	29	70	16	49	80	80	45	39	26
78	70	75	63	51	23	40	23	61	84
8	94	5	49	50	26	71	38	53	8
14	60	43	16	79	93	100	24	10	68
51	91	2	17	20	53	50	9	15	57
39	71	24	79	51	2	25	22	66	23
9	43	92	32	12	18	27	59	85	58
23	16	14	94	34	18	92	89	29	97
77	63	23	97	69	44	37	65	65	78
69	78	58	87	59	8	99	71	5	2
26	91	24	58	34	23	57	30	45	34
10	36	94	70	46	47	21	95	63	69
82	62	94	8	89	45	59	28	36	26
19	22	85	27	72	86	39	66	64	47
87	7	20	32	68	33	85	89	41	12
88	5	8	36	21	64	98	17	69	89
65	30	95	19	16	88	52	67	99	60
9	56	32	17	82	76	42	63	40	57
61	71	87	24	39	14	15	49	7	8
89	23	97	75	83	58	12	1	17	81
81	19	90	82	4	32	74	91	54	45
22	36	77	13	29	94	44	72	81	2
74	3	60	92	71	87	59	57	35	25
64	42	46	60	76	42	81	5	21	8
41	24	96	62	86	54	46	85	47	89
14	41	21	15	7	78	59	99	11	17
74	18	57	30	82	81	90	17	38	87
13	39	51	74	62	50	8	99	6	18
41	75	11	46	11	24	21	32	53	98
84	82	95	4	34	24	68	66	81	5
65	30	48	60	76	76	90	48	53	58
71	61	94	94	77	99	7	11	19	58
61	58	64	40	4	32	45	48	40	39
83	43	19	2	54	11	28	51	71	35
34	73	79	96	28	24	89	2	27	35
17	57	47	23	44	7	66	8	57	45
32	43	9	14	76	28	42	92	41	66
72	56	41	84	25	89	79	69	13	80
43	43	21	5	23	26	96	96	59	47
46	20	95	26	4	91	64	65	21	100
82	98	62	61	64	61	17	63	98	56
28	97	95	77	3	89	23	5	92	50
33	47	34	94	21	52	62	15	81	34
25	14	49	13	99	45	82	60	42	62
10	33	98	4	19	49	26	19	24	15
69	60	74	72	68	36	65	68	41	12
100	2	83	64	31	14	49	82	78	58
8	63	63	30	40	100	49	31	75	73
27	43	92	66	66	65	41	78	46	64
81	15	20	30	63	9	50	34	73	5
100	44	41	66	8	6	97	44	32	68
87	34	93	69	85	57	10	18	99	66
74	72	37	15	77	94	44	33	67	31
51	15	58	71	73	84	3	26	58	61
69	97	46	79	77	48	22	52	46	7
100	33	36	8	32	29	8	26	90	15
63	64	77	2	18	72	77	23	97	2
54	84	60	38	98	77	26	58	38	30
72	92	88	61	32	18	79	51	39	44
77	77	37	43	99	5	20	45	62	6
72	99	56	44	53	16	73	98	10	56
4	50	89	61	44	71	77	17	70	100
93	26	85	53	26	78	48	18	40	94
57	82	96	33	59	73	37	45	8	17
46	82	42	84	41	27	89	77	100	29
29	4	75	63	13	46	15	3	19	76
68	55	59	17	99	22	54	57	2	71
34	32	9	54	55	12	85	1	13	100
89	72	19	12	66	53	8	34	20	13
59	35	27	33	49	91	23	25	85	19
73	33	75	29	95	97	96	21	9	1
62	14	91	19	88	96	37	47	52	47
14	20	37	90	13	100	6	77	5	64
90	60	17	94	27	57	98	90	17	69
58	87	26	19	52	45	44	8	46	54
54	76	74	39	6	53	96	85	17	96
91	20	17	45	12	3	98	97	93	31
99	47	30	83	89	28	95	18	39	69
56	99	31	52	10	14	86	79	89	74
61	13	74	22	79	38	71	82	7	49
48	48	15	15	56	8	46	92	50	78
59	79	47	48	40	92	89	65	35	99
17	20	9	19	71	86	73	9	5	51
57	14	11	90	22	9	85	17	97	3
68	95	29	11	16	83	66	27	82	87
50	6	47	9	33	28	39	97	44	70
35	38	88	99	22	46	68	58	27	32
8	72	69	32	32	23	91	98	3	89
21	47	27	18	2	51	67	3	57	94
70	88	73	27	69	30	8	30	90	71
16	9	100	50	79	78	38	16	77	11
38	42	94	56	50	88	12	70	98	71
