2	100
44	4
14	41
43	52
47	76
88	96
97	9
56	87
72	76
80	78
94	29
78	45
24	14
90	61
1	16
70	27
1	1
89	56
26	91
69	30
23	86
3	26
16	87
32	44
18	14
4	56
3	86
54	30
12	100
81	1
52	82
52	31
7	62
96	96
21	100
61	81
8	51
55	9
26	53
29	37
82	47
44	87
12	14
24	15
47	59
45	27
11	68
78	42
34	72
19	55
92	37
23	18
54	24
49	53
31	45
4	59
72	44
20	5
39	65
19	93
39	81
50	63
56	34
71	40
73	14
76	55
35	74
46	46
25	26
34	89
66	71
84	2
55	87
56	67
49	74
3	70
53	27
17	11
87	60
63	20
53	9
81	18
70	50
24	98
99	75
81	13
31	31
28	68
97	48
8	69
79	4
92	100
11	6
2	8
58	35
59	65
63	15
37	57
91	67
32	6
63	59
