20	50
1	4	7	18	18	20	20	9	4	4	2	4	13	9	17	12	5	12	5	15
14	16	20	5	5	13	7	13	17	18	18	13	8	1	17	15	17	4	4	14
10	15	16	13	9	1	19	6	11	16	19	11	2	14	8	6	4	2	13	6
13	7	12	6	7	10	16	13	13	2	16	1	9	12	5	19	1	7	16	5
14	2	2	2	20	7	11	14	13	11	11	15	11	19	1	3	4	10	7	20
5	7	13	9	20	18	3	11	10	9	6	17	6	8	12	12	5	10	7	20
19	3	20	2	11	1	10	11	11	3	16	12	1	17	1	8	9	13	2	2
5	1	5	4	6	15	9	3	7	10	18	14	3	7	1	2	7	12	18	19
8	13	1	7	14	15	16	10	8	4	3	12	9	5	16	19	18	17	17	17
13	7	4	1	5	2	9	15	16	19	2	18	15	3	14	13	1	18	10	11
19	19	16	4	7	6	6	18	11	3	4	11	15	2	7	1	10	20	3	13
7	2	15	9	3	6	18	6	11	4	19	1	7	7	19	14	12	20	15	19
17	11	4	13	16	11	3	14	17	13	4	1	15	18	5	18	5	8	1	1
9	1	8	8	5	4	4	9	3	13	10	10	6	5	16	16	18	2	13	12
3	4	9	18	20	18	6	9	2	2	10	5	20	14	10	17	4	17	8	13
8	15	11	4	4	14	16	11	3	9	20	3	15	9	18	6	12	10	8	8
18	15	7	2	4	6	11	13	16	20	12	2	15	1	5	9	13	6	15	7
2	16	7	14	2	7	11	11	16	4	5	15	9	1	15	13	8	9	20	19
4	4	16	3	17	19	9	14	5	10	13	7	15	2	6	3	9	14	1	18
15	1	17	12	15	18	14	14	7	12	1	5	6	17	3	19	1	5	17	4
19	17	6	6	12	19	20	7	16	13	5	15	9	3	4	4	7	4	8	20
5	15	8	14	9	9	1	19	20	7	3	4	18	17	19	18	15	11	20	17
18	7	19	15	8	6	16	3	14	19	12	17	17	17	19	4	10	13	18	4
18	2	8	9	10	1	18	12	5	6	10	16	4	12	2	19	17	14	6	3
13	19	5	1	15	7	8	1	19	15	9	3	14	17	19	16	20	10	5	7
9	4	19	9	10	17	13	6	16	1	8	17	7	15	11	20	18	7	14	4
14	18	14	10	18	7	2	8	13	7	20	7	9	20	15	9	1	17	12	19
14	2	6	18	8	12	17	20	7	20	19	13	16	1	14	12	11	9	11	3
15	6	13	9	2	1	8	7	20	2	20	1	16	15	10	12	13	17	2	6
11	3	2	14	8	7	11	8	7	4	19	12	6	9	5	9	9	17	17	7
4	10	20	5	1	19	18	2	12	2	20	15	8	6	13	13	5	20	2	15
10	1	1	17	3	8	15	7	11	2	4	16	20	15	2	2	3	17	13	10
10	10	17	6	5	5	5	1	17	13	5	9	16	2	18	4	9	4	2	13
4	11	11	11	18	4	15	13	5	12	11	8	7	12	6	1	4	16	13	18
4	15	11	19	17	15	1	19	18	18	13	19	15	1	6	19	19	7	8	1
11	12	17	6	3	17	2	4	16	18	1	14	12	4	9	10	1	13	14	4
4	17	15	7	19	12	14	7	7	8	2	17	9	12	8	12	19	6	16	20
13	18	3	1	18	20	8	11	13	17	19	7	14	4	18	15	18	10	7	11
4	16	18	9	16	4	6	20	17	17	12	15	17	14	11	7	15	14	10	20
5	3	15	10	10	15	4	5	15	14	15	9	20	6	17	17	20	14	5	14
14	8	15	16	6	4	10	20	13	12	1	4	1	7	7	1	2	8	20	1
20	1	6	4	2	3	16	12	17	15	7	1	9	16	6	17	9	19	5	6
6	5	12	3	14	11	9	13	19	17	16	13	15	5	15	14	3	12	14	4
8	18	3	19	6	20	16	5	1	10	12	3	3	14	16	16	10	3	10	12
14	3	14	1	19	14	7	5	2	13	15	18	6	2	19	8	2	13	18	14
16	4	12	9	6	13	11	1	9	19	4	20	2	3	10	5	5	3	1	13
14	11	4	9	16	14	18	2	16	8	14	17	6	17	16	10	12	5	16	6
4	6	17	3	9	15	17	3	12	14	3	20	13	6	1	6	1	4	13	12
16	10	6	1	6	7	15	6	7	20	14	20	8	15	9	9	15	2	20	1
17	15	10	3	5	15	5	1	16	11	10	8	12	4	11	15	20	16	18	2
