20	200
14	3	39	33	7	33	30	46	4	27	34	10	30	26	41	16	3	25	31	1
17	30	3	24	8	40	39	49	43	50	12	29	6	2	27	39	20	10	20	10
26	34	15	12	30	21	31	41	7	5	11	41	1	6	44	35	50	16	26	17
45	32	4	4	16	6	5	29	50	3	46	44	5	21	26	33	16	42	45	37
10	49	42	38	39	21	28	50	8	43	39	5	34	4	16	45	30	11	46	24
17	3	41	5	9	18	36	30	31	11	19	9	21	40	8	47	40	17	16	45
28	5	21	8	14	42	10	2	6	31	4	5	46	21	20	7	8	38	30	22
35	48	20	47	24	30	35	45	46	19	5	14	46	1	47	12	32	33	41	18
8	34	25	50	8	14	14	1	20	1	39	3	37	44	11	30	35	25	35	34
7	16	6	37	26	40	10	45	25	8	25	26	47	12	15	1	24	21	40	10
17	34	26	46	31	3	27	2	41	18	28	8	48	7	11	43	29	39	24	18
5	20	27	12	26	14	6	26	30	10	7	15	35	26	18	24	41	11	7	24
14	9	4	8	31	17	28	40	1	23	23	36	47	22	6	47	8	14	20	17
47	1	23	32	11	13	23	23	39	38	2	18	32	1	5	47	16	19	31	10
36	17	25	7	37	21	19	14	21	22	16	27	42	40	27	13	36	22	47	19
45	6	1	14	21	5	4	46	18	9	31	39	33	11	32	31	27	16	45	41
45	10	2	18	23	26	27	42	25	42	11	44	23	13	16	30	16	12	37	33
17	23	47	12	41	27	44	31	8	46	37	20	28	6	24	35	4	33	41	46
29	12	22	26	49	37	17	21	46	2	16	15	30	13	24	23	13	41	28	47
32	46	34	29	6	42	17	17	39	31	26	33	21	41	4	5	1	21	14	4
11	24	36	7	31	22	40	15	33	2	22	14	5	45	14	33	29	43	21	8
21	50	32	15	26	33	44	40	9	19	22	43	28	25	37	9	11	28	49	34
2	2	35	37	9	13	29	27	27	22	27	9	1	7	33	11	42	21	31	49
28	1	7	15	31	30	36	31	9	6	23	1	44	37	6	19	15	46	7	14
5	18	13	38	42	14	42	22	42	26	18	40	48	1	6	2	46	20	7	29
27	48	19	22	50	27	15	15	1	15	47	46	15	17	45	11	38	20	24	18
39	15	39	34	39	33	3	44	31	5	24	46	39	28	37	7	50	42	38	15
49	27	21	28	30	22	26	31	7	46	14	27	47	40	41	12	9	36	34	17
25	21	34	47	41	2	8	37	31	38	12	47	32	9	19	13	45	12	5	17
8	22	38	36	41	47	49	50	38	25	48	15	9	22	41	29	43	24	37	28
14	39	1	19	34	17	46	39	21	29	18	48	32	17	10	3	34	49	6	45
3	8	50	6	40	48	39	10	18	41	20	21	26	27	3	20	22	19	2	25
2	11	29	10	8	1	33	42	13	39	45	45	19	43	26	7	39	45	29	37
29	36	21	31	9	47	22	6	14	40	31	16	47	32	43	43	30	41	49	40
15	47	48	30	46	26	3	33	1	47	31	27	40	16	46	17	40	49	1	11
29	28	29	23	8	30	48	37	1	33	27	49	47	40	22	32	38	41	35	34
45	39	5	17	9	5	26	32	36	26	3	31	40	38	11	37	19	25	23	17
28	17	33	19	20	33	30	50	44	15	29	50	15	18	16	40	24	12	14	3
4	17	1	25	30	47	9	9	29	36	14	14	19	18	6	29	7	36	47	27
26	27	38	22	48	4	17	23	22	22	13	7	11	20	14	12	16	9	40	24
24	21	22	9	1	16	32	47	12	38	34	39	16	38	28	28	30	29	28	26
31	37	37	8	24	8	3	49	5	45	13	48	46	24	3	5	5	30	21	32
23	20	11	35	38	24	42	24	43	36	33	37	32	14	43	37	34	14	36	44
14	34	42	18	26	36	43	42	35	24	23	50	8	46	4	11	27	3	20	50
17	29	7	19	13	26	17	33	31	16	21	41	45	28	19	40	28	44	10	3
32	50	39	19	14	33	29	36	11	33	11	32	45	36	28	35	27	23	6	50
20	11	11	20	3	32	6	31	28	14	33	34	44	18	19	17	41	38	6	30
48	31	22	49	6	40	47	9	1	34	13	5	38	11	33	21	39	20	17	32
27	49	8	47	50	28	38	28	18	11	44	40	18	26	3	39	39	13	14	14
36	48	30	44	2	28	46	34	35	48	28	22	22	25	4	49	23	25	49	29
3	19	41	41	40	23	38	13	8	45	32	27	6	3	47	30	20	14	46	22
32	5	44	21	34	23	19	44	23	4	16	14	14	36	12	17	7	40	5	29
40	33	26	41	16	2	17	19	29	24	30	9	30	27	47	48	26	20	8	18
5	45	41	5	29	19	13	20	42	30	23	30	10	17	32	50	29	3	6	32
6	1	15	49	25	8	35	38	40	14	42	37	33	37	25	46	43	22	13	48
39	48	27	49	2	50	49	13	45	48	20	23	15	26	13	4	30	43	30	22
34	26	30	29	38	36	48	24	43	37	7	8	41	8	44	9	24	17	48	26
9	23	43	43	44	19	23	8	25	21	16	50	42	42	14	14	18	49	11	16
2	26	21	9	41	13	32	7	32	4	31	14	46	5	14	12	33	38	35	19
14	41	50	22	22	8	16	50	45	30	42	25	6	32	24	33	2	35	2	32
38	16	26	21	41	2	5	38	28	3	31	30	14	42	3	12	27	49	37	34
47	33	13	3	12	6	9	14	31	31	10	49	36	4	32	48	16	29	31	20
3	29	22	42	50	13	11	14	29	13	7	3	48	19	35	6	3	24	9	36
44	42	7	48	43	32	44	11	11	5	46	48	18	18	32	19	11	22	3	50
45	45	36	19	25	7	2	17	19	27	46	43	20	46	26	11	23	25	49	18
19	1	4	24	17	9	35	31	38	17	45	32	21	10	41	50	7	38	24	37
31	27	43	34	10	4	29	22	42	21	46	36	23	36	32	45	42	12	2	16
22	22	30	3	32	14	22	11	6	27	5	35	2	13	38	42	9	20	14	14
31	14	39	18	21	10	10	36	28	47	8	45	37	8	15	10	48	40	3	47
33	18	17	15	16	12	35	10	48	40	36	23	48	39	35	9	33	12	32	23
5	37	33	9	20	11	48	44	49	29	45	19	17	18	32	13	47	24	2	10
25	50	38	39	11	36	48	49	24	6	27	36	8	31	43	47	36	8	46	6
14	42	12	20	45	18	6	31	7	23	13	9	10	23	48	5	49	44	49	34
13	50	21	43	2	10	11	37	26	36	27	39	29	47	46	34	38	18	44	44
31	17	42	1	44	18	26	35	33	38	48	43	10	12	43	15	22	20	19	36
7	19	6	22	46	24	31	14	28	15	18	31	1	5	4	47	8	20	50	34
34	26	5	38	38	35	29	17	5	31	13	19	50	8	37	13	12	20	6	20
38	13	8	19	20	18	42	5	9	47	8	2	21	35	2	31	14	18	35	11
46	15	9	47	3	50	32	43	19	42	35	38	14	30	47	22	19	37	18	21
43	25	8	9	24	11	49	15	7	7	49	44	36	45	25	23	4	11	17	21
36	50	37	18	12	21	39	41	39	30	13	28	50	14	18	21	8	1	24	42
1	17	36	12	44	41	2	19	6	25	19	8	21	47	35	44	38	41	47	4
23	9	27	27	45	21	45	22	28	4	16	3	37	25	21	20	14	26	24	21
19	20	35	15	12	5	8	3	30	25	34	17	5	21	20	43	41	10	18	23
47	31	42	2	9	17	22	46	27	16	30	13	17	27	35	3	24	13	15	41
14	42	43	3	20	49	49	17	5	28	29	4	8	2	24	38	28	34	6	45
34	12	26	14	46	22	50	29	36	17	20	29	45	28	10	6	39	40	33	11
19	5	42	50	37	26	5	16	3	48	26	40	8	21	8	2	16	29	8	48
49	21	31	38	9	1	10	31	42	19	50	39	2	46	27	29	21	27	28	21
18	35	26	39	42	30	22	25	21	9	41	11	32	35	12	49	24	4	42	36
17	24	24	34	48	38	39	12	45	29	31	39	1	38	31	15	45	43	47	29
30	35	11	34	29	40	7	17	34	28	5	18	36	42	4	44	12	43	41	5
41	10	31	42	28	2	10	45	4	47	5	31	7	13	7	32	14	40	5	9
31	23	29	17	24	14	3	10	34	38	4	2	3	43	38	21	5	19	7	28
30	12	14	37	24	24	12	24	36	23	30	22	38	32	24	19	31	15	18	15
49	1	12	17	44	3	29	14	25	36	28	45	34	28	29	19	10	42	43	1
3	30	24	11	8	32	15	21	20	20	40	41	2	43	29	30	1	47	43	22
46	48	49	50	46	35	39	10	4	5	10	40	22	18	13	19	27	1	10	12
39	9	45	6	46	37	44	41	50	50	19	13	49	22	6	5	32	24	16	23
44	5	18	15	10	1	19	35	31	10	4	50	38	32	33	37	3	43	5	9
42	48	11	5	36	47	41	1	13	8	38	3	36	37	19	35	41	31	46	46
18	10	11	40	47	19	26	18	39	19	3	39	20	7	31	46	44	14	29	14
10	19	22	23	23	1	15	1	13	49	46	23	48	9	42	33	38	22	9	18
22	24	12	44	5	49	34	29	6	23	42	28	2	33	36	50	38	39	17	46
5	25	6	41	23	31	42	11	16	49	9	22	6	12	42	37	7	29	18	25
17	36	45	40	8	19	22	15	24	42	45	49	5	13	13	47	19	22	22	25
8	23	14	8	15	20	23	40	41	50	43	10	21	43	30	19	31	16	34	5
9	27	38	24	4	10	18	43	49	46	19	36	7	44	18	44	23	38	26	38
46	32	25	25	50	36	29	13	34	45	17	3	39	18	16	31	36	40	4	5
3	30	41	46	32	8	3	28	26	36	47	43	41	46	9	28	3	14	25	19
31	6	10	5	30	16	47	40	28	37	8	33	35	21	36	17	42	30	43	43
33	2	37	48	49	24	13	44	9	39	28	23	16	35	24	48	20	37	16	16
11	14	50	39	28	14	9	20	10	43	36	24	21	32	36	30	19	13	7	6
3	4	31	39	9	36	17	50	47	39	47	6	14	28	32	20	3	48	21	35
15	43	34	17	3	5	3	34	49	45	29	8	30	11	13	8	33	11	31	43
48	9	24	22	47	31	11	44	1	17	27	22	42	23	41	11	20	15	37	5
34	33	1	2	10	39	26	4	15	24	37	42	18	29	37	6	20	13	20	22
45	10	34	32	19	8	16	8	20	3	39	19	25	27	10	16	9	22	12	8
5	7	30	28	31	36	5	14	37	36	42	8	45	15	10	24	50	19	34	3
23	19	35	12	36	18	17	42	20	22	48	48	1	12	17	38	30	7	2	33
3	3	22	34	11	31	24	11	17	36	17	40	38	9	36	37	23	18	42	13
19	14	45	15	38	45	7	33	48	22	45	44	18	2	1	21	48	1	2	5
45	7	25	35	6	9	10	43	27	31	16	13	15	39	15	40	9	7	47	17
25	41	13	45	42	24	22	37	9	16	39	23	17	37	19	12	39	11	10	29
35	15	7	17	7	32	29	30	37	11	12	42	4	35	31	4	45	31	44	33
37	23	34	12	42	43	47	29	20	3	2	49	47	18	33	10	35	46	38	10
45	43	1	49	4	48	19	33	6	15	18	9	18	28	43	13	31	46	26	14
35	1	10	35	10	14	45	36	2	22	20	49	43	34	38	44	23	36	9	45
24	15	23	6	35	43	31	20	26	21	29	40	21	24	25	45	34	16	39	40
3	33	31	35	45	20	16	34	40	49	40	46	37	31	41	21	28	5	50	17
33	26	11	32	43	31	28	19	9	43	11	7	47	19	42	41	35	38	11	16
27	48	30	27	31	34	3	41	34	5	17	30	16	23	7	28	23	49	42	15
42	48	26	47	39	33	49	19	39	50	37	40	44	35	40	36	46	35	2	10
29	38	35	4	26	31	41	25	13	15	19	36	46	46	24	30	22	33	38	48
35	34	2	35	19	28	36	32	33	21	32	38	48	33	36	5	13	22	22	8
43	25	6	25	31	1	44	48	11	11	14	14	47	4	25	45	36	50	36	49
46	10	42	42	33	31	39	14	11	19	17	1	12	31	6	11	29	27	5	19
34	38	21	23	7	19	42	44	8	41	19	14	36	23	13	33	33	15	43	50
12	31	38	43	44	14	2	17	48	15	17	10	46	18	15	8	39	20	35	14
40	45	6	20	50	4	15	39	18	23	28	14	35	5	7	4	1	29	29	44
17	25	47	44	25	10	18	19	8	5	45	14	30	29	11	18	25	19	43	41
49	13	50	26	38	3	26	41	12	12	8	10	41	42	47	16	49	13	46	41
36	47	32	13	28	14	35	6	45	39	29	33	37	38	46	5	26	21	6	22
35	27	7	46	48	35	23	39	32	45	19	13	23	2	6	2	32	37	48	24
19	20	47	23	34	26	24	4	46	43	40	28	7	25	7	10	40	36	16	43
42	47	25	50	20	16	10	35	33	44	23	40	24	33	3	16	31	35	13	22
12	20	43	39	6	42	7	49	46	47	13	47	21	5	33	23	45	47	3	18
16	39	21	3	21	1	5	25	22	42	29	6	23	44	32	22	4	36	45	29
10	12	40	37	32	27	19	19	50	31	21	34	32	46	7	24	49	41	19	5
37	32	27	5	18	7	24	28	24	12	19	10	3	25	8	5	49	35	21	44
33	36	25	42	21	46	24	28	38	8	23	14	17	40	42	28	35	36	19	25
4	41	46	39	12	11	32	8	38	2	25	15	21	26	23	2	8	36	34	22
34	46	41	16	39	6	43	13	33	31	20	14	16	46	41	42	40	37	30	11
15	17	41	36	34	9	44	42	17	41	21	50	3	47	42	9	1	31	50	7
19	19	26	7	33	12	49	25	36	32	12	22	6	24	8	18	5	5	33	31
13	1	47	43	10	20	11	19	4	33	41	10	37	23	42	47	42	34	4	22
10	19	7	36	29	50	45	30	40	25	4	46	49	20	45	18	23	33	48	13
1	30	21	4	41	3	35	33	32	12	27	22	2	11	21	44	45	11	14	10
26	32	30	30	29	45	11	18	29	25	25	9	37	41	21	31	48	4	45	27
15	12	48	28	49	33	45	38	49	1	24	12	20	38	38	19	50	42	25	46
42	18	5	8	38	19	35	12	40	41	47	41	17	37	45	15	35	2	31	47
1	24	19	28	2	13	39	49	3	3	31	6	30	49	36	48	7	41	41	31
48	33	48	8	5	33	46	34	43	24	35	49	11	28	46	19	49	27	6	25
30	37	9	38	11	41	12	18	2	48	8	44	12	1	50	18	26	12	24	20
18	5	6	30	18	33	46	2	4	18	49	30	35	17	1	12	24	11	47	14
21	28	32	45	16	42	37	10	29	28	43	38	4	37	7	25	31	30	21	29
46	11	14	35	50	29	9	46	1	39	45	16	15	11	49	40	24	12	14	27
46	36	23	27	25	11	27	49	10	26	31	45	41	19	19	10	15	48	45	38
33	42	10	41	34	28	23	44	38	18	2	20	16	44	34	10	38	38	10	40
2	11	37	25	8	50	26	47	42	39	26	26	17	27	45	4	26	33	43	48
38	34	11	42	24	11	29	47	35	9	23	27	38	6	36	23	6	36	33	34
3	27	2	50	42	27	4	40	50	30	35	6	45	13	2	19	50	45	1	47
22	29	12	34	17	50	38	11	42	22	48	41	50	10	46	11	32	12	1	48
8	40	47	6	25	17	32	26	4	17	23	12	35	36	13	24	16	18	33	43
39	44	49	28	32	44	7	36	18	41	38	39	45	4	40	32	32	7	10	50
18	13	7	25	50	37	7	14	47	22	46	14	29	8	9	15	42	20	24	31
11	47	9	13	30	34	18	31	47	31	42	9	9	34	26	27	37	24	29	46
38	43	39	46	46	24	11	37	45	26	41	13	33	29	40	21	5	44	46	16
20	26	17	17	31	37	6	45	33	33	28	19	41	29	44	19	9	13	18	6
24	31	37	22	41	29	27	30	45	5	23	43	28	13	26	13	26	23	15	9
19	16	4	13	48	23	22	5	36	22	13	42	26	41	43	39	40	46	26	2
11	26	1	29	10	35	41	29	3	31	43	36	48	10	38	8	27	24	25	19
7	23	45	24	42	31	17	38	20	37	24	31	47	13	48	44	15	26	4	13
32	44	2	6	29	28	44	17	4	36	13	16	22	8	46	39	32	28	38	29
18	4	9	17	8	13	39	35	12	44	43	2	21	12	37	13	21	40	45	15
37	1	35	35	25	8	10	40	18	9	12	37	39	25	45	29	35	35	48	17
39	10	5	10	43	11	46	10	22	33	18	43	34	24	43	18	20	25	42	1
4	50	18	3	32	6	14	47	18	8	29	36	42	29	26	28	46	25	42	14
13	50	19	36	42	20	4	15	32	27	10	11	44	48	13	40	43	2	28	37
47	50	43	14	5	33	1	6	48	15	22	45	34	28	39	4	31	33	12	13
3	49	15	41	49	18	43	45	16	37	36	45	48	5	17	13	8	5	31	9
20	49	18	18	6	15	28	16	10	10	9	11	40	16	35	49	36	2	16	37
40	7	40	12	30	28	48	29	11	26	47	26	2	3	44	4	32	47	35	34
41	28	36	7	28	26	5	32	20	19	28	6	40	45	20	13	9	6	39	29
18	49	5	34	13	33	9	37	23	31	18	39	18	32	46	12	21	34	35	5
23	16	9	43	48	41	37	7	34	31	46	26	9	7	17	43	24	2	44	45
17	18	10	40	2	40	39	9	50	8	42	26	22	34	6	2	40	13	37	23
47	3	4	43	36	42	30	11	16	3	39	20	41	40	38	6	7	20	41	9
3	29	8	27	39	21	5	25	2	15	4	12	16	21	49	15	15	18	4	11
11	29	43	47	19	23	35	32	47	1	45	20	22	28	21	19	45	28	4	16
