20	200
3	3	6	7	9	19	1	20	13	5	2	13	19	14	9	5	2	18	17	17
10	9	18	16	11	8	9	14	20	11	17	19	16	17	3	19	14	19	2	6
3	5	9	1	19	17	3	17	4	19	16	10	5	9	14	15	5	10	16	2
11	7	20	2	8	3	17	2	11	11	11	3	16	12	15	5	20	18	17	15
5	12	11	2	16	8	14	8	4	9	14	5	3	1	16	17	5	7	13	16
20	2	6	14	8	14	14	14	15	10	15	8	13	1	17	19	17	19	7	1
10	10	19	3	17	7	20	15	16	19	20	13	5	1	16	4	7	18	14	3
14	20	14	14	14	7	12	3	5	18	20	7	20	13	7	10	4	4	17	2
14	20	19	17	10	2	3	13	6	14	12	19	6	5	7	11	17	5	9	11
16	18	11	18	19	14	13	13	15	7	20	3	2	12	9	15	2	18	4	13
4	19	18	11	6	2	1	16	6	16	14	19	16	6	7	17	10	1	18	17
10	10	18	19	14	10	18	14	17	13	10	19	1	17	8	17	1	20	13	18
13	18	7	20	13	1	8	16	6	12	5	1	20	8	4	14	2	19	17	17
4	8	20	14	7	15	19	20	19	10	17	11	9	1	5	12	4	19	7	14
2	2	9	5	8	9	20	14	14	14	15	2	3	16	14	6	19	14	14	18
3	8	18	17	16	15	13	19	3	12	11	4	12	4	15	3	19	15	7	18
16	5	7	5	15	15	8	13	8	20	14	10	5	9	11	15	4	13	10	13
17	1	11	2	4	12	11	19	2	12	7	4	8	16	3	18	2	14	2	1
8	1	12	4	19	2	19	4	14	1	19	7	6	14	1	15	15	5	2	4
5	10	11	16	14	10	3	9	7	13	13	11	11	9	6	17	9	8	4	3
13	8	6	2	13	20	19	15	16	8	4	18	13	18	17	18	10	17	11	10
19	10	17	1	9	9	17	17	8	5	6	7	2	19	12	18	4	10	3	14
11	8	14	19	10	16	19	14	13	8	8	13	17	14	4	3	11	5	14	5
4	3	7	12	2	17	16	14	7	20	15	1	14	17	20	12	17	19	12	13
11	3	4	1	18	14	10	8	16	10	7	20	17	19	11	8	2	3	17	13
20	5	8	14	14	7	20	1	15	13	6	12	14	1	15	1	19	7	15	9
8	9	18	17	13	15	4	15	7	12	10	15	3	20	14	6	16	11	7	11
14	10	13	4	4	16	7	16	4	10	10	16	9	8	6	12	8	11	1	19
4	6	14	4	3	12	9	14	8	10	6	8	20	4	16	18	16	15	14	18
9	9	11	17	3	15	6	16	15	2	19	5	11	8	8	9	17	9	1	12
7	13	9	15	5	2	16	5	13	8	17	14	18	4	11	15	15	17	2	9
6	14	20	7	11	1	18	13	17	7	2	7	14	2	11	16	1	16	13	1
19	2	3	7	6	6	8	7	18	13	14	20	8	13	6	13	14	3	4	5
4	4	8	6	7	10	20	16	13	15	15	19	5	1	11	5	12	13	1	6
13	12	15	5	13	2	20	2	16	19	3	19	12	8	18	16	14	18	20	16
6	13	14	4	18	16	15	7	2	2	2	1	2	19	12	13	9	4	13	6
11	19	20	15	12	17	8	17	4	15	11	14	14	6	1	20	18	12	7	18
8	13	20	14	17	3	17	14	16	6	8	11	5	15	5	8	13	20	12	2
9	19	4	8	12	8	7	16	19	13	15	17	17	16	19	19	19	6	18	10
20	14	1	19	8	20	10	20	1	13	8	19	1	6	10	10	10	13	3	10
16	1	16	4	11	11	14	10	17	7	9	7	2	3	2	15	18	5	1	12
19	8	16	6	6	17	16	12	6	10	10	7	4	9	14	19	19	17	9	17
6	1	3	15	4	1	17	19	5	15	12	5	12	12	12	8	6	10	19	14
15	3	4	8	18	2	4	13	9	3	17	1	17	4	6	18	5	2	2	5
20	18	8	12	18	5	15	13	18	7	14	9	19	15	2	4	17	16	17	2
17	5	10	2	19	12	9	9	6	14	3	5	9	14	15	18	16	13	10	13
8	12	16	3	10	8	3	3	3	3	1	10	5	20	9	16	9	6	13	7
17	7	7	5	4	10	1	5	20	5	8	5	7	5	15	5	10	8	13	11
9	6	6	4	13	14	1	9	6	20	9	10	20	4	17	1	6	11	19	1
8	19	3	18	15	17	4	20	5	4	7	1	14	2	18	11	1	3	13	11
10	12	19	1	16	18	6	3	9	15	20	19	9	13	4	11	4	8	9	17
11	1	5	2	14	9	17	18	6	6	20	3	19	9	11	17	20	2	3	17
11	1	12	11	5	8	12	2	19	8	7	13	14	16	20	9	8	18	8	8
2	8	18	3	15	17	20	1	2	7	11	2	6	13	6	11	9	14	18	6
17	16	19	19	19	7	9	3	9	3	10	3	15	15	16	3	3	9	16	8
8	12	20	13	17	6	8	2	11	10	1	14	20	2	12	7	10	20	5	9
9	18	13	20	18	9	8	11	17	3	8	1	19	11	18	6	16	7	2	14
20	7	13	20	3	17	3	13	4	10	14	4	5	8	20	11	20	1	15	8
18	17	5	8	2	20	15	10	5	6	12	3	18	11	10	2	5	13	18	2
6	16	7	8	10	4	16	12	12	8	7	15	12	14	16	3	2	6	18	3
2	14	9	18	18	11	6	14	19	18	7	7	4	14	3	3	11	18	18	18
5	4	19	17	20	17	12	4	15	7	20	19	16	15	1	13	7	9	10	19
18	2	14	14	1	20	11	18	12	14	13	5	8	20	18	18	16	12	19	2
19	3	19	12	19	8	12	9	14	10	16	2	8	19	20	3	11	5	17	20
7	15	13	2	15	15	11	16	17	3	18	16	11	9	1	16	4	2	16	14
9	2	5	2	18	11	18	10	20	16	7	11	16	19	15	5	10	18	17	4
17	16	12	11	13	1	11	19	19	5	20	9	10	3	11	5	11	11	5	4
17	2	16	2	16	8	1	13	15	16	6	7	6	12	18	14	10	14	10	17
1	20	11	16	17	19	1	13	8	10	15	20	13	13	7	15	20	11	16	6
1	19	5	3	19	14	4	18	6	18	16	17	2	8	4	18	11	1	5	18
7	8	5	5	1	7	14	14	6	3	15	19	18	4	16	2	16	8	18	4
15	3	8	11	15	18	18	5	9	10	4	20	6	18	20	14	15	20	3	12
20	11	13	4	4	17	19	19	12	3	2	4	3	2	3	4	20	15	10	3
9	10	5	16	19	16	14	1	5	3	8	16	6	6	4	5	11	5	8	19
19	20	13	7	8	1	17	4	15	16	14	1	10	20	4	11	6	17	5	8
3	19	14	10	16	7	18	18	18	18	14	16	8	12	5	9	17	18	9	18
19	10	6	9	10	8	6	7	3	14	19	14	20	20	16	1	6	4	12	2
4	20	7	18	3	18	13	19	16	15	15	8	9	8	10	14	13	6	1	9
1	11	15	5	19	20	17	9	16	4	3	14	7	8	14	20	4	9	6	12
15	8	12	8	20	11	5	12	10	2	8	1	3	4	1	13	5	2	19	4
1	5	3	12	12	1	2	2	14	10	11	5	1	9	15	14	20	8	6	8
15	6	19	15	17	3	11	4	7	2	16	2	11	3	11	10	5	20	17	19
10	4	18	1	12	4	20	15	9	8	13	18	17	11	9	16	7	9	16	9
11	18	15	13	15	10	14	18	18	5	9	20	12	7	19	11	8	18	3	13
3	16	15	20	9	18	5	20	14	16	3	17	5	8	8	12	10	6	7	3
10	2	17	5	19	13	7	11	13	18	9	10	6	3	7	15	3	16	4	17
5	14	5	3	3	13	16	5	19	7	2	2	12	1	4	2	20	11	1	16
12	15	8	17	7	14	11	2	2	14	9	15	2	10	18	16	18	14	2	7
18	3	12	6	16	8	18	5	19	5	16	13	15	9	5	10	7	8	17	10
2	14	3	6	18	8	20	2	3	9	4	7	9	15	19	10	3	2	1	20
16	6	4	17	19	17	20	14	6	8	10	11	18	13	5	4	20	7	9	9
8	17	2	11	2	9	4	1	10	15	8	5	7	17	14	16	11	7	8	1
9	6	17	16	20	13	9	17	10	15	11	17	14	13	12	20	5	13	15	10
14	19	4	11	1	5	4	1	19	10	13	13	19	9	1	2	20	7	11	10
20	8	12	16	5	11	12	15	6	15	12	19	13	18	8	10	2	6	15	15
10	9	19	1	2	19	19	6	13	10	20	18	2	6	10	6	8	9	7	11
14	10	15	4	18	15	20	1	1	11	1	15	13	17	20	12	9	12	14	7
12	7	3	16	16	15	17	8	9	2	3	14	20	4	2	1	14	15	3	8
19	18	5	2	10	6	5	6	6	19	18	16	16	20	19	8	8	20	9	4
19	13	13	19	8	7	15	9	16	20	18	15	9	7	8	15	2	1	6	11
10	12	3	11	5	7	18	20	5	14	14	15	7	20	9	7	5	7	14	3
11	17	11	6	1	3	8	10	12	5	7	7	15	19	14	8	11	3	15	2
10	15	4	2	7	4	9	9	18	2	10	16	7	3	20	14	1	17	10	3
20	9	9	1	8	7	20	8	7	2	17	3	13	13	14	17	13	9	19	18
15	20	12	11	15	11	1	12	19	1	7	14	13	12	3	2	7	4	14	1
4	1	3	17	6	7	4	14	9	4	2	12	18	12	9	1	17	18	7	18
7	8	10	6	15	3	11	1	11	13	10	10	16	19	15	14	17	16	5	8
8	7	3	16	20	15	16	2	4	3	6	9	17	17	15	16	12	17	2	3
17	3	4	17	14	12	17	20	18	15	4	1	14	19	10	20	6	14	7	20
8	10	17	9	8	2	13	20	5	20	3	1	15	2	11	5	3	7	3	8
19	17	4	10	19	5	16	18	7	15	11	18	10	2	16	8	7	16	10	12
20	18	15	19	13	3	7	12	9	5	18	19	11	20	2	12	6	7	10	3
6	15	13	11	9	5	11	13	7	4	19	8	17	11	8	2	2	6	18	17
19	5	10	3	18	12	7	11	20	5	3	20	6	8	7	6	6	5	10	8
13	14	5	6	7	10	3	1	12	1	11	20	10	14	5	2	5	10	14	18
18	20	13	3	1	19	2	10	5	3	17	17	16	10	4	5	20	5	16	8
10	7	20	20	14	3	10	13	3	5	1	16	12	13	11	13	2	3	5	9
8	13	16	9	5	14	4	1	10	1	3	1	15	6	8	11	1	13	9	18
9	10	7	1	3	2	6	4	19	11	3	17	20	8	1	17	11	12	16	1
19	10	3	3	2	20	1	6	5	20	13	9	15	7	20	19	7	16	6	4
9	1	2	19	18	7	1	7	6	12	20	9	18	8	20	20	7	4	19	3
1	20	19	20	19	15	3	14	9	2	11	16	6	13	13	19	8	5	6	16
20	15	20	14	20	4	11	7	8	20	12	3	18	3	4	9	2	3	1	4
5	8	19	4	2	5	4	6	16	1	13	3	19	4	4	6	20	6	20	15
4	16	6	9	10	8	19	3	9	4	18	5	4	2	12	12	17	16	13	16
1	6	11	8	8	10	4	14	19	18	9	16	4	6	1	9	2	10	15	14
7	1	17	13	4	8	19	18	13	12	10	4	14	4	15	19	6	19	2	1
4	5	4	12	15	2	1	19	2	3	11	8	2	19	10	20	9	19	5	20
12	7	2	8	9	5	3	1	11	3	4	4	8	14	11	2	17	6	18	2
8	20	16	10	2	2	3	16	14	15	10	8	15	3	9	18	3	17	3	11
19	1	8	20	19	7	20	9	9	8	4	3	1	3	13	12	11	12	6	7
3	8	7	16	13	17	10	5	6	13	19	20	3	8	4	7	13	17	11	15
2	15	7	7	12	7	7	12	11	18	8	11	12	17	8	12	15	12	8	3
18	16	3	16	9	4	1	14	20	6	20	14	1	11	5	9	1	1	5	6
11	18	15	8	6	8	9	7	20	12	12	1	10	9	18	7	12	12	18	9
7	14	13	5	18	14	10	1	12	20	11	15	8	2	13	20	1	16	11	1
15	14	14	8	14	19	5	13	14	19	18	10	3	16	19	17	6	11	10	13
18	9	16	1	2	18	14	8	16	18	7	16	1	17	14	14	20	5	11	20
9	18	8	14	2	1	12	12	4	16	15	11	6	18	4	7	19	13	6	17
6	17	18	16	13	2	9	7	2	6	18	1	20	11	4	1	1	3	19	2
7	2	5	1	4	16	11	4	14	8	15	7	20	14	14	13	1	12	1	1
12	5	10	19	18	15	11	15	15	3	6	16	15	5	11	5	13	17	13	17
11	6	14	15	11	12	2	7	18	12	1	10	2	19	10	2	12	7	3	9
6	17	9	11	2	20	13	15	4	10	20	4	19	5	10	6	12	16	8	7
14	5	18	4	2	17	15	16	15	10	13	7	15	4	11	15	17	3	14	12
19	7	3	8	12	18	11	17	10	4	11	17	19	16	16	2	19	6	10	5
5	17	1	15	18	14	9	16	15	15	9	9	2	17	8	8	2	10	13	5
7	18	7	11	19	16	8	20	8	10	16	12	14	9	7	2	6	9	11	18
9	15	3	15	15	2	15	2	8	9	20	10	14	5	18	7	11	10	16	2
6	9	8	5	19	18	15	13	10	6	2	14	19	15	16	12	16	12	17	18
2	7	12	20	10	7	19	10	12	20	12	17	13	10	12	1	8	18	16	18
7	2	12	2	8	6	11	19	9	7	12	20	14	19	20	20	18	9	15	13
20	6	2	11	15	5	2	10	4	16	5	18	16	19	11	20	15	11	12	5
17	1	1	6	9	12	4	15	10	12	3	20	4	4	18	2	1	2	8	3
5	2	15	14	2	15	4	15	8	1	5	7	17	11	17	20	6	17	2	4
2	7	20	12	13	6	15	13	2	10	19	13	3	9	1	15	6	8	4	15
8	10	7	10	7	17	3	13	8	19	16	5	1	5	2	18	2	4	1	17
20	12	14	18	2	13	5	9	11	2	14	18	13	8	16	13	20	11	5	17
3	2	5	3	14	15	13	19	8	3	14	3	7	7	15	17	16	10	8	15
12	15	3	7	5	19	12	13	9	10	18	12	19	4	14	19	7	11	4	7
20	6	1	8	8	12	11	6	13	19	17	11	3	10	5	9	20	19	19	16
4	1	10	18	6	2	4	4	14	16	10	6	6	1	16	7	14	15	19	13
8	6	20	11	14	7	10	9	20	6	20	9	13	9	4	20	16	4	3	7
8	8	13	18	9	11	6	2	14	18	15	5	20	6	9	19	1	20	5	19
13	15	5	8	17	2	13	17	18	17	12	11	13	13	5	20	13	3	2	3
1	8	15	2	11	16	9	8	1	5	19	16	19	4	14	13	4	5	1	8
19	9	4	18	7	5	12	8	1	9	6	18	18	2	18	5	1	3	18	2
13	6	17	13	18	16	12	10	19	12	17	8	3	15	5	13	4	18	15	6
4	1	8	12	20	2	19	17	6	9	13	1	8	20	15	13	13	12	20	11
13	3	10	9	12	19	16	4	18	6	2	3	9	12	18	12	19	5	14	17
18	15	4	10	20	16	1	3	20	12	1	13	18	4	14	2	12	19	20	1
7	15	20	20	8	11	13	16	3	3	15	8	18	4	14	18	19	20	10	17
18	13	4	6	6	10	5	5	19	16	1	20	6	13	10	3	16	4	3	9
4	5	1	18	18	13	16	14	11	16	3	13	10	4	4	15	12	14	15	19
6	9	18	7	3	15	3	5	15	11	3	15	18	1	13	14	12	6	9	13
15	12	14	4	13	8	11	2	10	16	12	3	10	4	4	16	8	15	16	3
11	11	20	1	13	9	16	9	12	10	3	6	6	2	5	15	15	14	14	15
5	1	15	19	20	1	6	14	18	18	7	17	11	6	2	4	12	14	11	5
13	3	11	20	13	6	17	9	20	10	1	14	2	1	19	11	16	2	1	13
3	3	12	15	4	6	15	20	20	1	3	2	4	9	3	3	11	16	6	14
4	18	14	8	17	13	16	11	8	12	8	10	13	19	3	10	11	17	17	7
12	18	9	19	7	20	11	14	18	17	1	1	16	7	10	6	9	4	19	11
11	4	12	9	13	14	9	6	7	13	12	14	20	19	3	6	9	15	2	17
3	3	14	12	12	8	15	6	9	17	2	8	19	6	17	8	6	1	7	14
12	5	7	5	6	7	2	18	5	4	18	15	3	2	8	9	11	1	17	6
20	3	17	10	12	4	16	14	3	16	20	9	9	8	5	18	16	9	7	5
7	18	2	6	20	7	5	17	18	9	17	6	4	1	15	9	9	18	14	2
11	8	15	9	4	10	7	15	17	11	13	3	15	13	20	3	2	11	11	5
19	20	17	15	20	15	5	8	14	17	9	18	15	5	15	19	3	13	2	11
1	11	20	8	16	14	12	12	2	13	7	19	8	9	3	12	12	1	10	10
5	19	1	1	2	15	8	10	19	1	20	9	9	20	5	9	20	10	19	6
3	14	6	2	10	11	11	7	3	3	8	2	4	13	6	3	10	20	7	1
6	3	14	1	13	19	10	8	5	15	12	3	2	4	8	12	13	19	11	11
5	2	7	16	14	18	5	17	15	2	19	1	3	19	1	20	1	6	10	12
1	4	2	9	12	6	1	1	6	15	10	12	9	16	17	4	16	18	8	15
14	14	14	3	16	11	20	4	4	8	11	8	10	20	10	1	20	19	4	9
18	5	12	20	13	8	13	8	2	17	4	3	18	15	18	8	11	20	13	1
7	18	18	18	4	3	2	10	7	16	4	18	15	20	18	10	3	14	11	9
19	12	2	7	4	9	11	15	2	3	11	1	6	4	3	20	8	14	16	10
6	3	2	7	13	7	9	18	18	9	6	17	10	5	3	15	17	11	15	15
