2	200
7	24
16	56
12	40
80	50
62	71
34	28
76	48
36	45
98	50
65	56
48	37
49	82
95	76
5	32
74	8
57	61
17	9
7	78
21	33
4	45
19	16
57	70
90	14
32	99
49	77
49	75
45	27
97	71
75	35
61	36
35	49
76	54
15	74
12	68
41	58
24	65
46	21
38	32
81	80
92	81
45	7
83	97
60	82
16	90
12	37
3	87
73	68
11	70
40	3
55	16
3	64
59	92
53	84
30	25
90	65
90	96
43	80
92	29
66	80
95	33
58	22
56	4
56	38
92	79
11	68
93	79
25	76
79	81
49	92
44	76
53	92
1	48
48	7
45	94
76	83
5	61
8	22
59	82
9	55
36	16
93	51
15	22
73	11
72	67
1	12
80	74
36	19
81	66
21	9
57	49
94	98
3	28
64	32
71	3
18	97
73	94
56	29
84	2
78	80
75	37
36	78
93	65
3	31
26	90
42	93
62	1
99	88
22	95
49	87
58	41
41	69
49	5
40	86
18	7
36	80
89	42
34	20
13	16
5	38
26	33
7	82
62	25
36	72
96	69
8	89
54	91
22	35
97	68
30	89
26	17
13	19
54	62
4	20
68	80
76	6
90	11
61	25
35	59
7	24
70	68
91	50
100	48
27	99
20	99
23	46
87	17
13	10
21	88
29	1
22	16
5	17
94	2
99	43
31	97
100	39
61	6
19	59
27	63
20	6
36	6
1	69
58	31
19	74
98	52
5	48
31	7
3	54
63	75
57	98
49	84
68	24
99	84
85	82
98	55
83	58
68	23
65	16
16	37
59	64
83	26
46	79
92	53
9	54
3	65
96	53
7	23
58	52
38	77
70	74
46	38
76	44
69	48
80	8
43	88
39	27
16	94
15	24
39	90
32	47
75	32
