5	200
15	19	11	17	7
8	18	9	5	15
5	6	20	5	3
4	11	7	7	7
6	1	3	18	1
5	7	4	1	11
17	15	18	18	17
19	3	14	15	18
11	1	3	15	10
2	9	17	12	19
3	12	10	15	6
14	17	14	16	3
2	15	8	15	18
11	8	3	8	4
1	18	13	10	17
5	19	8	8	20
17	10	12	3	8
5	5	4	12	4
3	10	18	12	17
16	14	9	17	20
14	7	10	9	18
6	20	1	18	2
16	9	6	17	7
12	3	6	7	14
6	5	11	5	1
12	1	1	13	1
11	10	12	8	6
11	1	3	6	3
6	5	6	11	9
14	4	2	6	6
14	8	3	4	15
10	16	6	8	6
6	19	9	18	11
6	18	18	11	17
11	20	1	5	9
1	19	1	17	8
8	20	15	7	8
4	8	9	14	16
15	16	16	20	18
7	17	9	20	3
17	6	11	10	16
14	8	18	16	15
12	16	10	1	18
6	4	2	11	8
19	9	5	15	2
15	5	1	7	2
5	11	1	14	11
3	9	6	12	15
16	10	14	19	5
19	7	15	2	12
4	15	19	13	5
8	2	17	8	1
9	7	11	15	11
1	16	16	11	16
18	19	11	16	12
9	16	6	10	4
9	11	20	16	18
10	13	8	10	3
1	13	18	12	6
9	19	20	9	4
4	12	5	6	15
6	5	3	1	16
12	16	7	5	12
19	8	16	17	1
9	9	6	8	16
5	1	20	11	4
11	17	17	7	20
18	6	14	2	13
5	11	7	15	11
5	7	13	20	8
1	4	3	8	15
15	6	18	11	10
5	6	12	18	5
16	20	1	5	15
13	14	14	5	17
19	2	11	17	11
19	8	20	3	3
8	14	10	12	6
12	9	4	13	8
19	19	10	10	16
6	6	8	6	15
8	10	19	12	17
14	15	1	20	11
17	7	9	15	18
2	11	9	20	3
5	10	2	17	18
1	13	2	1	5
13	1	15	9	16
18	16	18	15	12
17	8	5	2	11
13	10	16	12	15
16	17	8	3	11
18	9	3	14	16
1	14	20	15	18
17	12	1	19	20
6	13	14	9	7
17	6	20	7	5
12	18	10	7	10
16	13	13	18	19
10	14	4	20	11
4	8	10	4	14
2	9	17	12	9
4	3	20	17	15
12	9	17	10	5
4	4	14	6	3
5	20	4	1	11
13	9	15	18	3
9	17	16	13	4
3	1	18	19	7
13	13	17	3	7
2	18	15	16	8
20	15	4	2	9
3	6	16	2	16
15	9	3	14	7
16	13	4	6	2
4	7	16	20	10
13	3	1	14	9
16	14	20	11	4
15	13	14	4	1
18	6	16	3	12
5	10	4	17	12
9	14	9	14	4
14	19	5	13	17
20	5	2	13	1
2	9	13	10	12
3	19	1	6	4
18	11	14	9	5
3	20	4	3	1
3	5	6	7	11
16	9	2	7	1
14	4	3	3	10
16	18	14	5	9
10	14	4	10	7
3	6	17	8	15
1	1	20	13	19
17	4	7	20	17
15	18	14	5	11
15	8	11	19	10
6	7	19	14	12
9	2	16	1	8
10	12	14	13	1
13	5	11	5	13
13	11	14	9	15
12	1	20	20	12
15	15	18	19	9
15	2	6	2	10
16	8	7	12	7
3	4	1	4	19
11	18	7	6	18
15	13	11	20	20
9	3	17	9	14
15	15	16	4	7
11	19	10	15	18
5	5	2	2	12
9	20	16	2	2
18	9	12	1	15
2	12	7	3	2
14	12	18	19	13
9	8	17	18	8
12	8	12	9	13
11	12	9	8	11
9	7	16	8	17
7	3	15	10	6
20	13	8	14	4
14	7	4	10	4
1	4	18	15	10
10	17	4	9	5
11	3	20	12	14
7	17	11	2	6
6	13	7	13	8
20	1	19	6	19
4	8	20	4	11
6	10	2	18	8
10	20	7	6	16
18	13	16	1	17
18	16	2	4	18
8	17	6	7	11
9	18	19	10	1
3	3	16	2	8
18	16	14	15	17
7	7	2	18	11
7	5	19	9	2
8	6	17	6	3
9	5	15	7	19
13	2	18	5	13
15	18	15	13	20
3	3	8	8	12
2	16	8	16	5
4	20	10	9	14
17	7	10	19	20
14	1	7	17	4
5	10	17	5	17
9	10	7	9	19
6	19	9	15	2
14	17	20	3	15
13	12	10	12	16
8	9	17	14	6
3	16	12	4	7
13	19	3	20	16
14	14	1	10	9
