2	200
12	7
14	20
13	12
2	5
18	17
1	3
12	12
3	3
8	2
7	3
1	14
15	18
13	5
6	14
16	2
4	3
18	8
19	19
12	5
13	12
18	1
15	13
16	7
9	18
2	19
9	5
15	15
15	19
13	17
7	8
6	9
10	17
13	18
5	4
13	4
12	4
10	16
5	1
20	2
3	7
16	8
12	17
13	19
9	4
13	1
7	15
18	5
6	10
11	18
1	18
2	6
5	18
8	6
16	19
10	15
19	12
15	20
13	19
17	14
4	14
9	2
11	13
18	17
6	5
11	15
10	2
2	5
5	11
3	15
10	8
4	10
14	19
2	16
1	18
13	8
14	18
15	7
9	1
15	13
20	11
1	12
9	16
5	18
11	10
16	2
16	2
5	16
11	20
9	13
11	3
17	8
13	4
1	13
7	15
16	5
16	11
15	20
8	13
2	19
14	5
5	11
3	11
12	12
14	20
16	10
13	3
2	18
14	13
19	6
15	13
11	16
15	12
6	5
8	5
9	19
18	11
19	7
18	6
6	2
12	9
20	8
19	6
12	14
10	18
6	15
14	17
5	2
14	10
17	11
6	7
5	9
11	18
12	3
5	16
20	9
7	18
14	6
13	4
18	9
20	13
16	11
20	15
6	2
6	17
14	9
9	15
17	5
5	11
18	2
14	10
9	14
18	17
8	16
3	19
9	10
13	9
12	13
11	15
10	17
12	11
17	8
2	11
20	12
2	10
1	3
7	17
15	10
4	2
13	3
7	10
20	8
9	4
17	1
4	4
14	10
2	1
10	4
14	2
13	7
18	16
15	14
19	7
4	16
14	2
9	10
3	7
10	3
11	10
20	19
15	20
9	18
16	11
1	6
8	11
17	3
10	6
6	11
15	7
9	2
1	1
