5	100
4	10	33	14	38
11	41	47	26	42
43	12	17	31	15
11	47	48	37	9
38	13	18	41	11
28	32	38	34	45
20	18	25	9	27
29	2	37	35	7
48	28	32	13	20
47	47	33	45	45
48	28	2	26	42
41	43	43	3	11
29	4	14	31	23
25	38	8	4	37
10	11	13	30	11
10	31	5	22	15
31	50	43	39	47
42	17	50	18	37
37	10	34	24	28
45	14	1	40	45
9	40	30	9	36
38	15	22	15	32
10	38	21	38	31
30	11	26	35	31
9	39	41	17	50
50	27	39	3	17
46	30	16	28	7
42	21	34	3	10
27	46	35	37	27
49	39	47	44	48
34	39	17	9	36
21	49	13	9	37
12	26	19	49	36
30	23	44	32	39
10	27	23	25	4
14	4	4	41	2
11	30	46	5	33
8	14	7	42	37
43	9	26	17	48
2	27	37	1	47
27	46	15	5	39
8	16	42	5	23
17	46	22	8	26
32	31	15	17	29
17	17	3	46	47
2	2	7	28	3
38	18	4	45	25
16	16	41	17	25
42	22	2	19	20
48	37	18	42	16
21	13	21	23	30
11	43	19	9	38
6	10	15	3	36
49	42	28	34	10
17	41	48	42	37
46	16	35	26	50
15	35	15	12	33
25	48	31	15	15
23	47	33	29	20
32	7	49	33	22
6	10	35	32	50
31	15	29	36	35
46	9	44	9	24
22	45	4	20	11
2	12	13	19	38
20	8	19	23	5
39	17	2	5	45
5	50	34	12	2
11	19	46	31	20
14	4	24	6	48
38	4	30	22	20
45	48	16	45	30
23	46	7	31	46
29	8	39	15	19
23	12	42	18	1
34	17	32	50	24
17	35	14	25	18
36	38	30	36	1
8	34	40	33	30
15	12	15	36	41
7	15	10	37	26
26	13	12	22	37
29	16	17	21	14
39	33	33	14	10
42	29	4	15	12
39	23	9	39	37
22	3	47	9	18
2	25	27	50	42
24	26	9	49	23
42	18	19	19	42
32	30	1	27	49
29	12	46	25	38
4	4	23	36	15
27	19	8	4	12
14	7	33	22	37
16	21	5	42	20
21	5	41	47	5
42	2	21	10	40
40	30	2	12	38
21	4	23	34	47
