20	50
43	96	8	66	39	70	92	44	91	47	25	89	1	53	12	35	79	95	14	66
59	21	21	25	69	6	72	34	91	33	55	47	90	59	78	7	23	80	48	48
97	51	12	5	71	34	42	12	39	99	40	80	50	56	57	23	75	83	98	33
98	58	53	58	92	78	99	42	76	5	12	99	48	66	69	8	9	17	55	35
65	61	96	93	93	76	98	35	3	56	33	40	83	15	51	40	99	54	14	93
35	1	37	35	87	42	33	84	88	49	14	59	29	63	69	38	63	60	65	17
81	65	39	21	73	72	17	33	16	29	10	55	4	62	100	64	25	61	7	52
43	14	48	54	42	74	12	21	47	13	78	39	89	98	13	71	62	16	62	15
26	1	69	59	40	59	56	67	64	5	14	2	53	14	74	67	17	85	79	99
61	96	87	3	52	72	67	6	50	29	3	9	100	93	27	43	46	90	15	84
19	46	58	42	100	77	86	76	24	46	55	77	38	63	54	30	14	66	8	69
93	50	18	35	3	6	3	61	87	31	21	28	71	95	81	16	39	45	4	76
86	91	82	4	75	26	71	37	39	98	29	81	82	47	92	70	28	23	40	94
74	25	89	94	25	28	7	43	83	39	91	70	62	33	83	3	68	14	61	78
35	67	22	90	2	41	46	25	4	12	88	17	6	10	2	61	2	89	80	48
20	28	54	1	8	60	19	50	64	90	2	15	63	63	60	8	4	100	92	85
82	82	40	72	52	75	64	53	31	22	1	79	34	14	58	7	13	22	83	43
22	97	62	15	10	73	54	44	51	94	58	2	98	95	66	38	89	82	50	33
97	67	19	42	89	23	81	50	5	53	95	82	18	50	63	86	21	25	63	79
21	20	2	38	64	99	82	40	48	20	18	31	73	50	47	56	78	20	27	87
92	5	40	98	99	77	85	49	33	81	18	65	20	71	13	77	65	82	78	90
42	42	2	85	36	65	9	69	3	8	8	1	99	76	87	16	81	5	39	88
15	34	8	68	2	54	11	2	37	70	92	97	42	37	46	50	4	55	63	35
68	17	46	26	74	18	67	45	84	97	96	60	43	91	76	8	35	35	83	83
54	8	32	34	16	11	59	62	31	38	13	27	43	5	20	98	89	83	94	85
87	67	19	41	75	32	55	52	62	38	16	69	72	80	82	61	86	13	10	63
59	5	15	47	85	70	18	39	71	78	20	53	41	99	96	88	90	92	59	85
57	8	1	94	22	44	55	63	24	60	13	77	74	32	27	82	53	72	56	5
14	16	81	85	18	64	29	74	85	94	72	95	54	25	6	51	5	21	26	41
16	56	16	11	65	44	80	10	72	14	35	18	36	55	71	42	28	16	76	59
16	82	78	30	89	19	23	49	26	76	77	32	47	16	90	59	1	70	20	74
85	20	2	71	60	54	59	99	54	65	24	90	46	67	26	35	78	87	23	46
21	31	84	96	38	4	72	21	66	13	42	58	97	2	75	96	80	8	71	35
61	24	95	61	53	88	86	80	90	55	82	14	48	74	54	54	36	6	34	56
83	39	34	42	24	67	93	44	93	30	55	70	17	88	86	97	36	24	44	50
18	92	31	11	32	28	10	23	49	21	61	75	75	15	53	22	91	54	37	87
95	43	88	61	1	12	98	61	89	57	18	13	63	84	38	92	9	23	10	97
57	71	96	72	70	81	96	2	35	65	7	83	87	57	55	76	4	71	11	20
30	49	35	93	4	49	13	92	77	62	13	68	44	41	30	25	48	16	92	21
17	97	27	24	50	36	26	6	29	63	88	39	13	90	67	9	37	3	69	21
68	4	25	74	52	39	39	46	28	31	29	89	80	90	4	34	23	11	43	69
23	7	63	15	74	75	55	55	74	22	88	45	47	71	53	13	72	53	73	11
97	80	79	98	35	99	60	24	87	34	86	26	61	1	98	61	42	11	100	77
84	85	73	7	43	84	42	9	38	92	62	71	39	32	72	44	29	65	80	75
16	32	68	41	36	62	85	47	73	92	71	62	53	96	28	13	8	72	56	51
58	51	86	95	72	16	88	29	29	55	33	77	31	26	62	53	17	32	71	82
100	96	36	46	21	1	18	43	5	60	36	57	10	29	18	65	46	74	70	20
74	56	18	19	60	94	31	28	34	75	96	76	2	75	52	63	15	40	75	71
99	46	24	70	19	76	68	3	8	97	7	44	63	52	8	44	78	18	87	27
71	91	9	30	65	61	56	36	78	56	50	7	99	99	22	29	33	49	1	85
