10	200
84	57	94	78	9	48	42	30	83	32
41	81	59	48	30	3	29	85	73	72
19	38	12	86	77	27	28	25	9	72
98	41	11	84	23	10	75	8	45	1
75	9	91	70	89	93	3	48	53	18
48	11	47	32	85	46	46	9	1	83
20	17	21	11	35	100	70	76	25	21
29	21	41	72	98	11	48	42	98	85
24	81	73	91	25	87	95	79	99	77
64	67	8	63	81	58	88	81	36	89
23	27	23	32	90	27	71	75	35	75
99	5	12	17	59	40	44	31	87	48
6	92	78	49	57	62	14	78	92	40
23	67	7	9	62	97	58	41	1	98
17	20	45	25	79	60	56	92	4	41
14	58	95	88	83	32	50	75	75	29
14	93	84	95	53	32	99	3	55	63
83	4	30	89	31	87	48	53	70	98
7	23	74	51	26	65	73	19	26	31
47	84	67	73	84	25	36	50	73	47
61	53	37	42	59	11	28	6	57	97
84	98	5	77	22	92	19	34	70	88
59	80	77	24	16	99	37	58	5	7
52	99	80	24	37	54	86	33	92	15
37	68	62	30	47	50	79	90	51	93
6	2	81	86	88	82	76	14	26	60
74	71	1	50	45	86	18	82	40	68
6	87	42	55	51	92	18	48	77	67
20	48	7	13	2	50	19	95	36	56
79	73	8	32	41	67	67	12	86	62
32	98	50	84	87	20	61	26	35	96
64	29	37	59	41	27	64	89	49	96
68	23	46	85	90	34	80	11	14	84
26	6	62	16	36	23	99	24	26	82
90	93	61	40	92	50	36	49	92	15
3	79	64	90	94	10	52	66	94	54
41	51	12	51	71	58	67	22	24	18
29	41	63	67	7	76	63	6	93	41
98	31	19	100	82	47	43	73	22	27
71	33	31	73	42	39	81	10	70	34
83	15	25	75	86	63	16	97	84	19
47	47	73	53	56	10	32	13	70	24
16	95	100	98	48	96	11	91	26	68
95	54	37	59	58	84	7	45	14	20
32	46	89	4	80	25	61	78	18	33
8	69	40	46	19	89	16	27	28	91
52	26	72	17	24	93	10	14	95	73
4	88	99	51	93	70	6	96	18	23
36	34	73	93	61	26	15	92	41	70
68	80	18	24	68	6	74	73	80	87
15	47	83	46	29	20	70	90	53	49
83	20	9	5	56	19	53	79	57	99
79	19	73	25	5	25	71	76	83	88
96	33	17	31	8	89	51	28	65	41
57	25	40	93	88	49	71	13	68	50
53	96	17	82	9	97	74	58	41	5
50	95	7	65	53	50	4	78	97	68
68	25	15	16	42	54	79	81	38	57
54	58	9	34	35	1	17	35	23	12
15	94	87	60	92	63	19	75	41	38
45	93	17	1	82	28	81	2	40	55
18	94	20	85	51	92	86	73	31	52
34	70	56	86	53	75	39	55	24	80
36	5	41	100	12	62	42	8	52	7
20	16	95	69	94	21	74	2	10	1
77	46	45	89	5	76	37	32	48	8
90	27	78	60	20	14	54	21	74	89
50	78	22	24	32	19	75	88	92	33
1	37	46	24	4	90	61	52	95	37
25	11	61	44	18	94	38	36	49	80
68	54	29	21	51	99	25	21	57	87
2	50	40	16	7	54	81	54	56	31
54	2	26	37	65	40	18	78	7	38
81	39	39	12	65	48	8	26	74	6
65	40	96	9	36	76	72	46	37	64
14	85	80	19	27	67	28	93	57	11
82	47	15	19	7	63	11	28	51	60
47	56	81	51	66	14	7	18	2	90
69	72	41	43	25	97	60	21	86	99
21	15	70	63	25	19	26	77	3	74
65	44	95	78	18	58	4	30	53	13
61	11	92	67	43	10	7	72	95	10
3	90	42	53	39	32	87	18	26	48
89	31	15	28	25	25	77	63	26	68
93	31	69	73	39	10	24	3	20	16
12	54	83	93	71	75	2	43	39	86
72	87	4	6	25	30	96	64	43	19
33	44	47	27	18	73	22	70	15	30
8	85	98	11	36	36	48	23	58	51
23	35	24	40	97	7	28	64	49	9
15	61	60	2	83	69	7	56	75	99
54	33	29	10	79	87	89	93	70	90
82	73	7	93	96	99	20	8	31	12
46	59	22	7	15	48	25	97	29	68
29	93	49	60	98	91	7	14	62	10
18	35	94	60	27	42	54	68	7	85
49	100	25	63	53	95	12	23	96	31
63	93	65	3	61	90	25	48	96	6
93	6	46	22	95	11	65	63	80	74
95	57	90	44	20	29	68	86	7	3
80	84	19	32	47	26	71	92	99	37
17	7	73	2	93	43	54	4	69	43
31	49	43	22	37	6	3	21	84	33
22	40	42	93	27	9	87	15	75	69
41	74	65	43	57	88	84	89	52	77
75	65	17	64	73	31	42	98	96	42
23	51	9	66	16	78	66	81	75	84
56	40	29	1	3	57	85	100	66	49
22	15	69	7	58	58	24	78	21	96
67	90	20	34	47	90	65	99	28	80
23	4	14	69	21	36	36	17	62	16
46	43	32	47	20	9	82	2	8	59
54	88	60	80	17	67	20	96	54	13
93	87	72	86	27	19	1	1	87	23
22	8	17	5	51	25	58	74	15	38
9	63	91	70	26	35	44	35	52	55
17	41	63	49	23	59	71	46	21	1
9	82	16	86	37	47	72	55	29	93
9	47	82	16	5	30	96	3	61	93
75	66	49	32	7	82	45	68	83	92
55	12	53	14	30	28	47	6	34	79
63	90	7	60	47	70	59	47	45	93
64	69	86	29	27	43	33	85	79	55
2	4	73	37	38	97	94	68	87	78
84	90	70	83	30	86	60	90	86	37
23	99	24	90	29	86	27	25	87	88
95	63	28	79	77	60	17	70	22	51
77	92	61	68	10	74	100	4	100	42
83	43	100	43	33	4	80	84	9	52
70	70	81	99	83	22	63	91	6	70
69	91	69	36	61	32	38	57	80	55
87	24	26	46	5	53	64	85	46	74
80	33	61	70	81	8	11	62	86	89
11	9	98	30	73	93	75	65	83	1
66	24	5	54	66	47	44	36	95	31
58	79	45	33	91	36	30	99	55	53
21	77	72	91	45	79	26	96	73	13
78	99	3	46	8	56	29	8	5	35
64	76	68	55	31	33	64	66	40	37
63	76	10	30	80	90	53	14	10	87
21	48	63	83	53	60	76	100	25	35
8	23	95	21	90	46	9	17	61	12
15	61	57	36	50	3	90	73	66	18
4	15	98	18	14	16	14	86	3	72
58	64	42	5	30	41	82	90	41	35
81	36	54	98	72	61	91	27	33	51
70	3	35	7	31	93	25	77	7	74
33	24	14	89	55	52	19	53	7	10
21	100	33	31	37	68	62	1	46	54
25	87	53	53	2	55	30	35	74	37
16	6	83	67	3	58	23	65	44	21
42	39	21	24	30	71	70	4	70	64
31	25	31	53	49	46	72	62	87	100
23	85	79	70	94	16	17	66	29	80
46	97	57	26	13	87	67	29	23	32
85	26	65	11	7	92	75	31	19	57
87	61	79	45	99	57	61	51	31	15
54	4	76	91	18	35	69	6	41	63
80	43	39	56	15	98	21	68	64	2
41	87	48	72	94	85	19	12	27	56
27	17	99	8	79	82	50	75	93	72
24	69	90	56	78	44	23	23	30	2
37	93	87	29	75	67	56	4	97	34
16	57	80	86	37	63	45	31	77	34
48	47	75	92	79	72	98	93	94	50
63	96	83	26	19	34	30	70	34	13
26	46	78	60	57	68	90	4	20	15
100	92	47	97	54	91	18	96	51	3
69	64	10	47	72	20	75	54	67	3
34	76	98	65	9	2	70	16	35	12
82	95	73	80	51	71	50	86	72	29
16	34	19	32	44	62	36	31	89	38
94	37	37	17	81	25	95	83	88	53
21	3	61	40	21	75	92	31	97	1
70	89	83	38	87	100	57	67	21	48
66	40	28	98	18	46	58	56	99	27
77	68	98	20	9	14	74	80	11	70
70	6	35	88	68	5	54	99	30	82
68	29	62	41	87	82	76	63	22	75
18	36	33	70	24	3	91	64	30	74
27	78	56	52	78	61	6	40	31	14
93	59	27	18	59	49	7	58	34	27
39	11	58	36	53	35	73	65	65	66
15	91	70	57	55	91	73	10	64	26
77	36	33	9	83	59	10	16	11	76
97	34	31	4	35	16	20	21	100	43
89	41	75	65	99	2	90	70	63	69
77	97	94	8	50	3	78	50	53	94
26	58	55	89	69	82	61	66	23	39
72	53	10	21	37	37	62	68	10	82
70	40	53	43	100	100	40	23	55	32
39	71	68	7	18	32	87	86	97	18
41	24	48	25	98	24	87	73	71	14
42	10	40	72	25	86	5	12	90	70
42	39	12	91	1	1	86	4	4	6
51	76	72	93	41	46	93	29	46	76
13	67	52	42	91	29	32	97	83	33
27	75	97	27	77	3	13	58	24	97
39	84	70	66	64	67	38	48	31	79
93	77	67	15	57	75	88	71	1	72
