10	100
26	28	20	8	36	19	33	14	38	28
6	7	24	40	16	42	31	16	18	12
16	50	1	22	28	16	3	11	14	9
13	5	4	48	22	32	12	34	17	9
25	47	40	13	40	18	37	22	48	38
15	39	5	2	32	27	27	49	30	20
17	22	1	30	15	1	4	26	19	35
30	48	50	9	37	19	11	38	32	10
30	31	14	27	45	25	1	2	16	46
5	14	4	47	43	4	47	11	49	40
15	12	4	14	8	18	40	46	15	13
16	39	17	21	41	37	8	25	35	41
1	2	10	24	30	17	44	3	17	34
23	50	40	43	46	19	27	1	19	28
36	5	38	4	30	17	47	34	7	7
46	23	26	8	39	14	2	31	35	42
24	37	30	32	41	17	50	25	26	23
10	8	6	8	6	46	14	7	44	13
20	10	47	10	38	50	25	32	4	32
17	47	17	27	4	49	25	7	13	14
18	23	9	34	47	39	18	18	3	43
50	46	37	22	23	14	41	20	44	42
42	18	21	44	6	13	41	29	5	7
22	8	44	31	46	47	2	13	13	49
33	8	29	11	33	22	10	45	5	40
8	6	13	22	22	50	2	16	29	35
48	39	13	46	22	42	2	7	26	26
13	29	7	46	10	35	39	11	11	35
4	46	25	16	50	16	46	23	9	46
46	37	34	29	1	45	45	33	39	42
20	4	20	30	28	30	49	18	12	38
12	42	5	45	31	2	14	48	47	6
47	29	49	31	31	26	45	28	45	15
41	6	22	20	15	50	27	45	38	21
18	29	11	21	35	4	33	40	49	50
31	47	37	33	45	41	6	39	50	3
35	21	23	47	48	6	20	35	30	31
26	20	11	27	39	19	19	28	46	27
43	5	30	46	35	44	20	40	25	24
45	39	45	36	36	47	6	14	24	30
35	48	11	18	25	11	37	11	45	27
23	29	44	24	10	30	42	28	13	4
36	31	10	6	37	38	25	25	41	43
13	5	4	17	43	46	45	13	22	25
8	9	46	49	2	17	46	22	27	6
6	28	2	20	44	4	38	5	32	38
37	12	21	3	14	18	25	27	32	14
36	30	7	38	47	27	36	12	5	20
43	3	49	35	37	36	4	35	24	39
8	40	31	35	39	47	39	43	35	34
43	19	41	13	21	27	21	14	24	17
19	27	1	12	46	34	13	37	16	29
15	40	4	43	7	47	49	23	50	1
39	43	28	21	27	24	13	36	15	11
15	40	12	7	20	32	39	19	39	6
34	3	28	6	20	3	16	48	7	24
28	49	14	24	29	27	49	31	35	22
21	27	23	5	15	25	29	47	24	25
8	30	34	45	17	36	15	22	1	25
9	15	30	41	33	17	26	39	29	44
33	9	35	18	35	7	31	24	42	45
25	19	25	32	16	49	15	20	7	43
12	27	30	11	14	6	48	32	22	49
50	41	19	31	42	50	46	17	11	11
6	42	31	7	50	40	41	49	25	35
2	7	32	37	32	7	29	24	4	29
10	49	2	43	46	34	1	45	40	16
4	49	9	47	37	21	47	23	12	24
15	50	7	38	47	43	9	32	49	36
22	23	13	32	2	8	41	38	12	16
40	47	9	10	32	4	48	36	50	12
11	6	12	31	14	10	42	14	47	3
25	19	46	5	45	32	36	28	46	29
31	9	12	46	35	19	41	48	7	44
45	24	33	37	26	16	11	33	18	42
16	27	42	9	41	21	1	5	15	50
18	21	41	21	32	2	45	17	46	46
20	44	8	3	9	2	37	10	29	30
22	4	10	4	14	4	17	4	5	14
18	37	34	7	26	25	34	12	6	24
22	44	37	23	23	23	19	39	1	40
35	42	26	36	29	15	11	37	8	28
35	41	13	33	29	33	11	1	27	34
18	25	4	5	9	28	17	38	32	41
36	29	4	15	29	26	11	49	28	12
15	48	4	28	40	31	32	5	44	40
12	18	13	17	23	10	38	22	28	2
49	23	5	17	43	7	38	48	4	3
23	13	23	16	19	20	22	27	16	28
47	12	45	43	30	18	16	37	43	19
38	40	22	27	14	42	44	37	36	33
43	34	2	42	18	50	45	48	48	3
39	12	6	50	5	37	29	12	38	25
42	2	6	35	15	34	42	47	2	27
27	35	41	34	35	13	10	4	26	30
24	19	39	40	31	27	34	22	23	27
14	33	50	12	42	42	29	18	27	34
8	49	46	21	27	4	21	23	15	42
28	26	36	8	2	23	14	16	4	39
50	20	24	26	14	45	36	30	42	44
