5	200
59	46	51	93	53
13	91	26	87	70
65	51	48	24	11
74	87	46	44	51
58	4	19	76	25
42	3	34	86	47
87	69	99	20	82
2	68	25	18	66
26	46	96	21	18
49	72	53	11	2
58	62	23	50	56
56	27	75	69	11
11	57	40	41	83
97	52	29	43	10
6	62	29	79	25
12	8	98	58	76
70	50	24	85	89
26	46	50	65	27
76	93	57	7	55
70	7	56	39	22
98	44	11	2	96
97	34	45	25	44
48	29	17	93	41
61	34	56	52	57
51	3	64	16	35
13	6	22	24	56
6	53	60	37	79
26	40	22	89	93
93	2	25	21	79
47	76	64	67	95
36	52	4	82	72
96	81	95	68	83
91	12	21	69	39
96	69	81	15	16
21	13	67	59	65
49	78	44	38	88
38	42	56	30	21
55	49	79	66	84
46	46	55	6	2
81	81	57	83	84
78	96	50	51	74
24	85	45	17	23
18	38	58	80	46
50	57	92	49	84
47	91	15	32	70
76	58	61	58	85
68	21	61	54	10
42	93	5	57	97
70	4	62	43	66
9	89	75	60	53
24	90	8	99	38
88	82	18	82	98
66	24	88	33	55
98	77	4	70	5
57	53	36	52	15
43	30	72	67	61
88	84	2	5	61
79	14	63	17	23
61	75	23	59	31
46	17	29	89	69
33	86	5	56	96
72	55	56	85	95
58	10	52	21	11
83	23	83	73	77
84	15	87	47	45
83	30	77	21	69
27	2	84	98	29
3	80	46	10	90
25	58	78	23	66
52	23	2	49	49
24	34	56	12	85
18	99	58	11	14
42	79	35	16	69
57	26	54	93	8
3	77	74	84	52
27	37	65	82	94
60	29	28	73	46
93	46	73	14	11
4	22	35	97	48
47	23	63	54	9
26	70	10	42	46
47	61	73	60	58
82	35	76	18	54
14	51	63	71	76
12	54	40	82	5
82	43	77	36	6
4	75	11	74	68
90	19	86	27	99
33	73	13	56	30
69	46	18	43	35
96	60	92	79	98
73	30	28	37	65
5	84	38	54	54
8	25	3	50	64
95	65	37	72	43
40	42	85	53	36
36	25	35	1	11
45	83	32	77	96
61	92	50	62	95
50	35	59	2	23
45	44	68	79	41
31	23	20	37	58
32	46	76	2	29
80	50	38	44	10
25	93	27	55	4
4	16	76	77	93
5	83	83	31	92
93	58	56	61	81
22	63	96	19	65
16	16	49	33	16
1	98	15	93	98
52	17	14	76	37
15	48	43	44	53
49	63	46	10	37
22	95	77	64	89
63	98	9	91	88
88	68	43	62	93
8	68	91	34	41
77	45	80	24	66
75	20	53	66	16
53	71	39	97	94
6	21	52	5	35
54	8	23	88	50
47	5	82	51	46
81	72	13	70	60
78	15	54	98	14
43	46	43	75	35
18	29	47	68	87
87	17	87	99	87
69	22	92	75	19
70	38	2	21	35
82	59	70	37	17
92	68	55	91	92
9	66	48	53	33
18	59	15	64	59
65	86	14	83	92
56	23	80	79	45
5	44	23	41	54
59	60	10	51	96
19	63	97	7	79
4	75	39	42	1
11	24	39	62	71
96	45	87	45	62
69	89	76	46	88
65	43	8	100	74
59	49	64	68	41
3	90	8	4	89
82	84	38	78	34
82	6	62	70	58
15	73	66	89	28
31	87	51	20	15
61	67	40	68	43
63	60	71	21	68
7	37	84	57	81
85	52	98	13	6
59	81	38	42	60
86	84	75	41	10
16	39	89	90	28
15	45	70	36	72
22	36	41	2	52
78	90	9	9	43
80	89	39	14	56
81	30	99	9	57
80	85	30	12	53
69	49	95	29	67
41	82	63	41	85
24	40	36	90	82
97	75	67	98	31
27	100	76	34	48
86	46	61	79	93
37	6	30	50	83
30	96	80	43	3
98	26	98	30	33
41	94	9	27	61
5	19	32	81	26
69	73	61	82	81
95	21	85	49	48
18	11	86	8	52
2	95	25	96	34
2	2	46	1	7
92	38	34	19	88
19	74	50	25	15
57	35	98	62	9
77	42	49	82	16
31	8	2	76	59
10	95	37	48	25
67	27	61	76	90
58	88	67	62	30
44	61	62	93	96
67	97	63	87	57
61	53	65	85	76
84	36	59	60	78
24	38	2	1	48
30	75	23	73	52
90	75	88	52	72
70	47	9	81	92
13	33	50	91	65
15	63	76	100	6
22	29	7	84	7
7	60	62	46	66
