20	200
35	28	1	30	31	4	17	44	17	5	10	44	7	17	10	48	24	44	38	17
19	12	32	9	45	41	45	37	13	26	50	27	2	10	3	31	4	4	23	21
14	9	36	43	29	31	5	24	50	50	20	49	7	11	50	24	47	43	35	41
10	30	31	41	6	33	43	47	15	30	45	20	21	17	4	11	26	39	31	14
36	22	38	14	7	1	21	41	11	29	34	11	19	33	12	34	28	46	38	46
39	9	10	21	6	50	28	40	7	39	48	9	13	21	6	39	42	18	34	5
13	2	36	36	46	34	2	39	5	21	33	31	2	35	26	28	12	18	8	8
23	31	34	22	32	26	49	48	28	24	42	11	12	33	33	37	23	25	25	22
48	40	35	37	7	18	7	28	46	28	27	25	10	27	33	32	19	14	4	21
36	4	12	32	29	23	20	19	3	39	5	38	44	37	11	33	47	47	16	15
19	22	3	50	47	18	1	36	1	2	19	10	21	4	37	44	28	4	9	34
48	39	26	7	24	40	32	24	16	50	36	22	49	40	3	15	2	13	35	11
22	35	18	2	21	46	17	40	50	17	6	43	39	32	17	30	47	46	26	8
37	28	20	2	16	47	12	32	2	23	42	16	19	48	13	14	21	24	37	29
23	42	24	50	45	43	34	17	23	23	19	7	37	28	25	44	15	17	36	24
35	36	38	28	25	40	25	41	20	3	9	23	9	48	35	45	5	20	7	23
14	45	9	30	5	36	30	42	24	20	50	5	39	13	44	38	5	47	25	5
19	44	48	21	14	46	49	39	43	30	39	46	10	13	11	40	27	8	24	40
11	33	17	1	4	5	34	46	4	48	40	9	46	3	5	20	48	38	17	9
37	41	50	45	31	5	45	26	3	5	11	47	24	35	45	37	27	48	18	9
13	3	35	46	40	31	50	8	9	41	42	40	42	15	3	21	34	23	20	50
11	9	44	50	37	43	36	11	9	18	44	1	21	8	47	35	6	4	5	50
5	38	17	13	13	22	6	9	33	24	3	5	28	18	49	4	10	36	9	47
46	40	50	41	48	42	19	34	19	19	15	30	19	21	46	24	42	31	37	15
38	28	29	35	16	39	24	4	10	43	26	21	45	8	5	15	39	26	15	22
4	23	40	14	10	23	37	7	23	25	13	29	49	45	10	18	12	15	26	9
18	16	24	27	44	44	36	11	16	31	36	16	17	16	12	15	38	15	25	43
2	17	31	35	31	47	23	1	49	37	4	24	1	6	4	39	50	14	21	16
38	27	42	43	40	47	13	34	33	45	31	47	40	33	8	2	35	39	46	47
22	35	13	30	28	12	16	11	12	23	16	24	45	9	6	26	26	39	45	35
35	39	18	4	6	7	34	19	49	3	4	11	18	24	45	3	14	12	15	29
31	2	22	10	29	7	3	31	27	32	27	47	44	12	13	33	17	10	24	21
29	48	12	10	19	6	6	21	15	3	13	14	24	17	4	33	17	9	25	49
5	3	42	18	26	8	17	7	12	12	37	5	39	44	50	34	41	13	41	24
1	32	17	24	19	14	23	27	9	30	16	9	35	25	17	26	6	44	34	12
39	50	10	3	17	8	26	30	17	20	42	5	18	2	48	23	37	18	49	13
35	40	48	32	46	28	21	14	28	25	28	47	29	30	35	2	22	14	8	12
38	44	11	39	38	12	42	33	27	45	40	39	46	21	27	49	2	29	8	40
38	12	3	43	42	46	26	38	17	47	1	23	11	38	25	42	30	10	44	35
37	38	38	33	35	40	2	9	3	37	50	44	7	18	24	27	42	18	47	43
37	4	17	30	44	17	29	8	47	36	19	43	35	23	4	1	25	20	8	3
44	18	35	31	48	8	17	43	15	49	1	13	13	1	49	33	22	8	40	19
12	44	12	18	18	7	9	34	15	24	3	22	10	45	49	19	20	36	33	36
1	36	44	48	35	7	31	34	25	21	29	18	30	40	42	50	6	17	14	41
49	33	28	41	47	29	3	18	3	30	14	37	25	4	18	26	1	14	33	12
27	26	10	45	45	36	42	21	4	49	14	3	22	42	38	18	9	3	2	7
4	13	32	45	8	43	43	26	22	16	50	42	35	3	15	23	24	34	47	12
38	32	15	4	17	12	15	34	17	1	17	49	13	27	8	14	45	15	37	2
43	16	49	38	50	22	18	20	27	15	44	26	7	41	20	22	48	28	28	47
29	10	10	22	49	1	30	8	46	2	29	10	47	45	19	22	34	28	4	46
44	45	7	2	7	42	43	22	8	36	17	17	37	40	24	34	7	27	39	49
43	11	25	26	36	35	29	12	23	48	39	21	25	33	4	34	3	8	16	7
9	8	50	11	36	13	23	8	21	35	15	7	39	5	4	33	21	31	17	22
14	31	49	10	47	46	42	4	37	40	31	49	12	32	41	35	11	14	41	23
13	21	41	38	33	32	32	20	30	21	13	22	42	44	44	29	10	41	14	40
22	19	21	32	4	17	46	7	15	19	23	7	41	44	10	44	40	12	27	16
14	23	25	16	27	10	8	18	39	12	26	21	1	2	2	44	1	10	34	17
37	26	5	11	49	7	32	48	34	1	39	48	14	49	26	49	45	6	5	45
10	28	18	4	44	3	7	40	43	17	44	30	28	11	29	39	18	14	17	21
29	10	34	39	24	28	7	3	26	3	50	45	6	39	8	9	8	2	17	47
1	42	6	18	8	9	20	4	20	38	32	31	39	34	17	50	45	30	30	17
46	4	14	40	17	49	25	39	4	21	32	17	48	21	21	37	5	16	32	15
8	4	33	39	22	20	6	22	23	8	15	29	22	1	2	47	29	16	1	9
35	31	1	49	6	15	34	19	14	31	46	29	48	16	9	43	21	26	19	48
43	3	17	46	7	4	45	47	20	25	9	39	16	24	31	27	3	35	33	7
36	38	9	43	12	36	31	7	42	9	26	4	47	4	17	32	15	5	43	3
21	37	50	40	23	7	14	25	36	32	40	37	43	12	13	5	45	25	35	21
23	39	5	11	49	6	43	13	7	49	13	49	43	31	37	50	39	20	21	6
23	7	21	11	20	39	11	36	41	12	38	41	21	22	30	32	33	40	41	18
15	1	18	38	20	41	45	13	25	13	17	25	4	30	48	17	18	45	41	10
45	7	22	46	11	23	29	22	1	5	18	50	29	4	41	22	39	34	42	29
45	49	11	29	45	13	37	41	24	14	15	38	49	31	23	8	30	22	27	47
13	24	12	21	46	18	47	1	39	26	28	34	4	13	16	46	47	44	2	48
36	38	48	38	41	30	1	48	31	33	43	18	7	45	16	22	38	41	33	27
17	36	3	48	36	31	35	36	16	27	12	37	21	30	12	26	26	24	30	17
17	50	21	7	34	11	27	9	47	45	9	7	11	25	32	50	36	1	3	11
45	16	32	4	22	6	47	28	34	41	46	14	12	16	11	18	16	46	14	26
4	27	39	22	19	6	26	47	49	12	40	26	22	19	22	2	18	17	36	28
14	50	26	7	49	45	46	46	15	15	35	40	37	27	8	19	27	11	36	16
30	1	30	22	1	20	43	43	44	9	50	50	11	36	12	5	1	33	23	24
11	31	32	34	28	1	40	45	12	4	25	7	31	20	49	13	20	4	6	30
3	3	2	6	15	35	30	1	15	4	18	45	39	12	6	50	20	46	45	1
31	48	31	41	34	44	19	41	38	50	35	48	27	44	22	8	30	26	20	43
22	40	30	9	36	31	19	19	15	49	44	25	9	5	49	5	23	11	22	21
17	39	13	16	19	21	18	45	41	48	21	44	26	3	30	41	19	23	6	4
25	50	27	40	6	11	39	22	45	17	36	19	4	49	27	33	28	15	40	15
14	25	29	17	29	1	49	7	26	9	37	50	5	19	47	17	12	23	10	9
32	46	50	25	12	2	40	27	26	47	14	5	33	41	41	1	22	10	12	6
13	33	47	37	30	36	15	36	3	10	21	5	5	32	34	18	25	4	6	27
11	22	31	29	46	33	18	14	28	46	46	3	12	5	47	50	50	14	45	27
37	4	25	16	26	9	50	1	8	23	27	18	5	35	45	41	2	18	41	48
18	1	8	7	15	19	44	1	36	35	19	11	9	29	41	8	47	16	4	38
33	18	7	6	20	28	48	28	10	6	48	32	23	48	9	37	47	18	2	8
15	50	16	24	5	16	10	26	45	38	45	37	15	4	15	1	45	3	38	38
21	17	41	30	37	37	39	12	21	5	11	30	14	47	23	33	2	34	1	5
19	23	33	22	12	12	18	19	33	8	42	44	31	14	37	49	10	36	37	18
28	48	6	41	27	15	23	19	32	32	49	12	2	33	20	49	34	19	19	26
20	20	29	13	13	18	50	1	10	24	24	17	47	34	28	21	17	43	46	47
40	50	38	1	9	30	42	48	45	39	16	41	17	11	49	9	19	43	28	10
16	23	9	8	9	33	15	19	6	49	32	41	24	23	37	21	32	29	4	34
26	2	6	22	9	34	50	36	36	20	2	25	16	36	31	17	41	30	43	27
15	24	42	46	7	25	17	45	25	28	27	41	39	45	35	15	17	38	49	25
33	30	34	37	47	8	26	39	42	20	30	2	36	28	19	3	10	10	15	35
18	6	11	8	43	12	36	21	2	17	1	3	32	19	44	36	40	6	49	50
49	29	3	6	48	25	5	12	26	33	5	8	24	15	8	28	19	27	44	36
22	6	38	25	20	28	21	18	35	33	13	5	11	15	37	40	3	6	10	19
7	25	45	19	13	43	30	18	12	17	18	14	12	14	29	44	42	28	37	21
4	38	28	44	20	1	47	9	28	19	25	13	17	26	29	47	11	19	13	27
48	4	7	18	16	50	43	47	37	43	48	26	19	40	15	20	48	2	50	12
46	22	40	43	43	5	47	37	35	32	33	24	15	11	23	1	31	10	28	20
8	1	23	36	21	49	45	28	12	10	49	9	19	2	31	27	15	14	26	11
4	7	12	5	10	25	11	9	17	14	39	39	24	30	4	46	49	4	23	44
11	19	25	26	33	25	5	14	30	47	36	18	35	18	17	2	39	19	26	46
39	36	12	48	21	11	36	40	48	36	28	11	41	33	50	36	32	37	22	36
21	47	30	20	28	22	5	7	13	3	8	31	29	27	5	26	7	27	6	23
40	15	17	44	19	26	27	2	18	32	20	3	48	40	26	43	7	43	20	50
7	29	27	46	28	48	32	15	28	25	29	6	31	49	47	6	30	36	1	3
45	3	39	32	33	6	34	40	2	13	20	15	7	6	16	11	39	22	17	22
44	13	25	44	3	15	22	49	44	20	13	21	42	18	5	5	40	45	13	23
14	43	13	16	6	15	49	25	34	37	18	9	20	30	9	33	28	46	29	19
34	36	46	33	1	49	23	40	2	12	21	44	10	44	8	1	1	10	39	39
17	47	15	8	3	4	2	12	9	23	27	45	16	44	39	29	47	30	15	7
42	9	24	23	16	24	50	26	23	9	33	19	8	41	3	38	21	39	30	47
48	11	31	29	35	27	28	16	6	29	4	21	45	32	47	8	24	43	42	29
5	26	40	1	41	9	37	26	42	2	8	8	50	19	9	31	29	45	38	39
47	35	21	44	5	12	24	26	44	45	15	29	48	2	43	23	22	31	39	26
41	3	24	4	21	46	21	27	24	17	30	29	5	3	33	21	5	47	47	29
36	11	32	47	38	30	11	49	27	37	10	49	7	13	49	45	11	18	23	9
42	48	3	28	16	36	24	45	19	22	18	25	34	10	41	30	21	27	17	41
36	22	50	37	7	31	23	43	5	39	10	38	24	39	38	38	9	5	31	2
7	17	31	5	19	35	15	47	22	20	24	34	1	32	24	20	48	16	21	35
14	32	41	31	13	31	2	46	23	3	21	17	47	16	35	19	42	45	19	23
17	26	21	35	15	27	38	42	15	18	40	43	34	46	38	25	27	1	43	39
34	20	24	19	49	8	38	35	48	5	29	3	48	49	19	38	12	6	16	36
43	10	31	5	14	29	34	1	28	11	43	42	3	30	40	48	3	2	36	8
39	3	45	11	40	37	46	35	28	50	14	21	36	7	46	24	39	19	6	21
24	38	7	37	13	37	1	18	10	21	36	10	21	8	48	41	16	21	16	27
33	50	23	28	47	22	7	46	35	17	9	34	46	15	34	2	46	8	48	4
36	28	25	7	15	4	1	28	10	6	8	19	4	30	39	25	15	29	41	42
31	6	34	44	13	3	15	6	24	47	45	9	23	13	41	5	25	17	14	44
21	29	37	29	9	41	30	17	27	10	37	17	18	7	23	31	45	31	45	12
40	46	5	14	11	50	47	42	39	34	50	49	16	48	21	2	20	5	36	22
23	48	29	15	10	28	41	16	40	10	11	45	22	2	4	26	25	23	19	10
45	39	28	44	10	39	2	21	37	22	12	40	46	23	40	42	18	41	5	34
9	31	2	30	23	6	27	14	44	46	28	47	37	27	28	34	21	36	5	21
27	21	30	19	49	21	50	50	13	13	9	35	19	36	1	14	38	49	21	5
13	39	28	42	44	16	4	20	45	6	21	33	36	34	7	38	2	34	31	3
7	27	2	31	37	44	28	2	26	15	47	23	15	1	9	39	44	39	25	33
18	31	6	7	42	27	50	36	29	13	13	4	18	19	48	36	37	47	5	1
38	2	44	31	9	49	18	35	25	19	45	14	9	48	36	27	22	45	39	11
45	43	24	14	3	44	5	47	3	24	2	47	34	25	46	16	37	25	49	44
9	15	11	10	19	50	46	20	34	22	14	43	9	44	7	46	29	31	29	16
45	22	32	2	18	48	30	35	3	20	40	47	47	46	3	30	32	14	46	4
48	35	14	31	10	10	39	41	18	1	38	7	47	33	49	38	33	10	43	21
20	12	18	14	33	18	47	13	42	28	14	15	35	26	18	10	8	2	42	9
9	40	18	3	33	33	50	14	47	15	48	23	22	25	34	37	17	50	49	43
13	27	49	41	37	23	22	22	15	39	30	32	18	35	12	31	44	16	32	1
18	33	17	27	30	42	44	11	42	32	43	8	3	50	46	33	41	27	17	10
11	28	50	8	35	16	5	37	13	4	43	2	19	49	26	31	11	23	11	45
29	12	31	34	46	23	29	19	40	30	40	18	49	22	40	40	34	9	43	14
37	7	48	39	39	42	40	5	24	15	23	19	17	22	32	49	48	16	12	13
38	37	48	34	14	26	4	47	9	37	48	2	31	47	9	22	15	43	45	5
33	24	45	25	8	22	1	28	41	42	42	18	47	30	27	1	10	14	25	14
39	43	47	38	18	21	39	21	14	10	34	6	22	7	31	15	43	24	27	43
25	26	7	18	45	30	5	1	21	8	13	1	18	31	17	40	27	7	7	37
34	31	15	32	8	37	47	40	50	12	8	37	38	33	39	13	37	30	44	39
16	38	50	6	47	33	38	41	40	41	38	36	17	40	10	45	12	25	10	9
34	15	2	9	1	27	14	36	43	5	3	48	14	19	21	46	31	9	35	25
49	6	1	9	25	23	20	49	23	45	1	12	20	36	5	2	37	42	6	20
20	3	49	36	39	40	23	49	20	14	14	3	41	36	10	28	15	44	34	28
8	16	13	48	4	41	29	29	14	20	10	39	4	15	5	47	8	15	20	35
50	22	30	9	32	49	22	34	26	27	37	43	8	28	13	5	40	2	33	48
12	45	35	50	5	25	50	26	31	14	21	1	24	50	29	36	37	4	16	6
19	45	3	37	34	17	31	26	3	1	8	6	33	23	23	6	37	30	5	7
49	47	4	13	6	37	19	9	50	28	19	36	36	27	29	18	42	48	17	38
44	24	24	31	6	15	18	2	27	23	49	7	50	10	7	22	42	41	31	48
48	23	27	25	32	22	21	6	44	6	15	40	14	17	14	26	24	23	7	42
19	18	32	27	29	13	36	27	21	7	26	1	18	20	41	22	47	49	49	35
45	13	9	21	9	10	44	34	46	32	49	19	35	40	29	31	41	50	47	20
36	45	36	37	31	14	22	45	26	43	29	26	25	23	47	6	10	11	19	20
19	3	31	40	9	7	17	28	41	10	31	48	3	29	49	50	28	22	41	45
38	50	8	4	3	23	45	13	43	24	22	30	31	27	2	34	15	46	28	24
48	45	4	16	12	32	24	46	24	48	29	38	21	25	32	20	46	27	37	36
13	5	35	18	39	2	17	26	28	16	35	32	45	18	48	44	46	42	43	22
50	49	39	45	45	34	10	7	46	32	38	38	10	42	11	44	10	37	28	10
15	48	18	8	14	48	43	3	28	39	25	4	35	16	37	14	16	41	23	5
43	11	31	47	28	47	23	3	8	5	34	9	15	33	8	3	31	32	32	47
41	8	30	7	8	34	4	44	6	47	28	20	15	23	18	4	18	22	31	17
26	41	45	23	6	16	40	2	9	35	33	35	9	26	15	35	32	24	39	44
44	29	47	11	27	14	45	43	15	4	35	10	1	16	22	1	13	7	2	42
45	3	36	22	14	44	12	39	9	33	23	44	33	37	24	47	44	35	47	42
21	48	37	5	50	24	34	43	5	14	23	26	23	48	50	41	43	25	48	33
3	7	34	33	32	41	27	15	43	25	7	29	10	10	21	47	16	32	23	40
11	19	34	45	11	47	22	36	37	33	4	20	37	15	39	15	14	5	24	9
48	20	1	30	7	45	17	13	27	3	25	12	3	8	22	34	23	40	22	35
20	41	28	10	21	38	42	45	22	7	33	12	8	14	43	42	19	4	38	16
31	9	10	35	8	43	17	30	43	6	42	25	33	39	40	7	42	41	10	20
4	22	42	21	20	14	4	39	15	31	15	19	2	7	4	11	32	44	3	29
22	12	3	16	15	9	29	20	25	36	50	29	45	19	12	10	18	39	15	44
39	28	15	13	41	23	23	26	35	30	25	49	38	31	49	43	20	26	6	12
