20	50
83	4	34	1	90	84	79	83	31	61	82	93	50	3	40	53	65	22	21	10
51	54	92	71	63	97	81	64	48	61	75	92	19	100	37	38	17	56	71	67
50	32	98	23	40	20	59	4	46	70	32	51	46	43	46	29	12	64	39	93
4	16	35	70	87	90	75	51	67	3	36	9	52	55	60	20	57	69	31	43
39	77	18	79	30	24	47	77	55	8	26	54	17	78	64	35	97	28	37	50
46	9	37	44	34	23	99	92	83	26	72	43	33	96	55	27	98	57	40	64
44	98	96	60	77	83	92	75	92	26	24	30	33	81	98	30	40	75	45	8
25	56	95	29	37	84	21	21	23	38	38	40	89	74	7	48	13	78	67	51
31	25	100	58	2	43	10	53	99	25	87	24	12	32	39	89	4	68	24	94
63	72	52	55	89	85	42	60	75	50	18	63	8	95	78	1	56	37	27	94
74	69	23	98	51	14	28	57	35	18	45	45	55	74	88	60	73	46	69	18
2	51	78	50	8	24	16	18	55	38	34	67	41	30	20	95	49	54	4	75
58	85	25	57	5	73	8	34	7	18	28	10	68	10	93	24	91	73	91	27
99	10	2	98	85	78	5	26	55	94	11	19	42	95	61	17	26	22	45	35
17	82	11	37	11	24	99	32	37	96	4	77	64	77	77	48	84	28	72	27
69	83	80	13	8	9	68	74	49	77	99	70	28	56	11	17	99	65	88	62
80	73	89	59	91	35	56	66	19	13	33	98	50	19	67	34	3	99	30	2
56	26	83	61	98	34	49	9	67	60	49	19	41	10	48	96	94	22	23	74
54	3	56	36	44	1	20	10	89	77	15	1	36	86	7	54	90	29	62	57
86	48	100	59	65	15	58	40	71	71	41	81	76	56	48	53	71	47	17	97
15	40	20	90	46	48	83	55	4	95	6	65	61	67	89	7	4	97	72	30
44	81	40	19	37	34	26	81	38	54	84	43	13	65	43	47	28	10	14	18
32	3	37	77	65	76	21	10	68	42	50	74	76	88	54	35	100	1	54	12
23	3	17	51	11	64	53	96	24	42	79	95	84	55	98	41	44	64	54	61
13	16	13	97	4	10	68	25	12	9	47	27	56	2	95	29	87	86	66	2
23	26	86	26	64	56	91	22	90	13	91	37	48	93	100	7	91	21	47	2
97	28	85	16	96	52	39	83	60	70	55	59	98	52	38	88	31	87	33	49
20	46	36	100	19	10	80	64	3	89	39	66	40	64	6	96	41	70	31	13
18	8	62	21	58	32	39	96	56	12	77	4	88	98	83	51	93	86	98	86
72	76	81	72	31	90	20	35	46	43	47	61	57	21	32	12	84	15	42	87
71	84	8	91	13	35	78	42	82	56	3	56	73	45	41	42	28	91	90	69
13	5	51	13	65	16	48	67	67	71	67	79	44	11	15	89	68	90	60	97
12	78	53	91	41	91	88	12	81	90	85	94	25	73	74	67	34	95	26	97
88	12	76	11	89	24	12	62	30	52	75	38	32	94	58	35	53	60	73	74
28	36	87	77	87	74	55	71	37	49	56	73	65	64	10	1	3	42	2	17
80	27	83	30	16	47	62	31	16	40	15	74	23	52	69	52	25	100	25	16
70	41	25	81	97	3	74	69	85	58	33	11	58	57	95	2	54	58	62	41
12	24	56	98	35	82	51	13	95	58	76	3	18	87	48	39	2	2	33	13
74	94	47	59	7	4	17	67	57	68	99	68	39	84	4	47	86	27	47	15
53	61	74	27	82	30	93	71	9	57	100	52	25	49	67	19	78	98	92	31
66	84	57	28	60	9	65	34	84	2	53	76	56	19	61	14	20	20	77	77
11	46	58	1	68	47	43	90	18	85	69	89	35	16	50	69	5	47	68	74
65	60	88	8	4	25	97	7	88	54	99	58	22	16	20	20	27	57	61	13
66	76	17	99	33	65	41	40	69	93	9	74	53	3	12	52	59	50	97	44
51	37	2	64	87	12	68	20	96	30	42	49	87	55	9	90	44	89	76	40
85	57	38	96	46	26	6	19	4	69	62	78	60	17	63	29	74	54	13	21
98	21	45	39	51	61	88	98	94	22	9	70	74	57	59	95	99	7	19	61
6	49	16	27	69	65	89	70	93	81	17	91	77	55	42	64	13	100	46	85
39	9	26	83	61	93	4	4	59	68	30	67	35	52	16	50	6	18	71	86
73	18	5	14	5	18	93	19	16	96	83	100	62	34	23	98	23	34	67	76
