20	100
36	46	28	12	2	47	24	24	46	15	3	2	42	18	42	44	44	25	12	14
35	19	2	4	24	26	15	11	39	45	37	1	15	41	38	45	34	20	5	22
48	23	8	36	24	31	32	45	25	38	6	36	3	29	32	18	45	24	39	27
33	13	36	2	28	2	37	1	30	47	11	24	20	41	16	13	12	16	31	44
44	21	37	2	40	2	49	37	10	21	1	10	32	29	39	36	38	7	8	22
45	32	15	29	27	33	17	13	13	20	6	29	44	46	33	13	26	35	12	27
3	50	42	10	46	2	42	42	2	31	26	5	9	9	50	13	7	9	25	7
36	37	25	40	15	23	16	37	46	27	10	3	45	31	20	45	40	6	33	25
41	25	11	32	44	2	20	36	46	21	7	18	10	6	42	16	25	2	45	24
36	6	46	25	22	23	11	29	40	5	23	1	27	50	16	11	26	44	47	14
3	31	41	26	21	42	44	40	39	4	21	39	11	9	39	36	30	37	11	21
42	42	47	42	48	6	42	10	40	32	40	32	5	32	22	6	15	20	4	30
30	22	40	36	35	35	41	18	11	31	31	40	34	26	23	12	35	49	29	16
1	34	50	8	14	39	34	30	38	34	21	11	33	31	42	21	2	11	8	14
15	24	49	10	2	1	49	29	10	10	22	16	42	39	29	46	22	33	23	46
1	12	31	28	11	21	8	3	35	2	10	24	42	16	1	28	36	41	7	14
41	5	21	28	13	5	20	44	3	47	49	20	38	12	13	4	43	22	49	31
43	46	45	8	1	48	25	26	38	2	10	32	26	10	6	47	41	4	16	6
2	14	1	39	4	40	37	30	4	48	35	15	42	26	21	45	11	14	27	15
31	44	7	2	37	18	44	28	7	17	13	40	6	44	30	30	46	7	4	11
12	45	23	41	17	46	40	1	40	11	36	28	27	1	26	8	8	50	3	36
46	9	23	38	35	46	9	48	47	42	50	5	10	16	4	36	21	16	35	41
28	44	39	47	31	35	14	5	18	22	22	47	4	19	16	3	22	36	6	22
38	42	5	49	12	32	19	11	48	40	37	42	15	12	9	2	21	27	8	1
33	4	30	25	20	3	1	42	1	1	14	36	11	14	3	36	40	41	36	49
16	3	8	29	36	30	33	42	10	14	33	46	29	6	40	35	12	31	29	9
32	28	10	47	27	2	32	1	10	23	13	31	42	9	35	30	46	2	40	41
21	9	32	38	19	19	8	5	25	19	24	10	12	28	17	39	43	12	3	35
48	32	33	37	2	2	5	20	22	10	39	11	41	39	39	23	47	23	28	8
44	28	27	41	50	3	19	15	42	47	37	35	50	6	43	39	26	45	37	18
15	38	34	15	31	14	19	24	40	45	42	21	34	45	41	21	6	43	38	49
33	41	28	25	24	4	11	36	46	50	47	2	37	11	43	6	44	12	11	36
35	46	26	48	5	17	2	6	15	22	34	34	8	39	35	25	11	9	42	27
4	33	28	40	48	40	34	24	3	35	28	44	32	2	14	38	15	31	21	8
3	6	22	24	16	14	45	49	26	18	46	36	21	34	33	2	18	36	1	15
33	29	3	31	45	41	2	6	25	47	10	31	39	34	25	49	12	4	25	34
46	36	48	35	39	42	23	49	20	12	20	30	30	6	26	25	3	41	30	25
12	40	25	29	9	16	48	38	10	35	41	14	11	17	20	47	31	19	43	3
19	4	37	13	28	30	1	33	9	1	47	21	25	1	23	6	12	19	27	23
45	35	39	35	22	7	20	13	36	29	44	34	49	27	7	9	3	12	2	29
16	15	29	10	39	21	40	11	45	15	36	13	43	20	9	34	15	2	42	22
11	38	47	30	7	13	22	49	44	15	3	1	17	48	8	31	7	30	47	2
17	10	19	22	44	31	42	30	18	23	44	2	20	31	18	28	18	50	3	26
49	41	17	31	12	35	47	45	13	29	28	36	6	41	5	2	20	26	37	27
22	43	31	22	21	2	31	36	31	30	13	7	27	21	3	27	43	38	11	9
35	47	18	40	46	8	47	30	27	17	9	43	14	27	5	6	11	46	10	10
5	11	15	33	16	21	10	35	38	28	9	32	15	28	42	25	26	41	27	14
6	1	10	14	21	20	44	50	17	48	17	48	29	1	4	25	33	35	25	25
49	12	43	49	8	28	28	36	36	30	31	20	20	46	5	5	1	1	12	46
27	10	19	41	12	12	3	15	24	17	42	41	17	2	16	44	9	11	7	44
43	8	15	37	18	47	29	33	47	50	24	33	23	29	49	40	44	3	37	47
25	14	13	19	39	40	3	18	31	12	46	41	44	18	4	19	45	32	24	16
33	21	19	24	44	10	19	39	3	27	50	7	24	11	20	29	46	47	49	28
44	11	3	35	4	34	39	5	25	30	45	12	29	22	14	4	46	39	25	29
22	15	16	5	12	40	17	34	49	26	24	48	34	46	22	22	19	34	20	11
22	14	14	24	32	38	28	3	47	16	33	7	22	20	7	30	46	48	24	15
17	5	7	50	7	47	29	34	1	42	36	13	20	15	8	9	2	42	23	24
12	15	38	33	43	17	27	14	40	42	27	21	10	6	44	17	7	14	18	36
10	44	2	5	31	21	38	7	13	49	28	4	26	1	3	2	17	25	8	40
21	16	45	9	16	15	4	14	21	41	3	39	25	38	15	19	13	34	2	23
29	20	1	42	14	23	46	10	3	43	50	32	6	28	15	44	50	44	39	16
17	24	37	22	46	40	30	39	36	35	39	34	23	36	11	1	15	4	45	43
20	44	12	29	42	21	33	48	23	21	19	20	45	37	6	6	34	29	46	25
44	8	24	19	4	17	9	21	17	15	30	46	49	46	46	23	13	8	31	26
8	32	16	16	16	19	39	37	30	6	18	36	9	21	50	13	21	44	26	25
12	13	31	9	42	23	22	49	41	33	43	26	49	20	17	12	42	9	3	35
28	23	41	12	47	44	38	28	47	34	3	19	33	6	15	46	2	8	24	43
48	41	47	48	13	42	38	39	4	38	21	13	41	41	48	39	22	19	12	49
36	44	3	7	30	25	44	43	6	22	11	35	35	10	38	38	27	44	50	6
6	49	24	9	13	41	28	42	9	26	25	33	46	26	8	4	38	40	18	39
48	46	34	33	28	37	28	32	4	11	13	28	20	7	44	37	20	44	45	40
47	2	35	30	48	28	39	10	3	34	50	38	27	12	8	10	16	42	32	27
13	47	39	48	13	47	14	40	33	21	35	44	45	28	43	46	12	4	36	1
49	19	29	21	11	26	2	9	49	34	22	29	13	19	27	50	14	37	18	1
14	49	27	32	50	6	43	49	19	12	48	12	7	32	28	44	19	18	37	38
46	6	42	49	49	7	32	27	1	43	33	25	37	35	37	50	42	47	22	5
33	3	40	38	37	11	22	32	41	34	32	46	1	30	6	9	8	29	33	43
25	17	48	26	30	24	25	22	45	29	3	22	47	32	6	44	16	5	13	39
35	50	36	18	12	37	25	8	29	28	43	14	14	29	31	17	5	14	8	13
36	50	37	13	32	10	50	19	24	13	44	3	17	45	9	25	31	31	15	44
49	18	43	18	36	39	8	19	2	40	39	2	47	50	4	35	14	24	37	3
37	6	34	17	35	41	47	20	20	6	36	25	50	15	15	19	7	20	28	43
2	31	18	35	24	42	7	18	42	24	12	8	44	12	7	44	35	27	33	46
43	39	49	47	4	15	3	33	36	36	28	45	47	45	1	6	39	49	43	44
34	29	29	47	44	29	31	38	9	22	34	31	37	33	50	14	33	22	32	10
40	25	33	6	47	18	12	49	12	1	5	36	34	40	12	14	10	3	3	25
34	15	24	14	2	48	8	15	46	37	24	17	18	34	4	10	47	23	50	27
18	32	27	8	17	49	47	47	21	36	4	31	20	7	26	25	1	19	5	49
11	48	4	26	28	39	19	1	36	2	18	38	3	26	8	3	39	17	48	4
1	11	44	10	33	43	48	11	9	30	10	29	18	2	17	21	29	2	31	28
30	47	12	20	19	17	28	44	50	24	37	35	21	2	48	50	4	44	43	35
41	9	43	7	43	39	20	2	10	37	24	38	36	20	24	5	50	25	41	16
16	5	12	35	44	26	8	17	4	17	17	35	9	47	38	22	4	6	28	30
48	27	34	13	50	49	49	1	29	44	1	30	4	27	20	36	48	8	13	17
32	3	49	43	21	40	29	40	33	3	1	45	48	12	19	39	21	49	36	45
27	7	39	10	17	38	32	33	28	2	25	47	43	11	49	45	29	42	43	11
21	10	19	27	43	7	33	42	9	31	16	49	23	19	40	25	15	39	27	33
8	47	13	31	28	5	2	37	13	24	10	30	6	25	25	18	39	13	17	10
5	40	25	47	37	26	24	24	21	24	31	41	15	10	3	24	48	38	49	39
5	46	30	35	21	36	43	49	44	22	37	2	22	17	28	19	23	16	45	3
