10	200
12	7	13	12	12	11	19	8	1	19
9	9	6	12	18	16	7	2	17	2
10	8	8	15	17	3	5	13	3	2
9	1	3	12	8	16	20	13	4	19
4	9	3	8	9	3	11	9	17	13
2	16	18	8	5	5	20	19	15	9
6	6	6	20	11	9	7	15	5	3
16	15	18	18	18	2	5	20	6	15
12	17	17	10	20	13	3	16	7	4
16	2	19	16	13	18	3	3	18	1
17	16	5	14	18	8	19	20	10	4
20	20	13	1	18	10	10	17	1	19
6	11	9	2	7	15	16	3	6	20
19	3	3	6	19	17	13	3	13	12
15	4	6	4	4	17	9	18	18	3
9	7	3	20	15	6	8	3	8	3
12	16	15	11	5	18	17	8	2	2
18	7	4	9	4	3	6	5	18	10
6	19	6	3	11	13	20	4	11	14
9	10	16	10	20	20	9	15	20	7
1	1	16	17	6	3	3	15	16	13
20	4	5	18	17	14	10	13	20	13
18	13	17	9	13	8	11	15	10	5
14	11	6	11	10	6	3	9	17	9
11	6	9	19	14	6	5	19	13	6
10	17	15	8	10	8	5	8	4	18
12	8	6	11	19	9	19	15	8	12
12	2	16	12	3	13	4	19	15	8
3	13	3	4	16	17	16	18	2	3
1	16	6	20	17	3	1	18	20	5
7	11	12	1	15	9	2	4	6	17
4	6	13	16	15	20	6	2	16	3
13	1	13	6	11	17	17	17	16	20
13	7	19	10	1	13	2	2	9	8
15	13	13	6	19	16	4	10	5	17
17	19	3	18	13	7	19	7	10	19
13	6	9	6	5	18	8	3	16	3
19	5	14	9	8	1	8	8	7	16
13	7	12	19	4	14	4	2	18	15
14	16	12	10	16	10	5	8	1	2
9	1	15	2	19	13	5	15	11	12
19	12	20	14	6	6	14	10	2	11
14	6	5	1	9	4	13	4	14	19
16	1	7	5	8	13	13	11	20	12
9	10	12	7	17	3	16	18	5	10
16	15	6	10	8	3	17	14	13	16
20	2	1	12	17	18	5	15	7	14
13	4	11	11	2	4	15	19	5	7
9	15	20	4	3	2	16	17	18	5
16	19	18	5	12	8	9	20	10	19
19	1	12	11	18	13	5	15	9	4
8	19	10	7	8	6	3	18	10	16
3	8	18	2	19	14	7	6	19	15
15	16	9	7	9	8	4	9	7	11
17	1	9	14	18	17	10	11	18	7
6	12	11	15	16	11	4	10	13	4
7	19	16	15	9	13	11	3	19	20
2	14	12	19	19	2	19	4	5	2
5	16	9	13	9	4	6	14	11	18
5	14	16	4	5	19	5	15	5	5
7	7	13	18	5	12	1	12	17	15
13	20	6	12	19	12	10	4	6	6
8	17	13	1	16	9	19	9	15	20
17	4	20	20	15	18	3	11	8	17
4	14	18	16	6	5	9	4	5	14
9	2	10	20	18	11	15	12	3	17
14	13	17	17	18	9	1	6	18	2
9	20	16	10	3	14	20	17	16	11
20	15	4	2	12	16	15	20	3	5
4	11	9	12	3	12	18	1	19	17
5	4	7	3	5	10	6	1	18	5
11	18	17	12	17	20	9	16	6	2
15	1	4	13	18	19	12	5	7	11
17	20	19	20	6	17	8	1	17	3
11	15	3	18	15	7	15	17	15	4
3	2	16	17	3	5	1	14	6	7
19	1	14	7	9	12	20	18	7	1
12	8	19	3	12	1	18	6	19	12
4	15	11	3	9	15	4	2	18	2
16	14	16	11	5	10	1	17	10	3
8	17	11	14	13	16	4	13	6	2
7	16	16	14	3	4	11	11	19	14
8	18	1	6	5	18	12	9	19	3
1	2	16	16	5	8	5	18	11	13
11	11	17	16	15	1	19	3	8	2
20	10	19	17	16	10	17	5	9	15
4	16	15	3	2	6	20	20	9	16
19	14	1	6	3	17	2	5	11	4
19	10	1	18	4	11	4	19	1	16
11	20	9	17	10	16	17	14	14	9
1	20	14	13	3	6	10	14	14	19
8	12	15	5	16	15	15	18	20	12
3	2	19	14	6	19	5	4	16	8
1	9	12	2	4	19	16	9	15	18
2	11	6	3	8	19	6	4	1	16
1	19	14	3	7	20	2	1	7	4
2	6	18	6	18	20	1	13	2	17
19	7	4	3	10	13	16	17	6	7
14	2	4	1	7	3	15	9	16	4
18	16	2	11	17	16	13	20	5	9
18	14	2	4	17	15	16	11	13	15
5	6	15	1	11	20	3	17	20	16
5	13	18	19	20	3	6	13	7	15
20	16	12	18	9	20	20	20	5	13
8	5	16	2	19	13	2	2	1	17
13	17	1	10	4	6	17	4	5	14
10	3	5	19	15	9	14	17	12	11
1	4	13	7	8	1	17	17	20	7
2	4	13	11	2	3	16	3	14	4
4	16	15	11	4	5	20	18	7	11
19	5	11	10	16	10	5	14	2	4
10	20	5	18	12	6	11	14	17	12
14	12	4	8	7	5	9	2	4	4
1	20	10	10	9	18	14	3	15	13
19	2	1	11	15	4	12	17	19	18
14	7	1	15	17	8	1	3	3	12
1	4	11	19	3	10	11	15	10	14
13	9	20	5	14	12	11	13	14	3
13	12	3	6	10	15	19	16	13	2
17	12	20	4	12	16	12	3	9	5
14	17	8	5	6	6	8	16	1	6
17	9	9	20	19	9	1	6	9	9
12	15	3	8	18	1	9	16	14	19
1	9	5	10	10	16	5	18	20	4
8	4	15	7	6	9	3	1	5	3
15	7	14	20	14	19	15	1	8	5
18	12	2	3	5	9	4	20	11	4
5	3	6	6	1	8	1	16	3	9
19	9	12	11	4	15	15	5	17	11
2	5	11	15	6	17	2	12	3	17
5	4	10	1	19	13	1	8	19	6
19	19	18	20	7	10	20	12	20	11
14	20	4	1	2	1	13	11	1	5
7	10	14	6	5	16	19	11	13	11
14	7	6	11	13	3	7	12	9	17
17	11	12	12	4	6	1	10	19	19
1	11	8	15	20	10	5	12	16	12
11	9	20	9	17	8	14	13	9	20
14	2	3	5	9	16	18	3	3	19
15	10	12	14	11	4	19	12	11	3
19	15	16	17	6	8	11	4	15	17
12	8	1	20	5	19	8	4	6	4
12	3	10	17	17	1	17	6	19	14
9	3	2	6	1	19	6	6	19	1
6	15	8	7	8	7	9	12	9	12
17	16	6	7	11	16	6	20	1	5
12	6	5	2	8	9	7	16	20	7
14	2	6	6	19	18	16	4	9	10
13	5	17	7	18	14	17	15	15	6
13	6	6	15	10	20	10	7	19	19
1	14	13	3	19	15	10	1	9	14
1	3	12	11	13	7	9	19	4	15
13	12	1	15	14	8	17	11	17	19
9	9	5	10	10	19	13	15	8	4
4	17	7	2	5	11	15	16	2	3
12	11	3	5	7	10	13	19	9	11
19	19	5	10	5	12	18	2	2	14
15	15	11	1	12	16	5	20	10	4
14	1	9	14	8	18	7	1	3	20
6	14	6	18	6	5	12	18	18	14
13	13	15	8	9	18	1	3	13	11
6	14	10	6	17	18	10	12	2	7
6	18	19	2	9	2	9	13	16	7
4	8	3	17	11	2	6	2	5	10
18	5	8	12	15	13	4	20	2	8
15	1	16	11	8	16	14	14	20	8
9	8	7	7	7	18	12	14	16	16
12	9	7	13	9	1	10	7	8	17
18	9	12	8	13	4	12	12	9	16
8	13	2	18	2	11	18	2	5	17
1	11	5	6	16	6	15	4	2	8
6	7	6	4	11	1	16	19	15	4
6	20	6	20	8	19	8	10	12	19
4	9	2	11	16	7	5	7	12	7
10	9	11	2	11	1	8	18	8	1
16	19	7	2	11	2	6	5	19	17
18	6	13	4	5	17	5	16	9	4
16	10	7	8	15	18	10	5	10	7
12	10	2	11	3	5	2	1	1	14
2	20	9	16	9	5	17	7	17	14
16	13	10	5	6	7	12	20	8	14
13	2	15	12	6	9	4	3	1	20
15	5	15	15	3	16	2	12	19	11
1	3	8	16	12	20	20	18	5	17
13	3	14	7	2	20	6	18	10	1
1	15	6	18	19	12	18	16	2	10
6	1	1	17	13	10	15	20	20	6
9	6	18	5	8	13	11	8	14	3
11	5	2	19	10	7	17	11	17	20
3	5	16	16	12	13	2	17	15	12
6	6	18	5	13	15	17	2	10	7
1	10	3	20	19	2	19	3	8	6
13	5	3	1	3	4	11	3	13	16
11	14	14	2	17	5	7	18	7	15
10	16	1	11	19	14	3	17	17	11
14	20	10	10	19	2	4	17	3	9
5	15	10	14	17	8	17	1	3	15
15	2	16	13	16	18	4	13	2	10
2	14	6	2	2	11	5	5	4	16
2	11	16	18	11	16	6	7	15	12
