2	100
11	33
44	48
16	49
35	30
2	23
38	35
47	11
17	8
16	1
25	39
36	13
32	23
32	26
19	49
29	10
27	11
14	43
17	8
25	23
39	22
21	30
37	29
39	33
21	19
23	39
18	36
2	41
39	48
1	21
16	40
30	36
1	42
47	28
21	4
44	9
34	44
12	3
19	6
26	4
34	50
5	50
26	40
43	41
9	24
5	19
8	4
7	49
42	35
30	45
33	12
12	18
25	14
6	24
25	49
23	33
22	48
38	17
36	31
10	12
50	6
19	48
50	26
2	30
37	13
12	34
27	32
21	23
38	38
25	12
34	19
17	10
1	23
47	10
17	41
14	11
25	18
45	28
43	14
18	50
13	27
38	12
37	39
6	41
27	15
29	49
6	48
28	32
39	9
47	28
29	43
13	47
50	1
10	9
37	44
31	24
20	25
50	8
31	5
23	13
17	7
