5	200
3	44	49	46	42
13	22	47	7	14
43	12	33	39	1
43	37	6	47	10
6	42	22	21	41
26	49	17	47	42
40	34	14	46	43
27	42	19	17	24
1	10	29	45	18
12	43	43	13	2
39	28	44	19	17
11	23	28	5	17
14	6	50	15	24
10	49	37	46	25
1	19	40	24	10
47	14	27	4	30
33	6	4	46	4
12	40	45	30	32
5	15	14	50	10
45	10	14	22	9
14	6	48	39	1
21	39	21	10	20
48	46	24	26	35
9	2	5	12	12
20	5	8	15	20
37	5	40	15	15
38	1	6	46	16
27	9	15	46	33
23	19	35	10	34
9	41	39	16	2
44	6	2	10	39
9	49	34	20	14
16	50	7	46	33
48	41	28	10	8
50	37	9	30	39
1	20	49	31	11
46	17	24	13	21
33	49	46	8	7
29	26	46	32	18
24	13	40	27	37
19	14	29	9	2
7	47	23	21	38
40	50	4	9	19
50	27	44	25	1
49	45	21	3	30
25	42	28	12	16
39	31	22	44	43
33	38	16	12	15
37	27	26	20	18
29	22	37	14	18
47	20	15	27	38
24	43	27	29	27
16	19	11	5	50
10	29	10	16	36
13	11	32	11	15
22	20	1	36	1
3	5	14	45	19
19	16	46	6	20
41	12	37	35	50
18	17	21	21	8
1	13	22	29	6
37	38	5	13	17
5	43	41	28	25
11	6	17	36	31
45	33	4	47	46
1	25	48	12	47
6	49	30	28	1
41	34	36	39	33
31	11	34	40	16
48	21	10	10	39
13	1	36	40	14
18	9	25	33	6
12	41	44	16	11
6	13	14	27	35
28	20	28	4	1
34	50	15	32	48
31	16	38	23	35
5	14	41	15	34
32	9	3	34	21
41	18	18	29	10
36	8	33	26	11
43	23	32	40	30
18	45	43	36	25
47	3	21	31	7
43	23	49	44	3
19	18	45	33	10
17	32	36	23	13
23	33	12	13	43
32	32	1	35	17
38	16	17	9	24
39	47	38	23	17
14	9	39	24	42
25	29	50	31	13
36	10	21	24	3
14	41	9	38	25
11	22	15	28	16
3	1	36	9	21
21	45	13	6	49
15	45	39	21	19
3	33	21	22	31
29	46	44	7	11
48	38	50	49	7
42	45	12	8	40
24	44	41	10	43
41	47	16	25	39
20	3	39	20	22
29	1	43	47	38
8	7	30	49	24
33	46	15	50	7
20	33	31	32	45
10	42	12	29	40
32	30	20	19	41
46	50	30	27	28
41	2	15	21	32
17	15	43	37	11
46	33	17	18	19
37	22	8	26	13
38	40	14	8	6
29	38	12	8	28
34	16	38	22	16
19	19	11	50	28
46	49	26	19	44
50	13	2	50	4
25	42	5	15	41
2	38	7	16	3
30	4	36	9	28
31	45	46	2	1
19	11	8	48	18
39	15	46	14	6
16	36	12	4	4
42	11	24	32	15
31	12	46	48	49
42	14	17	42	14
6	18	1	50	36
14	35	8	48	2
37	43	44	10	37
44	42	32	5	36
20	22	14	37	20
8	16	11	49	26
26	49	4	1	1
49	36	12	19	40
8	4	26	30	29
38	19	36	11	6
50	33	12	6	45
35	4	14	30	29
48	24	9	23	27
38	39	43	10	39
9	30	14	16	29
16	46	34	8	33
39	30	50	44	26
43	37	49	7	16
45	22	33	40	43
34	46	4	4	41
50	26	27	22	47
20	19	47	28	29
40	21	7	48	40
18	24	15	47	34
2	41	37	44	45
37	48	24	23	46
20	42	31	17	33
14	4	29	47	6
24	40	22	28	27
25	16	35	50	25
10	32	8	21	40
9	39	34	28	10
23	46	24	32	10
48	41	40	15	27
15	46	18	42	10
12	20	9	17	21
22	13	24	49	36
39	35	10	28	25
25	20	2	38	34
29	16	40	19	30
34	27	21	24	10
15	14	16	11	28
40	30	18	7	39
10	22	26	47	21
14	31	12	41	2
46	45	31	9	31
47	30	41	38	37
46	43	1	39	22
25	19	50	1	35
45	2	45	49	24
8	41	43	48	16
4	15	30	22	15
20	34	8	30	32
10	40	31	21	43
18	22	38	26	47
46	32	12	7	7
44	1	32	35	24
6	38	43	22	33
31	13	29	25	2
41	11	20	19	25
6	22	24	7	7
37	4	18	2	21
23	4	24	15	22
20	3	23	7	26
23	47	9	38	12
5	43	13	24	6
35	12	43	32	2
