10	200
1	14	20	19	37	21	6	29	13	31
30	13	17	30	49	30	15	28	41	20
32	43	13	30	18	11	4	15	45	29
6	35	29	36	16	6	35	31	17	29
25	14	24	22	44	19	35	24	13	35
47	8	11	31	6	8	1	40	1	27
18	42	34	34	25	45	34	32	14	44
45	34	12	12	45	19	19	42	37	50
26	30	3	11	33	49	25	49	30	8
6	45	31	40	12	34	30	41	47	49
35	3	10	19	40	14	46	50	36	37
39	9	3	2	1	38	39	23	2	26
21	36	2	6	38	1	4	22	50	11
40	29	45	39	16	24	21	34	22	20
3	25	13	43	20	47	43	29	39	25
45	7	40	21	28	49	1	4	31	40
10	24	50	25	48	11	14	15	37	28
17	6	1	32	24	46	24	10	37	42
8	25	33	25	17	33	40	25	11	17
23	18	3	33	10	29	25	38	46	9
33	29	43	12	8	40	7	8	48	33
26	42	17	40	32	36	42	26	9	16
21	40	4	21	6	50	3	19	23	45
21	36	14	29	9	30	32	22	18	28
27	33	27	29	41	31	1	13	2	24
38	50	30	31	38	44	26	23	6	9
37	39	35	4	12	41	29	39	31	2
4	20	8	32	39	39	14	25	30	26
50	41	17	49	7	21	7	34	41	16
5	10	16	10	42	39	48	24	18	1
3	12	33	50	21	19	43	49	42	49
31	1	43	31	9	47	22	37	47	41
34	45	49	16	48	45	4	49	41	1
42	40	7	30	24	38	8	18	29	39
29	9	43	42	36	4	17	36	1	45
17	11	28	28	17	8	14	17	3	27
15	44	8	41	8	41	44	14	7	22
39	4	9	8	12	26	3	8	30	44
28	18	49	46	34	31	13	30	13	17
25	42	16	3	25	36	1	2	35	46
11	4	29	30	7	13	3	20	16	41
5	7	38	9	49	47	46	13	7	27
29	14	1	41	47	48	39	6	34	27
26	1	23	35	34	24	40	20	39	21
28	43	15	23	12	19	4	7	4	28
41	38	45	8	17	47	4	39	33	10
25	48	37	40	16	4	34	3	26	25
8	27	25	36	49	37	50	29	30	29
44	33	2	7	36	38	6	15	19	38
21	2	37	29	47	31	6	26	7	8
36	2	32	30	20	15	14	9	10	31
47	26	9	5	17	42	46	31	4	29
48	19	35	39	5	7	40	46	40	18
31	25	22	23	43	42	2	23	37	22
25	48	6	38	41	46	43	32	13	6
36	26	22	29	10	17	17	44	26	13
25	18	20	42	50	22	4	37	12	25
41	23	44	32	4	1	13	47	48	9
15	9	34	35	33	6	3	44	13	27
25	9	48	24	48	7	28	15	39	19
43	7	20	38	15	14	32	40	25	9
4	21	46	17	49	17	35	36	10	45
20	10	24	36	1	33	25	20	35	47
24	49	9	29	17	9	39	47	20	20
24	14	20	4	23	5	13	32	26	31
23	42	6	44	50	33	33	35	37	33
39	13	6	28	36	6	12	17	50	41
29	39	16	41	22	6	41	20	14	46
21	44	45	5	25	32	44	16	30	35
26	5	10	38	31	12	9	42	19	17
43	46	32	35	3	35	27	16	23	44
42	13	21	42	13	46	18	2	4	4
12	47	38	16	15	25	29	29	10	11
48	50	2	47	4	25	12	10	2	41
6	29	43	36	43	14	34	19	26	36
44	8	39	16	6	47	8	16	21	29
6	48	6	13	46	43	12	25	38	38
34	9	50	13	48	34	4	3	24	2
41	11	3	25	18	41	11	36	42	8
17	46	40	24	35	8	24	31	40	50
3	9	31	39	2	36	8	26	18	23
43	6	43	20	38	45	46	32	45	6
32	26	34	31	21	38	19	27	28	41
11	24	13	24	49	32	31	15	24	33
34	36	19	19	15	12	4	21	36	41
13	42	36	35	19	28	26	50	18	14
17	32	48	28	12	20	44	20	21	6
15	31	8	13	22	47	8	15	16	10
35	48	41	38	29	19	38	29	6	22
7	31	48	10	16	2	38	41	7	46
19	35	1	30	27	32	35	23	13	22
20	12	35	9	30	19	42	11	50	44
32	15	15	49	50	34	34	49	48	21
9	17	8	20	42	1	48	11	12	47
35	15	16	34	2	46	47	39	31	48
11	28	42	14	15	4	20	2	31	43
48	36	26	42	14	4	4	15	17	29
21	31	49	3	10	18	50	32	48	4
38	45	18	1	11	32	25	45	6	39
31	47	30	19	49	49	40	24	20	49
42	32	22	2	27	30	29	40	4	48
4	39	5	27	5	3	18	26	32	33
30	10	10	29	49	25	2	31	4	12
28	26	12	49	12	6	23	17	24	32
3	36	41	9	35	42	43	3	14	47
31	15	42	38	20	33	23	44	4	3
29	49	36	42	20	29	28	6	16	49
30	2	2	1	30	44	19	1	45	7
32	49	17	8	31	14	34	24	30	30
34	30	13	22	3	5	50	49	40	7
14	38	38	16	17	29	13	42	9	26
15	23	49	47	21	31	33	29	12	6
45	4	26	36	16	1	40	30	48	25
45	20	12	39	43	45	11	2	42	2
2	43	15	5	16	12	32	16	1	23
23	21	38	35	12	11	12	3	50	16
40	34	44	35	31	45	11	10	4	27
21	31	38	10	5	2	39	22	21	5
19	24	30	25	2	24	32	27	27	33
33	8	2	26	13	19	49	31	24	21
1	22	12	24	3	42	34	29	31	10
22	41	32	46	48	17	4	19	33	7
14	35	34	22	45	13	30	12	48	37
4	9	48	1	4	47	12	6	23	11
41	4	47	17	12	43	27	6	28	47
15	30	49	18	8	17	39	41	30	41
13	22	32	44	7	14	43	32	43	1
5	49	47	23	17	10	38	17	10	2
36	24	34	2	22	24	10	31	44	38
9	21	26	32	48	19	23	3	11	49
1	46	14	28	42	17	34	27	1	48
30	23	32	29	5	40	38	31	23	33
4	12	38	5	42	35	23	15	25	48
38	35	7	11	2	41	10	7	10	6
41	33	30	46	8	37	39	48	27	9
31	43	31	28	46	39	8	9	36	8
44	19	3	4	10	46	16	22	27	15
30	32	21	17	42	21	33	43	48	6
46	25	38	16	18	46	4	29	16	14
34	1	21	3	12	23	31	27	36	13
21	18	21	13	30	49	22	15	36	25
6	16	12	30	13	20	31	37	37	15
42	38	6	14	31	29	12	19	5	20
41	7	7	35	36	28	4	26	37	19
24	39	43	42	8	19	39	41	40	43
42	45	41	22	22	34	13	8	32	1
38	4	11	17	34	50	9	28	45	35
16	6	50	18	41	4	45	15	7	13
40	21	29	12	28	47	16	35	13	3
16	47	44	37	31	21	29	27	8	8
10	12	47	6	28	37	45	23	31	19
39	49	2	20	11	18	25	49	40	38
34	25	15	43	20	19	13	14	38	20
25	18	7	49	4	29	25	24	35	42
2	44	4	45	14	18	46	24	26	14
47	31	38	20	24	36	47	5	36	9
24	31	35	11	44	22	42	3	17	33
43	2	14	49	37	41	21	20	29	3
24	39	39	24	24	45	31	37	25	18
32	21	38	27	18	21	10	44	2	43
26	43	8	43	21	46	17	39	34	34
16	27	26	34	35	36	43	11	38	50
41	6	28	49	1	23	14	38	32	16
31	28	19	37	27	31	31	46	4	29
28	42	3	42	3	6	45	5	42	32
29	49	6	2	3	21	15	10	43	49
32	30	8	18	3	39	8	40	7	4
5	47	8	9	23	49	3	37	47	46
28	9	47	50	38	33	22	18	35	7
17	22	4	5	47	49	34	36	39	15
48	6	49	38	28	32	41	48	30	4
19	29	14	47	21	24	33	9	31	21
17	41	5	50	38	33	44	4	12	25
15	18	49	32	49	23	10	9	23	6
43	24	39	31	39	39	9	7	34	24
16	26	5	18	48	7	1	49	50	45
39	38	36	5	39	2	30	32	49	49
14	25	37	25	29	44	3	25	12	50
25	37	20	39	9	40	13	31	35	42
22	11	10	29	18	6	39	34	42	38
9	27	9	36	10	42	40	31	40	5
4	27	38	50	20	2	18	47	47	50
39	49	48	7	28	3	15	9	7	24
5	20	33	24	42	48	28	35	30	18
50	33	41	30	39	45	24	10	9	16
38	42	38	43	49	10	30	3	8	7
27	31	24	17	50	35	45	14	9	22
25	34	18	29	50	7	9	18	19	33
30	6	50	42	36	14	33	40	25	32
19	26	27	23	42	19	10	24	31	4
1	10	1	37	42	5	24	9	43	43
2	12	34	26	28	21	32	32	32	36
3	5	39	28	4	49	7	46	38	31
47	35	38	15	33	20	6	14	50	32
41	24	48	33	31	7	42	2	46	21
38	28	43	45	2	46	21	24	33	44
49	29	22	12	47	18	25	20	43	8
16	19	33	50	46	29	8	7	48	48
7	5	50	18	44	20	42	44	14	37
49	32	31	7	34	12	3	37	36	13
