2	100
18	18
10	19
5	6
20	19
7	15
2	12
11	2
2	20
6	7
4	3
3	4
18	7
10	6
8	2
20	5
6	10
5	5
11	1
4	17
4	20
3	19
18	6
7	12
4	6
11	13
13	18
3	8
9	15
20	4
10	19
19	18
19	2
9	13
8	7
12	1
16	9
3	5
20	4
7	13
20	18
2	2
11	7
12	9
8	18
16	16
1	20
8	5
1	5
20	16
17	15
5	17
15	11
17	5
15	18
8	5
9	8
5	12
18	17
8	12
11	1
6	10
12	16
1	17
2	19
5	16
4	11
16	5
14	6
8	1
11	8
14	10
10	11
8	14
16	17
7	5
17	9
6	17
10	16
6	20
10	1
4	17
14	13
1	18
12	20
18	13
10	8
2	3
7	16
20	1
8	8
2	5
12	1
19	16
6	20
15	19
20	8
11	10
5	18
16	18
11	10
