2	200
43	2
52	2
51	15
16	26
97	33
90	36
87	56
78	58
36	35
45	73
76	11
55	37
23	54
55	97
35	55
76	18
22	21
88	44
15	14
66	100
24	92
51	44
9	68
95	19
31	7
6	59
55	70
65	32
48	15
79	97
61	20
92	43
57	72
14	66
69	34
44	22
69	46
50	85
60	11
29	55
60	36
66	29
49	18
64	53
57	56
97	100
36	69
39	4
1	8
87	37
54	29
51	97
64	85
91	10
20	81
72	37
86	25
38	26
54	63
95	40
9	62
10	13
38	44
87	100
7	46
84	52
24	92
1	31
85	70
66	64
27	54
33	77
84	60
14	11
32	14
51	39
14	48
29	92
20	39
60	20
99	92
3	74
97	21
13	94
24	8
41	85
97	32
14	55
30	33
29	78
30	76
69	94
96	45
39	77
64	10
12	47
10	47
65	36
51	59
80	64
47	20
88	25
74	66
42	83
35	74
63	87
10	82
90	24
23	10
79	52
82	37
31	14
96	94
75	51
67	78
4	72
53	65
32	11
88	45
20	30
4	56
43	91
48	25
37	29
57	42
13	42
80	28
83	11
90	74
29	80
92	92
17	57
70	91
34	46
51	80
37	79
90	49
49	26
94	40
67	71
57	47
94	25
66	63
92	26
83	21
21	14
16	41
39	12
40	86
22	57
92	92
78	78
5	34
52	32
80	57
17	51
8	58
24	45
98	92
92	7
99	9
63	30
59	23
63	50
10	37
87	9
19	11
80	66
69	17
21	32
12	61
47	26
5	71
7	59
18	95
15	49
95	15
58	83
29	49
19	83
71	2
22	43
71	9
32	98
79	58
76	82
72	60
96	39
63	37
26	89
17	5
33	16
23	38
14	4
53	97
37	21
98	38
61	10
39	4
56	96
