5	100
16	15	16	15	8
6	13	10	2	1
8	5	9	13	11
17	11	7	12	13
1	5	7	4	11
20	5	4	11	11
5	6	3	16	19
6	7	10	20	14
10	6	3	16	1
9	11	15	17	10
12	14	5	7	6
11	9	13	4	8
2	10	19	11	16
2	2	14	15	6
10	1	8	19	3
15	2	12	4	3
10	11	8	2	20
11	1	17	10	8
18	15	7	12	12
1	7	13	20	19
7	17	20	12	20
12	7	6	4	11
9	17	9	2	19
12	3	18	12	5
2	6	4	7	8
15	14	16	7	2
9	10	12	6	16
13	11	17	3	9
5	15	13	20	20
1	7	6	13	1
19	10	2	15	18
2	14	14	4	5
18	11	19	3	3
19	6	4	6	6
2	6	15	4	1
7	13	5	8	7
9	9	3	7	4
19	9	18	9	14
20	18	13	18	11
14	16	11	18	1
16	4	20	8	20
13	15	18	15	11
9	9	6	17	17
10	8	13	19	4
11	9	16	13	7
4	14	18	13	7
11	3	8	8	12
5	9	16	7	11
5	11	3	18	5
11	12	17	2	2
7	4	12	14	10
8	9	8	1	16
20	18	6	8	1
7	2	18	6	12
1	12	7	9	20
20	6	18	8	16
13	18	17	11	1
8	11	14	18	4
17	1	16	11	12
7	5	15	18	19
10	14	11	10	1
15	18	4	14	10
3	11	1	6	4
3	2	16	8	14
17	8	20	2	16
1	17	16	18	13
15	11	1	10	6
19	7	7	10	6
10	8	1	9	2
6	1	10	8	9
6	10	8	5	2
2	15	10	15	1
18	3	7	2	16
12	11	11	20	5
17	15	6	2	4
10	8	12	20	10
20	7	8	9	8
6	4	16	8	5
5	18	12	9	9
8	2	20	13	11
15	11	11	3	13
11	4	6	1	13
15	3	10	6	2
11	15	18	14	10
9	15	4	16	1
19	3	18	14	16
9	9	19	10	15
10	17	6	17	17
2	18	15	15	10
2	9	7	8	18
13	4	6	4	2
1	8	15	2	14
8	7	12	6	5
6	4	20	11	13
14	10	2	17	9
11	1	9	6	19
11	17	10	17	3
5	4	16	9	15
3	3	4	3	10
15	7	10	11	5
