5	200
68	67	28	75	30
98	100	84	90	22
7	58	38	98	58
52	51	22	61	21
1	45	37	6	7
87	84	7	46	27
70	92	79	37	72
99	7	100	17	85
22	95	49	80	62
14	52	84	72	86
28	13	54	34	10
24	30	23	69	43
14	93	39	63	53
15	80	2	26	59
46	51	6	77	100
7	96	58	45	93
36	1	35	61	100
58	39	45	27	49
69	85	31	75	71
29	57	86	28	48
35	50	58	14	41
77	7	77	35	4
28	73	78	76	7
14	59	78	64	95
76	35	75	78	91
61	21	32	6	71
50	10	30	98	58
86	43	22	21	23
52	62	11	23	21
96	7	55	68	58
71	79	23	33	72
100	75	81	24	80
57	75	72	65	54
18	43	81	19	21
71	37	58	42	44
14	25	53	57	95
55	66	65	49	100
72	88	97	26	58
11	63	99	42	66
78	91	47	69	4
54	26	37	47	87
34	22	82	90	58
76	23	25	29	25
92	11	23	65	83
30	47	55	61	10
9	39	17	76	66
23	78	84	53	42
30	29	18	63	66
51	7	7	69	83
89	39	70	17	75
67	69	82	87	74
8	71	77	38	78
96	6	6	24	35
98	39	72	88	96
64	93	60	100	33
24	40	87	79	22
71	69	100	2	100
55	97	98	79	35
59	52	81	85	71
46	1	84	34	85
50	67	83	22	11
75	9	83	54	51
68	85	99	16	8
27	7	5	25	81
2	42	93	54	37
13	13	75	29	88
24	56	53	94	72
4	87	78	91	25
46	15	44	29	67
75	53	65	78	44
39	96	59	54	83
9	74	29	86	99
62	34	54	67	28
12	32	5	44	4
40	29	14	1	35
87	98	65	88	62
60	49	98	85	49
28	98	100	12	64
31	58	93	93	64
12	61	78	2	55
44	48	21	74	5
11	82	59	19	96
11	10	42	24	39
14	37	69	18	100
15	33	94	81	74
82	37	22	38	24
27	21	63	33	19
13	28	24	81	39
46	40	81	16	53
21	16	69	54	50
76	93	60	2	41
12	54	41	1	23
74	61	22	96	70
91	47	9	5	27
87	13	88	80	55
75	52	79	28	53
66	68	69	88	48
34	61	62	93	8
59	88	24	59	65
86	19	85	46	63
74	8	65	27	64
63	5	80	47	66
60	75	13	48	57
6	92	34	49	37
30	86	17	98	69
99	89	29	15	69
56	68	34	66	80
59	4	43	25	85
29	82	15	28	48
84	75	76	3	60
95	86	36	9	33
89	91	67	59	65
74	77	65	78	10
92	42	47	69	98
3	50	9	64	8
49	71	89	50	85
25	14	26	56	75
71	32	25	34	92
68	37	85	61	11
53	17	37	18	56
43	28	8	6	58
45	77	73	2	84
18	3	17	74	41
61	51	9	3	40
61	17	14	77	30
66	66	49	53	56
33	35	72	95	43
97	6	20	99	31
95	60	24	50	74
66	20	11	21	50
2	8	34	79	96
27	15	31	77	92
80	28	20	46	52
84	32	23	32	44
56	31	11	73	45
1	93	64	3	64
46	55	29	4	54
25	1	93	99	17
83	75	44	7	51
67	41	79	99	91
35	98	80	77	94
71	98	62	34	95
34	51	29	14	47
26	99	16	92	27
83	39	25	16	62
82	88	4	22	78
61	15	66	13	29
49	75	53	10	84
28	40	59	4	83
32	47	31	61	26
68	25	87	72	9
96	73	65	15	13
84	94	40	57	35
20	85	16	85	99
51	47	7	9	99
43	81	21	33	31
36	58	44	97	11
37	28	94	4	34
76	10	39	98	100
34	1	3	70	64
48	31	47	62	75
22	18	79	73	66
16	53	33	84	77
27	51	43	47	99
92	92	13	51	24
41	8	10	9	65
43	78	51	70	84
6	11	82	22	89
19	50	21	39	18
23	78	55	21	74
84	58	57	72	72
57	18	96	38	35
14	9	70	8	23
38	2	64	1	72
16	69	21	58	80
43	71	75	34	1
63	54	90	36	82
85	22	80	98	28
88	16	44	88	75
11	80	13	16	80
21	15	54	49	58
16	37	99	92	30
86	44	62	38	72
61	19	34	27	39
17	23	66	74	85
1	25	34	84	70
63	58	59	54	81
48	100	41	79	66
48	23	88	68	42
44	54	7	17	14
92	46	87	78	64
99	49	80	65	58
91	4	16	22	68
29	85	9	57	24
62	79	56	61	91
95	35	99	33	41
47	18	18	70	79
17	72	82	91	82
100	20	77	22	75
45	8	67	100	13
