10	200
19	7	12	15	12	17	12	17	2	11
4	7	19	6	17	1	16	18	8	4
18	6	3	7	17	7	5	1	7	11
2	7	17	1	4	9	4	9	20	14
7	19	18	11	11	13	14	13	19	8
12	18	13	8	13	13	4	5	19	5
13	12	10	12	10	18	10	18	3	9
17	8	19	14	18	19	9	13	17	4
13	13	2	20	20	4	15	10	9	11
5	20	10	15	2	15	10	7	1	14
4	17	10	11	12	5	20	19	11	14
5	12	8	15	13	1	10	11	13	7
3	20	9	12	4	17	18	4	13	3
10	2	13	4	20	17	3	12	8	15
4	17	20	16	7	14	12	16	3	1
6	19	15	14	11	4	8	18	7	15
7	17	6	8	4	3	19	4	15	17
18	19	3	18	4	7	1	14	6	10
6	3	2	12	18	12	8	19	14	17
9	5	5	14	9	8	11	12	12	5
15	8	1	7	4	8	16	18	11	5
4	15	13	17	10	5	16	14	11	13
16	1	11	19	8	13	14	10	10	17
16	9	2	1	16	18	3	15	9	10
16	11	9	9	14	15	13	8	4	4
12	17	2	20	9	15	18	2	19	11
15	6	9	15	9	15	13	12	2	13
3	1	5	1	18	6	13	2	6	14
1	6	7	6	5	19	8	2	13	1
20	1	17	19	16	10	2	14	1	19
2	1	7	12	2	12	12	1	3	4
2	16	17	6	10	9	20	4	11	10
8	11	20	2	13	2	5	7	5	8
4	19	2	7	12	1	20	15	4	13
7	7	20	9	19	5	4	11	10	8
10	19	4	11	12	12	1	6	20	20
7	6	17	15	1	4	15	11	15	10
10	5	20	18	4	2	12	12	3	9
19	14	17	18	19	5	15	12	15	1
20	15	16	4	7	1	11	5	9	16
11	14	17	20	18	5	20	7	8	11
20	10	3	12	2	14	10	19	17	16
9	3	16	15	11	16	10	17	12	3
11	7	4	7	18	6	18	17	20	14
6	9	5	5	1	10	12	5	3	13
12	12	9	13	7	8	18	3	10	3
16	3	16	6	20	14	7	17	14	16
16	13	19	4	11	1	19	11	15	1
4	5	14	19	11	20	19	11	20	11
8	16	7	18	18	3	13	20	5	7
3	16	12	7	18	20	13	6	2	7
9	7	9	10	19	12	10	18	15	1
15	16	17	3	9	1	6	2	6	9
8	20	7	8	18	9	13	8	2	12
8	14	10	14	2	2	8	18	20	7
14	16	5	5	12	7	19	9	19	17
14	11	20	14	20	9	1	1	12	10
19	2	17	4	13	2	7	4	2	8
14	8	3	20	15	12	16	2	16	11
11	5	10	5	18	17	14	16	15	13
1	7	7	10	8	12	20	1	12	11
1	16	8	12	4	6	9	1	19	8
14	20	5	1	20	15	13	12	7	17
8	12	10	9	7	8	2	13	12	4
12	15	10	6	11	15	17	18	2	12
8	14	17	7	20	2	2	6	11	14
20	9	15	16	3	10	7	20	5	16
4	16	10	16	17	19	11	20	11	6
18	15	11	15	9	15	15	3	9	6
6	17	3	18	5	4	1	14	3	2
8	18	14	6	8	13	5	2	10	1
11	3	16	6	17	5	18	20	7	9
15	4	12	19	11	8	13	12	11	14
19	17	17	9	18	1	2	5	8	17
11	13	14	8	15	4	2	18	1	20
6	1	8	15	7	5	7	15	16	1
20	13	11	17	2	15	6	7	8	17
4	13	13	10	19	3	11	4	5	7
7	16	11	12	8	19	9	3	3	14
14	7	10	8	18	18	2	17	6	1
18	15	10	5	17	13	8	18	16	5
14	3	11	9	14	4	2	20	10	4
6	4	5	15	3	17	4	6	13	1
1	15	18	4	10	12	6	7	15	16
11	12	7	18	20	11	17	2	14	14
17	2	8	3	15	14	10	16	3	20
10	3	6	16	4	20	6	7	19	3
19	16	6	15	13	15	18	7	15	12
1	2	13	20	5	20	7	15	10	16
2	11	5	16	6	9	7	11	15	1
6	10	3	11	16	2	17	14	10	20
17	4	1	11	19	8	11	6	11	4
13	11	17	3	1	8	11	10	9	5
9	7	13	15	7	11	20	2	4	4
4	14	5	10	20	19	11	14	17	19
19	1	20	11	9	15	13	20	11	8
11	7	6	6	12	10	12	7	5	9
9	9	2	8	1	19	6	8	4	3
17	18	14	10	7	9	7	2	6	12
18	20	12	17	13	17	9	20	19	11
8	5	10	9	11	10	19	12	11	10
9	6	17	9	11	14	14	16	20	3
3	10	1	13	11	9	18	6	16	4
10	7	9	13	15	13	8	5	20	17
11	15	12	16	3	13	3	4	6	20
4	14	20	16	9	18	5	17	18	2
13	13	17	7	1	2	17	5	14	19
6	9	17	4	13	8	19	5	11	19
7	15	1	16	1	17	8	14	5	18
9	12	8	18	5	18	18	5	16	1
16	19	10	7	15	16	17	17	4	1
19	20	7	20	16	18	12	2	6	4
15	4	1	16	10	14	2	19	20	15
10	14	9	10	4	8	5	14	1	6
1	11	10	4	19	10	6	9	3	7
7	17	20	13	7	13	19	15	18	1
15	18	18	9	12	5	11	17	17	8
14	18	1	1	4	4	14	17	17	1
9	14	17	13	9	14	15	17	4	12
10	10	17	1	11	3	14	2	12	15
19	9	12	15	13	9	16	19	10	3
19	2	18	17	12	2	2	5	1	19
11	14	14	6	19	4	2	1	10	2
11	13	6	3	2	1	2	2	1	1
18	17	8	2	13	9	12	1	9	10
1	10	2	14	5	5	16	7	17	10
8	16	9	8	13	7	17	16	15	12
1	1	4	1	2	14	7	12	13	11
12	1	12	1	1	1	12	12	19	17
5	15	5	12	13	2	8	20	10	6
12	17	6	18	10	1	6	1	13	11
19	4	14	7	18	7	5	9	8	12
16	5	18	18	7	6	16	13	8	20
6	7	3	8	19	16	15	14	11	20
15	11	20	8	18	2	1	19	14	7
18	20	13	18	11	8	20	9	12	4
6	13	14	13	5	13	1	7	9	2
12	12	18	8	17	6	5	10	20	5
6	18	19	1	3	7	15	5	17	12
17	7	3	7	15	2	17	7	4	6
2	14	10	13	15	7	2	5	2	6
3	11	9	7	19	8	15	13	11	19
19	16	11	18	6	5	9	12	13	15
9	18	6	15	4	12	8	7	7	16
5	10	4	12	9	7	19	16	8	8
8	4	17	5	7	6	4	13	7	10
18	11	12	7	17	5	5	15	4	7
1	8	7	16	15	9	12	19	9	20
7	14	4	6	8	5	2	2	8	19
9	15	1	17	19	15	19	18	15	5
2	5	13	2	7	1	18	1	11	19
14	5	5	7	3	4	7	6	20	12
3	3	7	6	18	6	7	10	17	1
11	14	4	4	18	3	2	3	19	7
8	1	12	10	5	5	11	14	14	15
8	13	19	3	3	19	18	7	4	2
14	8	5	11	8	20	1	1	9	1
3	5	8	13	5	2	12	17	2	14
16	13	17	2	13	19	16	2	2	20
6	15	19	18	13	20	17	1	3	5
5	10	6	14	13	3	6	6	19	1
8	1	6	10	7	1	12	3	18	9
5	20	20	10	16	8	6	10	20	6
5	11	15	17	10	6	8	4	10	10
14	10	3	2	12	5	10	9	11	12
9	15	4	14	20	5	11	16	19	6
18	16	7	13	16	17	6	9	1	1
13	8	14	8	16	15	17	19	18	11
19	17	19	8	17	11	8	2	17	5
16	13	5	4	13	18	4	11	6	16
19	1	9	11	19	1	2	16	18	6
9	13	18	8	8	1	17	19	17	6
9	5	13	17	6	1	4	10	15	18
12	7	13	3	12	19	9	9	9	17
10	12	4	12	16	4	15	18	17	13
2	6	15	1	7	15	9	12	5	19
18	12	1	20	14	3	20	16	17	10
12	9	10	20	17	17	1	1	1	2
6	6	13	3	17	6	13	13	16	17
11	17	4	11	19	18	11	4	19	14
5	20	1	8	1	13	17	15	4	11
14	8	12	3	13	12	20	19	4	8
11	7	1	20	19	15	5	19	2	19
6	17	3	7	18	6	6	6	2	4
10	18	9	6	3	3	6	2	18	8
19	12	1	11	4	18	20	2	9	7
9	18	14	6	5	18	6	5	6	7
7	14	18	20	19	13	18	15	17	17
10	4	2	14	1	15	17	12	3	1
7	5	17	16	15	13	5	4	1	6
17	1	16	11	2	5	15	2	12	12
1	5	5	12	17	6	17	20	6	11
1	14	2	5	1	2	18	3	5	6
8	15	15	11	1	10	8	11	13	16
1	15	20	12	20	2	1	5	19	10
17	6	18	11	5	3	19	11	11	20
8	12	17	7	4	6	11	14	12	8
19	6	7	11	11	7	14	11	6	19
2	13	5	16	10	3	17	4	7	18
11	17	1	14	8	9	18	14	9	14
