5	200
3	47	11	50	31
4	36	13	23	30
16	21	30	9	42
31	38	14	7	36
37	3	6	11	10
11	44	8	1	34
1	39	1	13	27
29	7	7	46	37
47	42	10	37	9
15	37	31	45	46
32	18	44	12	2
50	42	1	40	21
11	29	12	40	30
27	21	18	33	14
24	32	18	20	40
45	44	20	2	46
25	13	14	5	3
33	46	39	11	27
38	7	17	26	27
19	31	20	8	33
44	20	49	31	23
1	50	25	23	8
7	22	49	45	46
48	15	7	38	47
31	33	7	6	26
18	15	43	43	22
15	24	13	20	2
6	15	33	33	2
33	22	17	4	21
16	8	23	30	30
4	25	33	11	2
12	13	43	6	6
37	8	32	2	43
33	10	29	43	41
33	33	24	36	15
10	17	3	35	11
10	42	14	14	18
41	41	3	19	41
43	22	28	28	15
25	40	15	12	38
6	29	31	39	47
21	1	48	46	42
46	10	9	45	46
46	45	18	34	3
43	8	11	2	49
11	6	47	21	40
20	2	42	48	5
32	12	25	17	47
41	44	7	27	46
34	14	33	33	20
31	23	32	9	46
48	19	29	41	37
16	4	27	6	23
45	18	11	40	14
35	20	1	37	13
50	2	34	7	15
48	23	15	2	9
48	20	34	3	7
14	33	35	31	32
37	18	1	5	2
16	3	43	19	36
12	22	45	47	46
47	35	23	26	39
44	40	25	48	25
25	35	9	34	1
2	36	21	6	26
33	1	30	5	50
45	30	46	16	48
27	26	37	7	11
29	11	9	42	38
48	43	4	31	28
32	45	10	18	35
27	1	40	22	14
47	6	18	27	45
14	44	9	1	49
50	48	2	23	22
42	27	29	18	29
40	48	49	28	19
1	21	28	32	21
26	37	16	43	15
24	43	33	48	25
4	34	4	33	28
34	43	37	47	43
1	23	22	44	24
49	7	40	8	45
44	16	28	30	23
13	33	10	9	49
49	44	32	44	25
7	44	17	50	35
8	34	32	40	21
3	15	23	19	16
17	4	25	3	31
39	7	25	10	16
1	34	29	48	45
7	42	28	19	18
6	40	40	24	37
11	34	38	10	21
48	11	41	44	32
46	19	29	13	37
1	20	8	35	34
25	6	35	46	14
12	38	4	2	11
28	14	2	17	21
5	19	15	40	18
41	44	35	16	49
39	14	15	33	17
36	33	5	40	13
6	50	43	46	9
11	7	39	34	5
32	18	13	43	33
32	5	19	18	44
32	21	19	47	26
48	23	22	35	25
45	9	13	4	16
5	26	20	31	7
34	5	2	12	17
22	2	23	1	36
31	14	37	46	32
36	32	47	21	12
39	36	4	9	10
24	5	9	28	28
7	36	39	12	10
27	19	7	30	5
47	1	22	50	44
32	22	17	23	31
24	30	50	20	19
49	1	44	2	44
17	43	45	24	29
46	26	26	37	5
17	25	17	17	15
39	14	5	15	29
2	39	37	48	4
27	37	19	44	11
27	26	6	37	38
4	6	49	21	49
6	47	31	18	14
50	13	33	5	30
36	47	29	24	43
29	7	48	20	2
10	7	33	26	29
42	19	30	29	11
34	16	34	16	23
6	9	20	34	4
14	4	15	14	26
30	47	33	45	10
48	8	29	20	40
49	14	5	40	23
32	34	4	45	47
20	14	13	1	38
21	37	14	17	38
6	43	19	1	49
45	37	36	20	13
26	37	15	27	25
42	4	30	12	23
31	50	21	18	6
17	34	33	8	40
11	45	13	32	35
7	46	5	41	28
45	48	35	32	22
34	49	37	27	47
17	8	2	44	8
6	23	2	45	32
12	5	29	31	3
31	25	34	43	18
46	50	39	35	28
34	16	39	46	23
19	48	6	11	23
4	43	19	25	29
34	44	11	10	17
41	19	5	30	41
9	16	44	9	1
18	19	17	16	24
41	34	6	22	14
14	49	18	9	49
38	6	9	15	34
3	39	30	19	38
15	11	10	6	14
3	4	48	11	5
36	27	3	1	38
1	38	39	46	3
42	2	47	31	3
3	7	30	25	49
29	39	49	29	9
30	24	1	8	12
11	1	7	4	13
12	4	9	27	34
15	1	35	17	47
14	15	30	3	11
46	25	23	13	26
47	28	25	42	8
28	38	31	35	43
41	45	43	18	42
50	49	3	42	34
29	5	33	32	46
15	45	49	48	16
36	29	45	28	16
35	29	17	20	7
28	21	50	24	6
20	23	12	12	12
47	22	32	30	48
