10	100
73	95	88	73	48	86	76	93	82	2
27	17	45	29	8	46	27	100	11	24
32	41	10	74	33	53	79	56	51	70
44	72	79	75	34	94	93	46	13	80
99	5	100	49	22	18	95	32	38	12
71	48	37	59	50	32	86	14	40	95
8	21	42	12	58	55	39	70	95	15
53	81	87	31	25	27	42	61	52	15
58	47	18	39	100	97	36	20	26	2
9	79	6	19	73	79	63	88	91	68
80	26	37	24	59	90	62	7	35	23
91	25	63	26	37	62	4	4	13	62
20	19	45	94	6	75	76	68	59	47
64	54	70	85	35	33	10	94	80	10
36	29	86	3	11	85	17	81	82	11
75	60	76	30	48	61	81	44	19	85
15	94	49	88	59	38	56	79	91	4
52	11	24	3	27	91	34	42	83	22
59	95	87	48	72	5	79	41	37	75
52	67	76	96	96	43	81	98	44	74
29	38	90	78	60	65	36	73	4	57
28	40	61	98	26	20	7	1	17	55
60	15	42	17	52	85	35	29	7	85
11	36	98	9	93	21	6	9	89	7
69	6	37	80	48	13	6	79	70	77
36	81	82	90	15	14	97	73	26	75
30	8	66	19	47	92	42	53	5	6
14	99	13	10	87	54	79	62	70	40
80	57	59	31	49	30	55	9	95	79
25	33	83	14	78	61	40	18	33	56
71	54	74	65	63	37	68	72	4	62
36	35	4	87	95	73	50	36	71	17
37	34	58	27	82	82	16	99	33	26
14	61	29	14	69	26	84	95	68	13
63	84	6	34	43	90	30	97	19	5
12	5	48	17	20	37	96	48	84	82
22	69	40	78	48	76	6	90	18	69
90	56	69	58	55	54	29	25	84	92
53	20	81	28	15	10	13	13	95	33
31	37	12	86	92	94	44	28	86	67
84	40	80	50	16	56	36	91	62	66
9	72	64	92	30	2	89	12	63	39
64	94	96	86	39	53	45	83	67	61
10	1	39	18	8	13	41	31	13	59
74	23	52	29	24	59	73	20	57	90
6	32	66	48	3	91	44	94	11	63
12	54	24	1	56	8	33	47	85	17
62	59	100	4	65	42	42	67	62	81
80	26	27	78	56	79	35	92	15	17
69	47	20	50	48	21	99	51	74	17
26	27	35	40	28	47	33	63	83	62
50	78	33	31	83	87	27	46	45	78
73	41	33	68	49	16	39	50	57	45
43	92	93	45	55	54	91	88	50	10
46	73	10	53	68	92	14	89	67	61
95	54	7	97	44	86	95	67	92	13
9	83	6	39	19	58	85	88	77	30
97	40	96	36	32	100	32	80	1	57
2	50	83	96	50	90	86	97	2	70
60	24	97	38	1	64	68	71	35	10
7	26	13	38	65	56	58	71	65	44
54	15	67	35	11	59	100	10	89	30
73	88	87	8	71	73	43	59	35	69
33	62	46	92	51	77	38	46	32	95
32	15	33	58	17	45	58	62	27	43
64	58	82	5	37	19	40	6	68	92
13	100	36	97	12	92	69	76	85	35
21	55	79	95	98	58	56	29	91	26
16	82	32	93	5	76	80	41	55	32
37	33	79	41	83	33	80	36	47	25
76	83	78	93	22	10	79	88	8	79
63	11	15	43	77	32	68	44	93	36
13	29	21	53	98	89	77	39	12	65
79	20	83	67	50	33	4	40	71	95
97	92	33	76	69	27	18	36	64	52
66	36	44	11	12	48	62	26	95	34
34	41	76	44	100	43	28	48	93	44
28	29	74	98	40	21	96	46	84	72
71	41	75	61	99	44	77	73	55	2
72	79	45	38	61	57	16	90	76	27
99	71	44	21	24	38	62	46	71	92
53	17	43	24	63	94	66	16	45	57
67	56	93	91	73	50	84	37	37	84
6	6	71	58	73	1	97	55	38	61
82	31	2	64	50	56	37	22	75	68
91	1	45	19	60	44	78	53	49	75
55	26	10	88	86	47	46	85	51	62
97	12	79	84	75	36	55	30	42	18
14	63	62	70	94	5	62	52	98	30
24	45	6	63	7	56	22	15	78	4
10	52	71	14	71	79	23	61	44	24
89	49	11	32	61	93	65	41	95	82
85	95	88	22	38	52	6	16	78	20
15	41	52	38	8	62	93	48	99	16
83	1	8	74	41	76	34	75	2	15
92	82	21	97	19	15	65	49	76	19
73	7	84	25	10	49	97	74	24	100
1	17	42	80	99	85	88	14	81	63
19	31	14	63	28	33	21	55	20	93
98	44	73	80	43	76	18	83	65	92
