2	100
19	13
10	12
9	2
16	2
8	12
16	18
1	3
14	4
3	1
20	6
1	18
14	20
15	12
7	8
2	15
1	13
6	9
6	16
16	15
18	16
20	4
18	1
1	13
18	16
15	9
14	19
9	19
16	1
20	10
18	17
16	8
20	14
11	4
12	12
18	19
8	8
4	4
6	17
1	14
20	2
14	12
13	14
2	2
4	7
14	5
17	6
18	1
1	13
4	4
10	17
1	7
18	17
1	6
16	6
14	19
20	7
10	16
3	5
15	6
13	9
20	6
18	13
2	3
11	3
3	14
14	17
4	3
1	8
14	17
14	16
7	19
14	16
6	11
16	2
19	17
18	18
12	2
18	16
10	6
15	19
16	14
3	20
5	4
3	7
15	16
11	19
13	18
3	1
13	2
8	12
7	9
4	7
17	16
6	3
6	6
19	9
2	15
20	13
17	14
11	3
