10	200
37	86	95	3	95	100	59	6	29	39
4	85	95	23	66	86	61	25	7	68
96	11	20	62	41	11	3	16	62	36
30	65	18	99	44	10	7	31	88	22
27	33	79	97	42	24	62	31	12	70
64	82	51	100	66	26	66	34	62	84
97	44	44	94	9	39	68	96	80	56
80	31	37	85	41	63	33	24	20	18
50	72	4	93	73	48	14	18	33	18
44	74	69	5	25	83	90	86	88	3
56	66	52	56	90	34	46	67	60	4
93	43	14	44	34	25	40	51	21	62
25	50	63	62	12	7	62	33	61	58
73	48	36	18	62	85	21	49	3	40
3	48	59	30	26	2	61	25	71	100
44	39	65	27	79	7	3	91	44	84
72	13	6	2	32	46	7	97	82	50
5	92	49	82	59	77	91	34	37	11
47	38	63	61	15	34	84	10	39	56
82	30	5	19	69	90	42	58	98	81
95	64	43	22	95	53	91	84	68	2
16	70	54	34	38	34	51	46	87	98
63	98	58	27	68	75	87	30	14	70
35	34	36	57	17	83	95	41	66	63
44	1	42	38	41	13	77	72	82	35
39	97	72	1	18	97	7	17	54	21
66	62	70	99	67	83	34	98	17	56
40	10	80	25	55	62	56	20	87	56
99	16	49	80	31	39	63	36	39	20
76	78	88	46	97	83	31	44	72	58
80	79	55	26	95	29	17	47	47	56
42	87	31	99	22	51	14	91	69	28
20	99	60	97	80	62	23	35	28	73
32	13	49	29	77	21	61	23	85	2
22	16	89	83	79	90	48	90	25	47
70	41	76	44	38	81	19	59	47	34
7	83	20	75	25	29	38	2	22	2
90	91	6	67	7	5	10	78	18	91
14	33	11	81	3	92	37	6	91	96
2	3	76	52	95	39	97	15	58	50
52	46	68	24	57	79	35	9	37	34
72	42	41	57	20	75	73	39	72	33
93	32	12	27	100	88	16	55	72	68
9	95	20	69	39	69	65	87	25	25
58	28	70	58	24	60	63	20	32	21
67	58	44	25	58	20	35	42	24	70
63	80	38	69	25	78	23	73	18	52
10	86	15	47	76	65	63	55	3	40
26	96	23	52	2	51	51	95	11	20
34	24	64	55	62	78	91	1	33	47
38	91	3	81	11	81	44	98	50	94
57	80	39	84	45	68	58	86	68	74
27	29	62	98	18	87	23	61	85	99
74	63	23	57	3	35	94	43	41	22
8	54	46	18	63	54	85	80	10	95
21	5	34	59	21	9	29	5	63	25
59	84	13	52	20	95	58	83	81	10
74	16	46	46	67	73	84	45	36	64
2	43	51	91	78	69	30	64	36	95
7	90	80	16	63	25	41	94	99	69
96	3	100	1	21	6	60	88	93	48
26	85	70	100	24	17	34	23	74	51
66	95	47	87	4	85	37	30	84	42
32	90	46	67	68	100	43	50	70	73
10	42	72	88	69	22	20	80	93	47
92	19	21	48	4	2	56	13	97	37
70	31	5	51	16	37	39	3	32	24
74	84	54	2	42	24	23	59	19	82
65	57	38	37	51	14	70	98	63	67
45	30	54	33	3	80	38	22	72	32
83	18	49	69	74	9	65	19	7	81
80	97	95	15	72	14	93	68	1	3
68	41	40	66	80	44	31	21	99	63
86	2	88	87	99	48	8	69	63	42
49	51	92	83	87	48	36	39	62	90
87	70	22	70	65	42	78	84	89	31
79	45	21	45	96	78	10	9	17	25
6	25	5	59	55	17	50	58	79	33
9	92	60	9	77	16	81	18	22	57
71	25	81	33	64	4	31	47	88	10
39	27	23	38	85	62	65	63	16	48
93	21	5	57	23	87	86	12	69	80
98	92	88	60	54	82	45	73	95	51
87	4	70	70	94	82	70	22	25	15
51	18	3	74	65	51	20	24	11	77
19	19	79	8	12	48	40	64	84	4
18	93	68	65	61	89	51	36	64	41
18	64	88	54	30	81	90	14	95	4
62	21	63	18	33	69	25	62	58	47
43	7	39	22	97	59	50	38	13	77
100	85	61	70	60	55	32	25	79	32
58	26	69	80	42	98	31	51	33	93
64	89	78	17	99	11	26	67	58	71
31	52	1	19	4	78	60	93	58	78
37	1	84	27	89	17	38	59	80	100
28	100	5	20	13	12	7	45	72	50
29	66	68	8	1	7	26	51	77	65
38	39	93	56	57	64	6	51	29	83
74	68	87	58	44	32	47	81	6	93
71	16	21	9	49	72	34	76	27	82
91	87	83	15	63	90	8	50	64	50
7	56	17	90	76	62	79	10	65	69
61	45	46	85	95	22	18	84	7	85
30	30	25	47	92	87	85	72	95	55
25	97	17	57	86	15	100	32	33	87
93	24	11	58	22	46	42	99	21	42
72	24	44	79	20	77	32	70	99	90
77	8	15	11	45	64	28	89	99	80
22	87	51	20	93	6	20	68	25	46
46	87	52	54	83	1	54	39	38	10
84	30	34	44	11	86	10	1	13	59
19	54	100	41	20	86	74	24	87	14
58	64	46	53	44	90	56	62	29	44
11	90	52	90	97	92	54	7	10	7
97	19	55	66	28	93	88	11	34	97
28	30	52	24	52	20	85	81	1	21
30	48	73	70	49	29	3	11	44	29
33	67	15	80	18	40	9	80	26	52
3	46	28	32	17	81	39	28	38	77
8	73	7	90	77	49	47	86	18	100
91	78	67	6	65	61	15	72	7	13
12	5	55	49	18	85	21	42	53	68
90	75	73	68	21	60	61	26	4	69
93	24	63	27	62	26	79	23	67	56
67	67	22	26	66	4	19	58	72	93
29	5	33	51	10	16	5	100	85	5
1	90	69	38	20	88	42	28	88	93
7	99	75	98	2	23	54	48	2	18
41	3	55	11	41	89	91	12	18	46
22	79	38	63	55	77	99	84	6	78
62	92	71	80	86	30	31	36	50	87
63	58	98	67	65	99	36	58	98	32
98	30	11	42	72	28	61	13	43	25
25	71	42	24	56	50	32	76	26	11
58	56	63	31	84	65	81	71	98	57
42	41	86	74	81	32	81	29	8	58
69	19	93	25	62	93	16	75	12	15
67	60	33	87	75	42	68	80	59	8
48	91	15	87	83	85	85	68	44	25
69	4	68	68	42	39	64	38	70	92
49	7	60	84	90	83	8	100	100	40
65	2	70	1	11	79	5	6	43	78
8	48	31	87	46	63	93	66	45	36
79	30	11	68	59	41	31	31	98	1
77	86	69	5	60	68	35	67	58	64
35	58	96	92	84	2	76	73	39	27
90	43	55	65	61	36	92	3	43	70
49	74	9	43	2	23	79	27	28	78
29	27	9	82	2	21	35	19	85	57
66	58	93	71	11	34	31	4	44	25
77	33	24	88	15	61	49	54	91	61
23	49	46	61	99	64	35	73	64	40
1	73	18	86	5	91	82	39	32	68
92	76	84	3	2	97	3	21	67	41
73	81	29	24	34	17	13	32	73	48
99	59	41	4	24	4	15	38	84	25
79	11	23	23	69	48	66	44	59	2
62	15	6	23	68	21	44	95	53	88
79	50	67	84	69	34	35	81	79	98
83	65	37	43	62	63	59	7	55	87
52	69	73	71	87	85	54	18	36	4
61	20	86	96	47	30	45	39	54	36
14	85	65	62	20	97	78	64	61	6
62	38	40	66	37	10	77	96	98	85
81	17	46	76	38	63	79	42	96	33
18	20	54	19	73	67	5	12	52	90
8	90	57	30	43	23	81	20	60	38
53	49	42	70	56	97	40	89	25	58
19	37	68	29	88	42	85	21	93	70
5	66	45	8	78	91	60	16	33	15
82	59	83	59	80	70	79	84	64	77
28	16	88	94	72	72	23	29	43	1
39	60	27	90	33	88	5	35	93	66
38	25	57	11	76	60	54	9	49	19
64	1	58	17	43	89	79	51	37	6
68	32	74	33	76	23	32	93	27	93
66	45	92	98	39	4	60	77	19	12
18	15	80	24	38	39	3	11	48	44
10	54	98	87	98	7	51	24	35	54
29	62	82	56	54	19	9	60	79	39
30	2	33	26	89	54	52	50	95	38
20	22	46	83	84	12	47	6	100	33
53	36	43	66	84	57	33	24	71	20
30	43	32	9	15	8	22	73	98	45
56	2	30	98	34	7	16	100	73	42
73	4	60	47	86	94	59	68	42	33
22	28	79	76	8	77	90	37	69	76
90	75	8	56	77	51	7	46	32	77
41	34	52	29	47	27	84	86	24	21
49	55	31	66	23	29	24	55	90	57
17	80	31	97	52	98	96	4	70	36
88	14	36	66	93	89	76	50	29	82
94	5	14	48	27	36	44	43	33	49
28	52	56	75	60	61	3	55	78	49
31	80	17	88	34	36	19	66	74	35
53	74	27	8	63	13	67	83	71	17
55	54	72	21	8	36	58	62	6	32
86	21	73	80	51	15	88	26	15	92
17	79	69	98	97	55	26	49	12	47
95	20	85	61	95	78	9	97	81	98
