20	200
79	14	44	5	2	27	44	43	81	86	80	11	46	15	93	56	84	76	12	22
35	18	61	22	45	12	96	93	18	30	49	77	35	54	13	46	73	51	68	77
29	23	77	90	32	63	82	29	81	4	89	73	85	71	59	62	53	22	61	91
32	52	26	51	38	4	76	93	3	48	84	33	9	35	94	13	41	72	90	82
31	67	12	14	42	77	92	65	95	51	93	51	90	78	46	78	98	26	53	29
88	89	26	34	21	57	64	51	77	47	21	82	33	80	61	65	40	13	10	61
12	11	99	53	56	34	43	32	90	17	15	16	19	62	94	42	41	79	93	85
13	42	88	49	30	11	19	11	17	81	38	86	16	93	18	77	91	74	78	88
14	33	61	61	32	6	64	72	87	20	24	62	20	25	48	71	24	50	23	46
16	33	15	9	79	30	100	27	44	18	51	68	1	6	71	81	81	28	17	25
47	47	25	98	57	77	67	91	45	47	54	42	52	33	73	82	18	53	82	2
6	38	28	69	69	57	62	14	55	68	91	96	33	98	99	69	9	17	52	3
64	9	83	98	64	10	16	68	34	90	63	28	47	16	20	10	20	56	29	1
16	53	37	78	57	59	9	54	34	5	74	2	2	79	38	97	56	31	6	60
41	94	80	65	5	63	49	18	79	90	49	53	88	52	88	12	73	5	41	6
2	63	35	30	16	62	27	69	78	23	54	90	50	70	60	22	73	72	73	94
10	91	76	44	56	21	14	51	92	27	25	51	90	100	59	79	60	51	50	44
37	81	41	56	37	59	3	19	92	66	39	1	33	47	96	11	87	91	74	96
48	77	78	51	99	4	1	51	11	82	63	23	23	30	58	30	51	21	8	97
18	95	59	26	89	25	18	43	4	49	92	70	77	54	96	60	4	90	58	33
59	53	9	11	3	17	78	4	90	67	61	67	83	78	78	54	18	52	63	74
86	58	47	63	90	94	46	69	34	98	27	62	63	76	38	66	87	49	23	72
47	15	54	38	88	26	87	100	77	43	42	52	27	84	47	2	6	46	21	10
71	9	70	92	41	100	4	8	40	13	68	70	29	92	28	72	5	10	75	65
7	47	93	92	56	75	35	80	29	37	60	41	28	14	1	38	45	63	97	89
22	80	60	65	75	73	24	35	57	76	98	97	72	57	3	25	17	79	36	67
65	25	80	4	54	27	42	16	91	90	28	43	14	86	43	28	88	29	17	84
51	100	24	54	40	63	69	72	11	77	22	66	27	31	25	98	100	56	11	49
32	9	45	67	48	56	84	86	14	76	38	89	62	52	16	65	2	27	65	91
58	71	5	15	69	62	16	84	62	46	28	32	18	69	53	42	56	57	6	84
80	84	58	36	39	33	5	75	15	60	97	74	92	21	91	62	5	30	99	86
40	1	25	68	48	7	71	94	100	75	9	45	21	81	11	75	13	70	76	36
58	41	69	2	50	55	40	97	79	92	38	26	58	20	45	80	60	90	89	33
63	12	76	40	52	52	54	12	11	16	49	35	54	64	29	100	32	23	19	94
67	75	15	9	37	84	88	1	37	31	16	23	82	44	74	47	66	30	51	99
1	29	87	63	43	3	72	95	92	46	49	37	72	95	66	88	97	67	4	69
64	53	75	81	1	27	54	11	91	82	34	2	73	20	93	39	89	53	67	34
12	94	10	92	82	79	51	87	79	86	51	100	26	83	35	49	54	6	62	16
50	62	4	10	12	47	65	52	3	27	100	44	1	70	57	71	43	84	99	23
77	68	33	6	32	35	76	90	86	45	85	83	91	51	85	50	90	100	80	35
14	100	85	52	86	7	100	57	26	65	6	71	8	39	40	82	30	99	79	78
72	75	67	59	43	18	54	50	85	8	81	44	5	65	9	77	83	82	20	26
36	20	65	21	39	15	75	53	12	4	21	92	22	2	64	40	33	27	10	69
54	50	73	18	85	63	66	44	31	63	99	48	79	53	43	52	10	47	20	28
43	2	38	82	87	90	22	3	1	70	45	57	73	52	73	86	47	47	37	77
50	32	22	49	5	73	13	69	60	12	30	87	8	82	26	53	13	92	32	95
41	64	43	61	19	43	76	28	81	58	6	64	10	43	79	11	80	89	77	15
77	53	44	89	41	58	50	91	26	20	73	56	16	42	36	86	89	62	31	63
97	85	89	3	7	67	77	65	4	16	74	24	15	17	18	89	21	55	21	62
93	86	3	61	85	50	48	69	7	93	22	18	59	15	18	93	65	42	83	74
81	86	87	11	47	49	41	100	24	48	66	35	41	70	70	12	83	28	18	57
19	9	58	12	94	56	66	100	99	26	25	80	73	47	81	8	99	93	14	36
10	49	46	60	27	88	77	89	46	7	10	37	24	26	56	73	28	76	17	92
84	42	1	98	23	87	63	95	89	63	13	91	14	83	48	71	63	99	85	6
79	77	55	93	16	89	56	47	92	8	80	24	76	23	53	68	49	48	37	40
26	83	1	83	95	20	23	42	78	85	10	29	92	11	13	7	88	9	82	35
32	16	3	82	83	90	15	92	31	81	23	16	63	45	81	97	77	72	98	97
66	15	69	8	99	51	32	65	11	46	81	40	66	2	9	10	81	19	100	5
6	32	12	98	63	95	67	47	30	17	31	16	11	86	70	17	47	96	83	32
58	50	82	85	100	83	50	61	36	72	16	58	72	94	91	35	4	72	45	4
85	86	35	94	15	65	30	81	33	92	63	86	36	69	48	56	51	27	99	81
46	6	11	59	1	73	45	18	95	35	14	76	52	80	48	73	15	88	71	35
53	69	29	44	9	31	22	4	47	36	85	77	73	64	59	79	75	77	94	43
21	13	86	98	79	88	35	57	21	75	41	63	56	64	28	77	78	67	50	70
51	41	72	60	51	37	3	88	21	69	98	39	94	29	14	41	84	31	66	22
97	66	83	72	95	22	21	10	36	83	2	9	27	25	92	81	42	27	48	42
85	47	36	52	78	2	70	28	50	88	94	47	2	29	73	86	58	100	65	29
16	94	52	39	68	90	12	70	38	34	100	57	84	25	38	50	30	32	94	94
52	94	60	49	90	55	7	99	52	6	23	42	63	19	26	92	96	98	84	89
91	1	91	16	88	37	63	78	91	24	57	27	7	72	77	23	34	4	50	13
83	14	19	33	12	59	95	66	99	47	55	32	48	6	3	52	3	44	61	54
93	30	8	29	49	96	35	91	42	3	58	92	49	71	6	78	83	59	5	30
42	98	79	45	69	26	80	1	69	26	21	90	43	97	21	53	6	91	84	17
24	5	24	97	89	64	84	77	100	26	70	44	40	31	12	95	52	64	60	24
17	34	23	17	83	68	50	52	51	54	72	93	75	89	7	38	74	83	56	6
42	4	2	43	56	77	51	12	85	26	1	43	31	61	1	90	82	8	14	22
15	32	27	47	55	78	70	52	25	75	22	70	8	55	82	13	33	80	61	6
17	38	68	25	53	30	63	15	89	17	56	66	69	35	92	10	77	56	89	79
8	100	88	10	5	32	35	76	79	88	58	2	48	9	5	77	65	2	94	25
16	55	63	9	20	56	1	73	64	73	36	78	92	83	99	18	50	59	20	21
95	87	36	1	60	54	19	61	30	15	46	76	62	64	63	53	37	80	91	49
31	63	12	7	52	81	11	66	11	88	28	7	83	74	30	29	20	63	49	66
38	41	43	50	27	61	16	28	20	46	82	71	69	72	90	33	76	29	50	80
44	53	50	43	87	39	93	89	35	35	33	75	31	25	11	90	20	63	80	91
65	83	47	65	6	57	39	11	84	97	54	92	13	70	23	85	92	100	63	89
68	28	94	86	13	7	41	44	61	100	14	13	49	60	15	61	7	85	37	31
1	83	5	38	81	42	63	61	2	26	99	20	100	92	23	38	90	61	53	100
17	95	51	84	84	41	44	53	55	63	79	7	64	33	88	86	23	57	5	72
45	80	43	35	1	95	14	57	38	78	71	46	33	38	14	7	32	22	54	40
99	10	6	39	48	93	57	68	5	37	15	34	56	81	55	38	52	16	83	89
28	87	16	78	93	33	74	26	19	82	55	2	3	66	73	36	74	5	87	9
39	46	53	1	64	38	91	52	84	77	55	16	39	66	13	12	94	29	47	16
20	31	49	24	82	14	32	91	8	20	64	47	30	75	51	82	35	16	15	55
43	22	43	43	27	39	63	37	53	62	42	45	59	72	90	8	98	29	19	50
6	100	44	64	13	8	87	65	15	31	78	79	15	92	74	98	89	7	97	44
51	95	38	47	78	20	89	58	85	44	85	6	97	65	50	44	78	79	30	19
53	99	23	23	84	64	31	67	99	92	19	91	32	76	100	12	62	98	87	94
20	29	80	72	47	73	82	51	43	31	20	11	78	79	91	53	72	16	64	14
89	22	60	93	25	95	74	21	66	38	82	81	92	37	100	24	19	52	77	12
82	81	25	68	73	9	14	54	85	47	40	46	34	73	5	98	70	87	47	53
99	62	86	5	49	40	19	42	80	68	35	21	40	52	32	9	98	92	21	17
82	21	36	19	99	36	47	20	32	2	55	32	6	25	13	21	96	21	20	34
91	72	74	18	13	20	7	82	41	97	1	78	67	31	71	79	26	67	6	13
93	100	10	79	13	3	16	16	40	12	14	77	73	88	26	10	47	19	6	80
30	65	79	36	2	78	66	75	54	35	96	29	15	7	41	92	62	96	6	10
4	92	43	30	83	24	5	79	5	62	32	8	61	27	84	28	22	75	77	35
37	41	62	6	17	86	63	67	47	35	48	51	13	97	76	38	23	49	53	78
74	88	71	92	3	89	68	89	23	14	71	88	19	71	74	64	30	38	14	98
62	38	33	71	15	82	95	65	51	47	6	73	22	100	62	50	71	71	3	28
18	74	45	33	65	60	32	43	23	13	8	85	35	56	17	36	55	100	78	22
94	4	38	77	9	98	67	20	9	24	94	60	35	86	81	88	94	100	7	55
50	53	42	39	39	21	38	66	83	27	95	71	93	82	35	15	36	69	25	67
94	13	34	100	20	48	50	50	76	30	43	56	94	23	73	42	62	100	38	88
60	1	38	83	29	23	68	54	52	66	52	26	75	40	61	38	19	43	19	92
71	89	91	54	85	40	78	70	10	93	54	37	31	37	7	94	75	51	71	97
81	97	98	10	78	17	81	54	63	35	24	19	82	46	18	72	10	84	99	90
46	98	44	59	13	16	95	38	34	68	63	68	73	22	11	74	92	82	76	68
59	24	8	75	70	35	55	86	20	36	85	91	53	82	52	84	53	39	97	63
22	43	21	96	73	56	47	60	36	44	80	29	9	32	31	22	90	70	90	79
61	10	19	98	84	72	16	91	70	28	21	53	85	14	46	17	3	13	2	15
88	96	50	77	56	56	83	21	51	31	94	84	50	19	2	13	25	24	12	2
41	56	90	8	23	28	45	95	86	15	19	78	68	76	91	65	60	43	42	28
89	95	40	40	34	38	3	66	12	34	92	80	1	1	75	33	7	43	54	29
12	88	36	37	12	17	17	75	29	38	53	83	82	85	13	46	17	50	74	86
25	79	84	53	23	39	77	67	2	59	59	18	89	14	16	1	60	3	28	18
21	29	38	75	81	10	98	17	89	29	16	57	69	69	4	34	5	83	15	73
41	51	74	70	79	36	94	69	69	12	87	14	22	57	65	97	41	9	73	13
42	61	79	73	43	3	50	21	10	83	97	77	89	55	78	71	56	68	97	45
16	29	49	77	42	3	35	12	4	7	93	96	11	3	32	81	73	1	28	76
87	74	60	86	16	10	25	67	80	95	42	73	13	28	97	13	12	2	31	40
68	38	18	3	91	1	67	87	24	98	99	56	41	21	59	43	70	63	62	32
78	68	33	10	66	20	83	83	6	20	69	71	70	88	9	50	57	57	96	15
44	39	44	82	96	86	33	93	70	55	43	50	40	100	62	1	5	9	37	71
19	84	81	4	30	28	86	53	13	10	86	14	67	47	89	40	24	52	14	81
88	91	14	51	77	19	31	71	27	8	45	49	20	26	97	60	58	40	53	69
100	81	81	60	69	29	84	93	11	23	77	54	95	57	84	29	71	30	28	12
97	16	27	5	65	38	95	42	51	29	82	84	99	46	81	8	10	54	83	48
36	38	60	4	32	92	54	63	42	69	90	28	13	42	72	85	54	77	95	32
35	42	43	83	42	93	55	50	77	77	19	17	48	80	76	59	57	23	74	74
84	32	100	82	39	54	71	58	75	96	54	34	59	52	14	94	96	78	63	39
38	5	86	66	50	74	81	34	66	13	28	31	3	22	48	4	43	61	44	88
22	97	76	81	23	86	58	97	66	83	64	80	61	36	37	80	46	34	33	66
74	38	93	62	68	23	31	38	4	11	52	35	34	75	17	41	29	6	43	65
16	84	68	83	49	49	70	68	85	69	58	9	29	78	15	85	4	14	13	100
55	20	94	56	32	29	46	87	19	96	51	41	91	68	51	90	70	10	14	20
53	63	53	36	53	43	7	56	61	32	37	15	93	43	10	96	91	13	52	20
3	84	50	89	18	17	18	61	28	26	16	95	1	94	48	93	68	59	3	89
23	91	26	88	60	37	49	49	59	55	99	58	59	94	17	69	14	64	18	36
26	46	28	35	17	43	14	99	96	17	29	33	10	64	98	13	58	63	30	81
69	70	3	74	27	59	36	8	78	79	80	4	41	68	64	77	63	92	71	17
23	51	53	42	27	67	48	96	97	4	12	52	35	38	68	56	44	55	9	59
7	7	21	18	38	25	93	42	100	21	51	67	92	13	59	19	18	62	47	61
11	41	12	74	67	28	70	3	1	8	34	8	83	13	10	16	30	35	4	2
74	6	96	76	54	45	61	22	79	49	39	82	8	49	48	67	96	48	51	11
56	90	42	93	87	43	85	79	3	43	90	83	58	46	87	5	46	36	21	23
68	48	25	52	69	52	100	35	65	44	21	83	84	94	46	85	65	4	90	12
61	82	19	36	60	57	24	63	63	44	21	60	27	29	43	9	66	90	24	35
43	50	14	59	23	8	99	65	1	2	41	43	47	10	63	87	29	89	93	13
29	38	72	22	24	62	56	56	51	38	20	75	80	56	69	11	68	60	14	53
58	60	63	61	4	79	14	18	66	57	80	77	98	12	7	6	78	93	36	61
52	43	15	63	83	66	63	91	41	53	19	69	75	41	55	69	75	12	19	45
48	38	91	95	58	43	78	69	49	63	33	76	25	53	1	15	45	100	78	38
16	23	77	14	38	11	2	57	57	38	31	67	74	91	14	14	53	20	6	40
89	95	43	79	21	44	45	23	41	40	24	76	34	82	30	25	62	78	58	47
42	21	12	12	33	67	3	34	40	87	63	26	94	38	50	22	81	99	94	95
67	80	17	17	14	56	33	93	62	89	53	76	63	59	99	68	83	32	47	55
41	12	83	54	78	99	82	97	33	9	45	64	85	63	81	63	5	95	98	78
34	11	72	51	35	88	63	36	40	82	39	50	53	39	54	56	97	63	40	15
74	37	61	54	44	90	91	100	79	37	63	88	34	70	21	31	40	32	19	90
37	47	57	51	70	96	11	46	10	26	66	42	56	84	4	98	51	19	7	46
97	64	57	4	20	51	16	84	19	23	16	65	44	50	79	27	80	10	84	49
79	46	90	54	71	21	33	51	66	23	81	21	25	74	94	73	91	53	32	20
80	28	27	88	10	2	98	6	5	78	18	41	35	59	67	52	74	4	34	99
18	66	18	96	42	95	40	71	57	6	37	28	79	65	70	51	19	3	45	70
24	27	46	89	6	41	87	67	8	43	100	87	20	34	2	14	10	31	46	15
62	28	50	99	41	91	62	71	90	16	33	71	60	65	75	92	20	30	91	1
9	74	63	15	7	50	8	46	63	56	41	89	57	30	8	96	78	48	48	15
79	17	77	92	11	30	28	56	59	11	94	81	40	46	6	88	66	36	93	92
84	17	8	35	75	44	15	30	57	80	14	73	83	77	22	93	97	72	5	77
22	53	88	53	62	61	49	12	25	21	31	43	55	57	32	63	9	43	17	67
15	99	100	79	97	22	98	64	24	14	92	94	32	16	70	32	30	55	73	15
96	3	6	36	50	72	18	27	45	60	85	54	55	38	62	24	53	9	57	40
64	85	89	12	29	37	12	40	87	1	34	54	71	3	71	13	94	64	30	25
5	72	19	65	29	38	40	94	54	46	79	21	99	33	51	11	15	95	8	13
61	78	40	45	26	31	84	53	68	50	31	90	79	32	36	93	67	25	83	92
98	18	86	42	22	13	56	38	52	60	99	100	57	17	64	27	32	74	39	99
55	87	27	4	16	90	42	67	97	59	45	91	12	17	16	44	93	99	23	13
76	47	2	8	52	32	33	63	69	10	61	93	87	84	37	11	92	83	26	33
72	89	41	93	15	9	88	41	2	21	35	34	52	26	24	8	86	19	53	85
57	80	99	88	99	53	5	29	80	5	52	10	73	91	42	87	6	9	93	44
45	93	61	48	76	28	41	61	61	30	26	73	30	42	77	92	91	54	94	62
5	59	61	98	69	25	61	62	84	37	3	78	26	10	41	64	20	51	12	72
12	44	68	51	79	79	81	32	14	51	96	53	15	32	40	86	33	63	79	52
67	80	78	24	27	49	48	21	2	14	73	41	43	23	50	61	91	11	19	91
44	29	48	33	41	50	63	95	70	55	32	57	72	60	5	32	66	45	24	31
32	60	31	1	79	56	11	93	82	79	95	22	44	89	9	39	33	45	83	78
86	53	51	47	82	16	69	83	18	18	95	47	88	89	59	84	99	48	55	85
40	70	14	92	61	10	14	84	52	67	100	22	62	46	45	79	10	84	19	63
88	28	76	64	84	49	35	56	31	25	40	86	90	99	39	17	40	60	87	72
2	85	32	51	19	74	86	42	44	80	75	15	29	92	98	12	95	50	8	12
