20	100
13	58	74	30	98	76	46	22	13	82	81	69	29	80	57	61	4	81	91	69
85	54	20	82	49	53	85	84	13	100	37	36	13	87	48	37	11	51	78	96
79	42	75	19	48	45	73	14	34	36	82	98	45	24	47	60	39	93	82	45
91	63	10	14	46	46	56	43	32	20	51	53	4	96	90	43	79	1	35	5
81	72	50	77	18	40	91	90	41	89	99	19	70	33	6	16	33	62	74	2
89	31	82	14	86	29	95	50	34	4	81	38	58	77	65	19	14	33	96	6
55	67	2	44	22	32	84	71	91	75	11	18	27	33	17	50	91	36	92	89
46	42	56	37	9	61	61	93	69	87	3	100	67	68	48	22	29	38	93	54
46	24	60	60	94	64	11	26	61	15	29	78	41	7	61	13	12	66	36	61
72	91	3	4	72	11	52	60	85	95	22	53	43	39	43	22	83	97	44	45
50	35	33	54	59	25	59	60	8	35	11	64	3	33	82	56	22	56	88	83
13	52	42	67	94	76	36	3	64	39	31	15	22	91	11	37	58	50	46	48
52	92	52	50	85	58	50	11	57	88	1	28	9	62	33	98	94	67	60	84
90	57	96	70	5	96	42	13	22	46	98	72	11	41	31	21	1	92	82	37
26	25	46	77	38	4	7	61	58	14	44	92	90	63	58	96	96	83	46	89
16	38	89	12	90	29	17	69	31	12	98	3	85	24	58	65	11	20	32	2
90	82	56	9	3	7	83	49	83	36	25	18	46	94	21	89	36	35	88	10
87	38	30	46	17	41	8	67	5	93	86	77	52	44	99	35	82	81	10	83
47	69	86	96	88	80	57	91	4	69	29	76	32	22	16	52	52	10	93	62
100	16	44	91	50	49	67	2	95	87	7	56	26	5	63	18	53	35	59	37
84	17	64	37	64	10	45	30	29	47	83	73	89	48	84	31	26	96	46	39
13	56	97	18	62	74	51	28	60	99	100	18	52	56	78	83	53	7	27	41
4	37	74	48	4	35	67	79	21	32	92	58	89	20	24	29	21	47	75	91
60	18	71	31	48	65	22	33	70	1	79	19	69	6	36	76	83	49	14	28
7	73	7	28	7	42	30	32	32	50	63	7	33	36	81	86	67	43	1	40
14	34	9	20	54	73	89	84	84	48	47	73	34	48	84	88	11	44	24	6
36	90	2	20	38	73	87	33	25	50	10	40	48	75	15	73	64	88	74	35
54	47	48	84	4	91	74	85	53	94	76	24	20	95	4	24	33	89	82	82
86	57	59	34	39	7	25	59	34	12	24	24	70	90	53	90	42	18	17	48
100	3	81	32	75	87	21	54	71	91	40	75	6	93	49	98	88	14	46	98
67	15	52	42	70	52	54	30	43	15	82	16	73	35	83	84	76	27	60	53
87	72	89	43	72	49	19	78	42	56	2	29	73	20	81	85	51	40	63	23
33	92	11	57	10	25	3	71	10	65	22	62	55	93	12	96	26	10	70	21
34	76	89	87	13	54	44	54	55	98	33	37	64	37	20	95	61	33	33	47
47	48	68	77	34	40	74	80	9	86	60	42	70	43	90	57	3	24	44	57
82	50	17	13	32	86	98	19	74	17	36	94	77	23	74	86	9	12	54	74
80	65	46	70	39	92	67	22	48	64	93	37	90	77	66	97	32	56	45	49
43	56	7	92	50	67	65	47	69	4	49	92	71	71	77	17	5	48	75	41
19	77	71	10	24	99	4	1	57	77	54	53	68	5	31	25	58	54	20	73
27	20	53	44	15	2	66	20	100	49	93	85	82	5	30	66	85	97	69	51
63	65	90	92	50	96	24	67	40	53	60	52	28	2	14	99	24	28	96	23
34	85	1	8	85	70	72	63	75	66	40	62	86	69	10	63	31	61	94	20
78	100	81	48	90	42	57	80	92	32	42	58	1	46	18	79	65	82	8	81
24	62	92	74	13	98	66	60	93	51	69	64	34	77	46	35	4	53	19	43
13	93	72	44	24	83	61	40	51	32	98	49	54	14	96	16	8	7	36	93
76	98	87	41	63	79	24	25	100	84	75	13	64	65	68	32	91	49	51	30
37	27	9	62	53	21	10	21	81	30	27	98	17	26	68	16	6	31	81	45
60	37	41	68	57	86	85	89	46	65	26	60	56	7	56	50	89	26	88	43
69	3	44	71	57	77	96	39	98	53	26	61	68	6	70	1	87	42	5	68
36	22	76	17	5	68	42	11	70	18	28	80	43	39	76	57	93	70	11	81
91	47	91	94	39	66	92	51	37	56	64	47	22	21	7	48	28	27	67	90
36	86	69	80	25	46	18	29	31	14	8	17	31	25	77	89	31	82	78	39
76	92	74	15	55	81	59	22	32	29	29	66	4	21	45	6	79	11	69	94
48	64	20	24	49	47	16	98	44	19	17	47	50	28	15	44	12	55	26	44
88	97	98	2	85	42	13	10	80	72	11	21	13	85	91	13	72	51	66	8
65	62	78	14	13	83	17	77	7	2	94	25	86	25	6	52	66	19	39	7
35	6	18	73	8	97	34	65	37	2	72	61	89	18	80	26	19	85	90	3
25	37	4	78	79	87	36	89	79	40	47	54	13	60	74	59	44	6	6	17
49	53	40	5	31	34	36	68	46	81	33	82	29	36	82	98	3	40	94	22
61	46	86	98	56	18	48	29	45	21	82	14	79	74	54	73	98	99	48	45
51	68	43	99	7	66	25	78	78	76	57	4	12	84	56	4	68	42	50	13
86	8	24	26	99	20	3	56	82	10	1	5	93	49	72	94	3	87	91	91
94	71	51	69	65	78	2	95	19	51	6	56	50	36	60	44	45	17	1	88
63	70	96	69	75	52	12	63	13	62	1	81	51	60	20	16	57	55	62	21
18	8	37	32	4	46	56	58	90	29	49	87	87	4	28	24	75	83	95	13
67	40	83	57	50	26	5	90	16	45	87	91	56	80	70	55	34	65	65	29
97	54	74	85	14	15	94	48	32	97	41	75	60	49	54	79	26	81	83	79
42	66	42	46	42	58	31	7	35	73	91	10	18	66	17	13	67	98	43	35
32	57	59	20	4	13	32	8	26	91	29	53	83	87	88	32	13	28	43	56
85	87	13	59	6	32	57	94	33	42	13	29	38	48	48	85	8	22	43	30
27	24	81	44	45	38	28	32	79	86	1	39	55	88	51	45	44	100	14	73
56	38	75	85	79	1	16	35	39	3	24	91	86	14	30	61	6	70	15	69
4	26	16	48	41	75	74	51	97	3	41	8	8	71	74	90	49	97	66	44
22	93	93	76	62	11	54	41	58	90	39	75	85	46	69	31	22	28	44	5
27	66	39	37	62	17	83	16	41	40	13	10	4	72	47	11	33	40	87	31
21	33	93	7	64	67	23	63	2	43	68	22	53	62	17	57	55	56	15	45
28	39	1	19	78	30	71	14	100	59	99	82	41	13	84	95	73	32	74	96
94	21	14	99	72	91	58	43	55	90	56	77	26	42	4	83	33	75	30	35
96	10	63	44	45	86	81	40	79	23	85	24	83	19	52	8	25	2	47	88
73	29	60	10	3	22	57	100	10	1	62	99	2	39	1	85	58	71	55	86
10	18	65	33	6	33	95	7	91	96	58	31	29	42	63	67	50	54	41	23
30	82	31	78	61	87	22	44	19	67	51	54	48	61	78	55	65	28	5	70
28	50	9	14	43	31	70	61	77	34	35	5	30	32	57	29	87	87	72	20
11	51	89	24	46	5	83	68	65	8	3	23	49	71	95	80	73	17	35	30
17	62	68	86	33	47	25	16	5	49	68	78	56	86	60	78	62	86	69	39
49	3	96	70	31	12	56	59	38	77	56	71	53	42	4	50	84	3	92	99
80	68	64	16	40	26	68	64	12	18	18	88	48	96	82	14	67	98	55	22
92	66	79	28	94	98	25	15	82	11	94	59	94	71	60	81	39	81	30	6
45	92	48	20	60	69	23	57	60	90	84	86	49	71	8	15	89	37	23	43
1	53	82	2	24	60	94	78	37	1	76	86	69	50	77	100	19	60	69	26
75	69	56	93	28	9	11	24	63	45	93	3	58	88	5	92	10	46	96	100
75	46	21	59	15	98	17	99	94	9	96	30	69	98	68	33	98	90	75	16
49	70	15	92	9	73	29	82	46	86	90	73	64	69	51	29	49	97	78	31
92	13	31	55	49	64	34	61	20	73	95	20	72	81	52	5	31	29	51	42
69	36	53	9	19	24	66	100	47	40	85	2	13	45	24	37	40	61	44	46
39	69	63	74	91	70	2	84	18	47	98	20	47	36	62	57	60	23	37	26
98	35	14	80	88	93	8	28	57	15	65	71	85	5	3	1	74	80	18	49
23	83	83	100	42	65	55	77	83	68	78	18	24	18	48	5	55	83	86	98
63	74	27	3	82	28	35	42	33	61	84	80	5	88	4	16	52	14	39	24
39	31	45	90	38	48	47	68	58	99	47	91	94	20	86	49	56	81	19	14
