5	200
27	14	47	14	46
43	24	49	17	19
20	29	44	26	6
18	50	46	14	50
29	40	40	27	33
30	44	43	43	9
20	27	37	21	17
40	17	29	9	12
11	49	49	41	49
31	39	42	39	12
2	34	8	19	1
38	24	21	31	16
50	31	7	9	50
43	42	23	10	16
2	21	37	2	39
31	41	50	29	3
41	3	4	32	8
36	20	19	20	29
16	46	49	43	13
30	42	41	41	6
39	17	33	23	10
31	47	6	31	21
48	25	42	28	26
47	28	26	1	14
24	24	3	31	1
6	23	44	40	9
39	1	9	23	15
24	21	32	22	28
40	14	38	50	32
41	4	21	18	16
3	17	40	28	32
16	15	2	23	5
8	3	17	22	33
47	17	20	14	2
27	47	4	23	25
11	36	4	50	10
2	2	27	25	6
22	11	31	42	50
10	19	9	18	21
37	48	17	17	35
25	35	8	16	39
7	14	17	4	22
30	12	3	13	3
6	27	42	16	12
37	36	29	15	43
9	38	37	3	38
14	20	37	15	36
17	45	12	36	50
8	44	28	20	20
49	16	47	15	15
11	6	1	6	49
39	7	43	24	31
19	28	15	16	9
11	25	39	28	36
11	16	7	17	4
43	8	9	46	44
43	42	22	39	28
8	19	32	16	47
11	3	38	6	31
31	30	13	12	10
25	28	19	29	4
45	50	35	2	6
31	49	48	30	38
28	6	26	38	1
42	43	24	31	26
9	28	1	36	23
14	46	48	37	20
16	23	43	36	33
9	35	31	10	17
12	5	9	18	3
25	4	25	11	18
32	5	39	4	45
18	49	50	29	43
35	2	12	10	23
6	14	41	6	43
8	13	14	15	15
4	20	34	33	49
10	22	37	19	38
11	34	40	41	16
10	35	2	18	32
11	44	49	45	48
12	14	20	19	10
20	41	25	39	42
48	16	17	31	33
14	15	43	23	12
22	24	1	40	34
23	12	47	33	4
11	22	39	36	37
47	3	19	9	19
21	10	1	50	18
44	19	21	35	19
47	1	26	34	26
38	13	30	36	38
9	45	42	36	31
27	28	32	44	37
12	47	34	4	42
13	24	2	22	40
5	41	13	15	8
10	46	6	11	50
34	23	34	22	10
27	19	16	19	42
17	38	27	49	8
50	17	23	42	14
15	12	9	46	33
18	32	27	29	21
32	23	21	45	3
39	13	13	44	16
44	9	33	31	23
17	14	15	8	8
44	24	14	47	35
23	15	38	40	43
45	43	37	48	10
45	17	33	46	19
38	5	29	27	20
7	29	29	24	17
5	18	19	21	28
9	9	24	10	31
25	26	23	2	22
1	22	36	21	29
1	32	19	40	21
39	46	37	28	29
44	37	14	23	38
27	25	17	20	2
36	43	23	16	44
12	32	27	6	19
35	44	8	46	16
23	50	29	1	40
14	23	47	31	38
39	12	1	15	45
27	5	16	20	43
8	10	4	46	9
7	20	32	9	44
50	29	19	8	16
27	46	17	31	39
14	46	42	28	6
1	32	12	11	43
31	29	39	4	9
14	47	34	42	34
44	42	39	38	39
10	44	44	50	18
32	39	36	31	30
12	18	26	41	9
25	8	21	16	14
21	41	16	49	2
31	12	25	48	45
23	7	5	40	46
8	39	13	44	11
42	44	8	25	47
47	22	44	34	9
37	21	23	24	18
20	28	45	48	38
20	15	39	37	7
6	14	36	45	1
37	45	27	6	23
28	33	42	3	6
10	19	41	39	8
2	35	31	23	27
30	45	15	7	42
28	5	22	18	42
33	36	49	34	22
43	45	18	2	40
37	37	43	43	28
2	24	50	29	6
22	33	13	19	22
42	30	21	15	45
23	12	25	11	23
24	20	8	18	16
8	17	30	33	40
44	3	23	29	40
4	6	44	12	21
1	23	31	12	30
13	24	4	7	17
26	13	32	21	4
32	17	33	14	49
5	3	30	30	29
40	8	43	25	41
18	19	13	41	22
2	40	46	38	3
35	14	23	17	14
31	21	2	26	9
38	24	30	14	16
49	44	1	34	41
6	31	30	16	50
8	50	42	49	3
43	21	46	11	15
42	30	14	16	48
20	6	17	16	4
44	39	50	25	24
8	39	12	47	47
4	34	7	17	6
31	30	3	23	17
17	29	20	49	25
19	30	35	37	22
1	15	14	13	7
20	1	17	26	45
4	9	49	14	12
8	23	48	11	17
40	3	44	50	37
16	19	1	1	5
29	4	26	26	47
