20	100
88	99	31	79	3	54	68	30	22	31	48	80	61	7	55	54	20	51	90	24
38	65	10	50	14	62	4	85	67	84	76	2	18	1	88	63	75	92	50	29
64	8	68	60	60	50	23	43	79	71	79	60	55	65	54	23	90	81	66	42
50	84	64	38	56	46	62	61	20	92	79	29	1	62	60	30	98	50	91	65
39	62	6	97	5	17	48	54	47	66	74	95	27	8	79	81	45	30	5	14
88	62	24	87	92	51	59	94	5	25	26	40	91	1	4	89	78	67	34	39
99	9	15	54	18	85	3	94	83	80	86	68	46	78	77	77	38	19	5	55
58	54	49	23	40	35	5	26	5	91	3	78	97	66	15	79	48	70	70	7
49	66	11	25	39	59	94	13	25	27	52	60	63	80	82	46	61	93	14	84
81	77	89	93	78	9	71	81	63	99	30	68	50	98	7	93	43	24	84	82
41	92	2	79	39	43	15	18	85	70	19	56	56	86	27	72	77	19	48	30
88	14	51	27	98	84	10	65	74	89	3	37	9	33	44	90	76	11	54	35
94	54	96	94	80	75	12	65	72	35	17	25	77	54	95	27	41	76	82	56
34	51	44	96	68	82	47	24	42	37	96	67	66	13	37	34	19	57	47	23
72	46	94	39	73	79	61	55	39	18	49	1	30	98	2	44	10	1	27	99
28	89	23	35	39	50	59	64	18	61	9	85	30	59	85	89	57	6	23	90
21	92	86	25	89	96	37	68	12	93	25	18	31	48	96	83	24	59	100	23
20	97	38	79	10	65	72	71	14	14	87	5	78	37	79	37	4	98	47	43
14	92	53	25	37	91	54	82	64	2	65	98	6	1	71	24	55	8	16	25
25	67	54	98	7	20	41	94	70	59	80	26	13	57	10	28	45	13	42	19
12	90	8	13	49	89	100	78	67	55	83	97	83	23	19	47	39	56	19	17
51	60	13	5	22	40	85	49	91	43	80	42	66	97	13	36	59	41	50	18
20	64	27	15	77	84	44	91	39	63	90	89	95	26	69	52	77	3	92	10
5	52	87	25	75	41	32	86	10	83	89	98	7	2	97	87	33	98	28	38
97	94	10	28	54	91	48	40	29	62	59	56	50	40	14	69	78	3	41	37
53	58	82	56	75	93	83	94	29	82	19	79	75	54	13	11	43	59	72	84
94	92	58	48	24	33	48	67	89	29	10	31	58	92	86	40	13	54	54	61
8	55	12	47	43	81	81	97	27	3	27	19	32	57	43	62	100	35	33	43
45	17	6	100	73	89	22	84	69	74	99	89	5	11	77	40	80	12	6	44
52	52	40	86	3	91	99	2	49	24	40	78	22	11	17	92	50	13	74	54
59	98	29	54	5	38	14	21	81	4	83	88	30	89	92	93	78	20	98	82
90	20	35	45	34	21	68	95	94	85	91	68	38	52	85	54	24	86	81	65
77	79	22	46	42	53	49	34	20	24	14	30	16	93	64	40	63	85	20	85
71	20	28	96	14	15	50	78	4	38	70	92	40	33	5	12	99	90	3	82
72	35	75	71	71	61	53	46	88	46	91	40	67	96	95	58	51	26	32	28
3	72	30	82	55	23	90	83	88	52	41	74	82	38	14	37	46	57	25	53
63	5	91	58	47	31	25	45	38	48	61	73	58	76	80	1	5	93	17	49
72	70	58	36	5	18	58	30	83	59	12	95	2	80	65	99	82	72	36	24
98	46	46	40	91	69	16	7	58	14	32	53	41	76	82	94	47	55	53	30
73	96	62	80	36	67	72	79	11	82	20	34	58	93	52	26	24	18	45	37
2	51	72	70	28	59	54	26	98	72	52	27	19	6	52	2	84	67	4	25
98	37	97	77	94	99	96	49	25	56	70	29	10	17	28	22	25	93	52	78
14	46	81	40	30	93	15	53	41	50	43	58	14	21	40	66	55	96	76	29
64	5	2	43	2	24	18	3	78	30	78	91	15	27	11	52	56	57	47	2
85	44	9	75	14	13	15	89	77	63	67	30	18	24	14	10	44	39	38	7
76	12	75	12	73	52	43	87	11	88	10	99	49	75	45	21	97	28	30	90
9	29	26	16	63	48	74	92	14	2	9	18	19	40	27	73	69	97	2	62
70	28	79	90	53	69	81	44	79	93	14	17	9	49	99	47	87	59	49	26
79	52	74	9	80	92	80	10	49	73	52	100	26	68	20	81	51	36	63	94
68	30	13	22	89	92	9	71	42	80	87	11	49	77	84	18	55	70	11	62
90	72	96	7	41	14	91	41	29	18	97	51	97	55	59	49	39	53	21	88
84	10	68	69	86	42	51	50	85	3	27	81	26	2	5	96	35	7	81	75
2	68	42	24	84	36	15	95	19	35	79	3	49	23	78	80	4	27	21	100
64	41	56	27	91	16	25	95	50	63	14	33	72	47	87	16	69	45	85	51
28	57	32	51	24	25	32	4	24	25	93	8	86	82	12	61	12	15	34	68
12	20	45	56	22	47	31	3	37	63	12	60	42	71	72	7	10	6	4	67
85	22	72	26	71	6	47	91	36	27	4	54	12	18	39	8	13	76	30	77
94	30	67	61	13	33	67	16	10	6	52	7	11	67	84	90	49	19	86	16
100	41	68	10	60	58	49	25	32	65	94	34	77	28	74	55	55	11	13	38
40	32	81	30	76	98	44	45	34	49	60	95	91	14	77	53	63	58	2	55
85	42	84	46	12	18	30	84	94	30	36	39	6	48	76	69	61	38	35	62
15	4	91	83	6	100	43	64	51	21	93	98	9	58	53	99	48	35	19	58
69	61	52	5	14	21	89	43	39	9	93	25	23	40	41	82	52	1	41	13
76	67	34	73	37	38	30	49	96	78	22	26	19	78	94	55	53	86	70	85
12	1	26	42	29	68	75	70	18	72	48	47	95	7	83	3	28	79	69	76
91	40	48	61	88	68	6	46	46	86	29	66	32	56	1	76	42	92	45	70
64	61	31	24	31	75	31	13	95	92	28	74	18	94	94	72	53	65	55	61
62	30	24	32	43	82	15	39	6	8	61	36	35	99	13	30	10	25	30	13
37	94	51	55	59	56	48	38	63	30	23	77	37	84	8	34	38	100	81	49
60	93	7	88	31	92	39	19	82	64	63	29	35	42	25	69	79	69	73	88
34	77	77	77	85	85	100	51	92	79	93	10	44	81	53	45	87	64	24	67
17	30	57	99	67	95	42	95	59	40	56	69	27	94	16	83	16	31	3	47
93	88	28	3	72	53	85	54	90	81	82	15	46	7	71	5	21	79	10	91
43	5	92	52	23	24	84	51	66	71	29	56	62	78	75	30	3	54	27	15
10	88	6	79	58	41	24	21	24	11	63	38	22	13	4	88	96	76	81	49
70	35	89	19	53	27	54	69	32	41	3	67	52	96	81	55	100	14	95	83
1	63	27	55	8	91	35	49	74	88	34	27	74	79	45	76	100	87	27	32
87	55	90	83	9	97	86	26	32	49	88	83	81	98	48	8	8	34	12	62
92	6	95	44	8	76	93	74	51	5	56	14	88	64	96	46	74	45	47	12
5	9	18	25	100	51	47	76	31	38	69	67	75	65	41	82	61	46	75	33
4	13	76	28	94	75	96	18	3	3	34	63	87	1	57	83	88	71	45	57
30	17	44	14	37	89	39	23	24	15	86	29	70	14	9	93	34	91	31	26
56	29	74	28	4	6	81	75	9	58	94	90	2	18	4	87	69	63	92	6
37	74	95	89	18	6	94	73	92	64	49	98	40	19	2	1	44	16	10	31
9	64	14	66	21	96	27	52	11	22	25	72	100	26	89	83	35	86	11	99
13	8	83	45	9	96	51	83	17	3	44	53	54	61	98	73	60	30	68	23
79	42	63	70	40	78	99	14	30	20	67	58	6	11	19	1	81	70	57	25
45	45	36	8	79	72	18	39	29	17	23	6	18	89	20	71	45	14	5	31
98	38	53	98	37	86	47	43	43	97	93	90	73	44	78	35	7	56	92	68
61	61	86	14	97	62	40	18	91	48	57	68	65	26	28	8	92	39	71	94
25	76	97	33	24	33	33	75	11	86	65	90	23	37	71	37	52	40	1	75
47	30	52	95	40	26	26	47	17	70	43	69	85	98	44	85	64	53	91	64
29	66	7	6	84	67	46	28	55	91	56	53	38	96	47	96	24	2	93	99
8	86	58	41	43	96	5	25	94	86	74	100	49	37	46	81	23	47	12	73
81	98	92	27	15	91	31	89	51	48	62	62	61	92	57	44	8	66	63	88
63	22	34	70	17	57	4	1	51	67	74	77	91	20	19	10	95	32	27	53
65	17	74	46	25	12	39	57	81	3	74	57	85	24	11	59	64	23	10	58
87	31	39	85	75	86	71	41	74	47	50	77	39	10	23	46	48	89	46	6
18	47	20	48	93	17	92	68	9	60	47	72	22	70	66	35	78	89	72	39
41	99	84	35	54	98	18	75	2	65	11	76	78	5	40	40	11	92	92	58
