20	100
82	43	20	22	55	39	44	85	26	13	62	96	79	34	67	94	27	57	60	91
96	61	19	32	23	49	8	95	6	15	59	48	93	90	70	75	93	91	42	18
95	5	36	64	16	5	19	48	75	38	40	95	80	65	60	22	24	89	100	6
32	50	80	11	55	15	4	89	65	93	2	36	15	42	97	91	26	56	17	18
31	60	21	68	75	64	69	29	30	49	51	5	92	37	87	46	25	25	9	1
2	30	84	83	37	5	81	39	68	70	97	69	73	82	76	72	30	13	37	92
47	75	60	16	42	97	45	79	56	52	66	1	47	16	17	1	77	38	32	71
83	30	61	61	53	82	33	10	61	15	16	13	89	18	55	28	70	68	41	40
60	3	83	17	4	96	23	57	65	75	96	92	82	66	9	17	14	100	64	60
65	35	18	41	36	53	12	29	61	90	31	9	98	92	11	81	48	44	57	57
60	76	45	86	20	25	32	23	9	39	14	71	5	82	75	26	85	43	82	51
84	95	97	76	44	88	95	90	55	29	70	70	43	7	1	90	90	33	21	11
22	90	20	22	77	61	4	17	17	86	97	5	63	7	73	65	79	70	42	32
30	42	69	81	70	44	29	99	81	86	36	52	22	71	30	95	75	76	100	84
85	79	73	69	33	65	8	37	34	36	11	21	91	90	81	80	21	40	52	33
32	6	36	32	51	45	83	92	77	79	91	4	70	58	48	52	70	100	49	5
36	92	65	45	75	15	62	33	91	50	75	36	24	67	52	79	43	42	18	88
83	17	60	56	46	7	51	33	42	30	11	22	92	47	97	40	42	91	57	37
83	50	2	28	5	55	81	3	6	69	9	29	82	61	23	20	33	9	100	69
64	29	91	61	39	53	45	77	71	13	38	53	85	82	6	33	15	32	52	91
27	48	27	74	21	83	40	31	25	78	8	33	92	89	73	55	60	41	89	52
11	4	33	94	31	57	44	1	56	91	5	1	58	10	42	16	2	18	41	57
14	14	53	93	5	6	62	97	9	51	74	75	43	1	80	23	16	33	43	64
39	40	76	35	73	7	76	82	47	58	53	42	1	33	38	97	52	40	90	26
96	47	92	5	17	31	59	57	30	19	1	70	76	77	18	75	38	18	21	99
31	80	50	52	99	32	75	11	63	84	71	76	44	18	68	92	49	72	18	42
49	19	53	29	57	84	67	24	15	64	59	34	20	91	95	17	98	40	6	86
57	48	94	47	48	26	26	58	10	26	27	67	1	79	51	12	27	22	95	16
66	52	96	100	25	37	56	54	23	52	95	9	66	33	86	1	25	7	81	32
58	9	15	90	38	93	34	41	41	84	91	77	46	91	20	6	52	95	22	11
70	73	35	58	32	19	1	69	93	50	88	20	41	63	58	57	37	7	63	32
4	16	13	40	61	18	63	76	13	81	50	30	85	71	63	86	74	57	58	20
92	65	48	92	97	71	37	83	33	63	69	45	33	91	8	55	60	96	97	14
56	25	56	13	100	58	35	71	1	73	84	81	49	44	40	39	68	21	44	91
82	81	44	51	13	5	98	95	63	8	26	79	60	45	65	68	10	36	92	40
36	66	82	61	80	88	97	90	51	69	88	40	52	7	32	75	82	6	1	96
60	41	8	93	47	5	22	5	80	73	30	32	30	5	55	16	100	84	71	25
9	9	44	95	21	87	28	53	13	90	87	4	36	97	80	96	59	89	14	76
67	92	10	79	39	56	10	48	53	16	76	98	35	76	87	51	97	13	73	61
78	69	92	90	86	27	97	34	25	60	58	11	70	96	59	17	99	66	57	66
77	80	1	98	15	89	70	61	10	29	99	46	17	54	98	98	1	21	93	13
60	77	23	93	59	65	28	39	17	71	53	32	57	7	84	98	69	95	76	98
57	37	24	96	61	12	94	17	99	62	17	79	74	44	7	1	57	8	39	50
61	31	44	40	77	68	90	10	70	1	29	7	46	96	56	23	53	28	33	47
72	12	41	56	54	74	58	13	1	84	41	61	56	26	37	27	93	85	19	93
23	84	48	99	33	10	33	78	89	84	48	30	76	93	79	50	90	88	86	3
10	77	10	86	60	69	52	20	60	30	30	69	9	40	24	88	64	43	23	45
41	81	25	18	37	12	85	63	48	87	37	6	100	16	84	47	75	62	39	64
59	14	19	59	54	80	21	37	69	91	87	48	66	41	63	30	52	92	50	48
84	89	73	73	93	25	69	93	57	78	14	3	4	59	86	28	62	66	65	58
91	49	95	58	100	90	40	59	54	54	95	84	12	92	81	70	42	46	67	29
12	28	81	91	78	84	44	7	56	35	69	86	27	93	58	36	95	15	74	4
85	10	40	3	83	30	91	13	79	16	87	16	100	37	47	63	69	4	81	17
46	34	4	20	86	10	57	20	35	46	76	27	73	63	44	2	89	78	9	48
94	32	28	40	49	53	86	91	47	95	67	92	35	57	59	52	7	20	18	74
74	72	79	34	41	60	44	38	93	45	74	92	96	33	23	15	7	64	72	34
24	66	73	40	79	84	92	16	5	93	96	70	60	35	75	22	53	94	100	89
9	49	98	3	21	76	97	3	34	45	46	43	49	85	51	8	99	39	56	57
69	28	34	1	49	5	32	61	59	2	62	13	64	83	25	75	69	71	20	3
88	90	82	60	48	54	21	76	85	68	24	14	39	44	21	82	16	98	54	16
45	36	45	33	83	33	79	66	60	76	40	29	20	53	69	79	46	74	54	96
85	56	77	92	79	48	75	21	63	44	60	71	18	4	59	53	46	49	77	15
75	55	16	10	28	96	94	86	75	42	36	42	44	58	32	89	60	54	55	36
59	58	4	17	16	69	11	17	95	17	34	97	97	40	22	30	41	68	64	84
54	89	47	21	9	18	28	60	72	70	94	93	95	42	56	17	51	100	94	60
85	78	92	59	9	39	46	5	37	2	49	92	91	72	82	71	12	83	9	99
41	51	46	25	24	41	3	55	84	5	79	42	74	4	99	77	98	89	13	70
72	24	24	70	22	2	3	23	61	86	6	69	91	95	19	34	32	67	36	68
36	91	21	32	23	8	19	87	74	5	73	23	70	39	27	18	28	76	4	22
39	81	94	98	100	11	51	80	85	66	45	32	54	46	35	82	3	93	47	15
84	16	50	56	14	83	99	52	69	2	7	57	64	14	29	56	98	24	32	13
57	39	3	8	61	42	70	25	5	46	16	35	29	90	39	24	32	39	85	18
13	100	11	83	60	89	68	41	17	79	85	80	61	35	58	45	13	42	96	72
14	74	47	23	87	72	28	75	75	6	25	59	39	15	1	58	28	20	48	73
74	30	9	27	62	37	74	95	32	95	11	90	43	14	4	39	53	88	97	89
61	94	66	12	55	26	41	47	35	100	17	94	94	24	98	85	66	21	62	51
98	34	43	81	95	36	17	26	11	62	6	40	23	60	12	81	64	97	72	37
96	28	61	33	78	18	96	20	16	20	73	32	27	47	91	28	52	86	17	20
9	16	36	73	95	77	71	35	12	18	21	69	49	26	55	70	73	11	3	78
40	98	10	91	89	74	14	76	70	85	29	79	81	53	28	80	92	88	39	2
47	62	8	99	100	5	84	2	92	21	55	42	83	40	80	12	6	45	84	21
63	95	66	28	89	43	89	97	98	75	79	86	72	2	32	79	90	12	92	85
91	13	84	49	30	88	96	42	73	17	75	48	5	18	39	52	97	80	10	58
16	87	4	18	43	70	70	82	8	2	22	94	54	99	31	51	11	17	99	2
47	48	25	82	1	31	81	55	63	80	83	11	3	35	70	5	9	67	6	60
19	14	34	72	95	81	94	7	88	88	42	80	82	9	11	69	63	23	17	12
90	16	20	29	19	12	92	19	30	27	43	44	12	39	84	33	15	53	87	21
37	75	67	75	38	3	29	95	25	2	43	86	51	94	71	3	95	5	53	84
89	76	77	62	46	98	69	44	26	78	54	10	37	97	76	15	49	45	91	17
83	98	95	29	85	57	94	18	68	81	38	10	1	4	32	62	98	6	30	41
35	86	70	47	48	33	50	55	19	57	55	51	14	37	1	92	81	49	78	89
5	51	76	45	40	44	9	34	65	14	18	43	16	51	82	97	28	49	81	52
8	39	100	12	26	88	97	65	3	40	82	49	29	41	37	84	10	25	7	4
25	16	90	6	39	13	35	63	55	4	64	33	69	27	81	66	52	65	20	52
48	45	31	25	32	69	15	75	15	98	87	4	42	78	27	93	50	94	73	14
53	34	10	99	77	50	81	3	60	72	33	46	6	56	57	80	86	65	74	70
98	61	49	58	17	61	91	91	100	89	16	58	92	6	100	14	36	32	49	83
89	13	15	44	66	42	99	87	21	48	7	85	21	3	16	93	85	53	83	17
59	90	3	72	56	75	54	100	57	43	45	54	17	91	82	86	46	6	92	76
62	5	70	53	82	32	38	89	90	7	29	84	50	33	25	99	10	44	88	92
