10	100
10	53	22	47	98	90	34	35	37	11
21	35	67	45	58	53	26	4	10	86
6	56	97	37	67	26	89	63	20	87
49	47	17	50	92	40	99	53	14	68
23	42	84	15	68	84	41	45	61	55
91	65	92	86	79	55	57	85	81	72
2	71	15	51	62	75	18	18	54	18
55	73	90	43	64	64	72	82	69	83
86	44	3	65	97	85	56	32	71	38
84	15	73	43	66	52	27	34	53	94
67	23	92	43	1	18	76	49	23	15
83	75	16	98	86	58	69	51	54	78
19	87	47	16	35	40	1	47	77	12
38	39	29	76	16	63	53	61	64	79
10	7	9	57	55	9	99	76	57	9
83	77	80	76	75	81	77	76	8	62
18	29	73	12	78	45	47	41	82	24
6	9	87	76	69	13	78	91	61	27
41	26	91	69	30	61	59	54	1	36
87	77	53	3	62	81	35	98	79	11
63	59	94	34	4	75	91	5	8	63
3	87	16	82	21	92	39	4	83	17
86	93	41	47	37	29	57	84	14	88
79	81	12	50	65	83	32	57	66	55
71	55	46	38	33	1	62	72	83	70
43	31	16	62	26	70	18	48	97	75
18	7	91	21	84	22	75	66	17	38
61	82	39	28	47	32	48	3	14	37
67	85	2	45	46	49	66	50	25	96
65	85	60	91	38	65	64	26	55	11
26	97	55	45	10	61	92	88	16	94
22	16	35	61	8	34	6	47	75	36
57	25	41	22	74	76	23	48	91	82
68	22	49	3	12	71	31	57	36	85
57	78	35	31	74	49	51	100	83	4
60	18	51	20	55	1	57	33	72	34
39	44	98	34	27	100	68	32	50	38
4	49	12	91	79	79	91	10	49	25
26	23	66	87	23	51	72	30	48	11
15	98	85	2	47	14	80	1	5	74
82	19	51	45	1	11	6	61	41	76
10	47	85	48	8	16	79	12	11	76
29	39	85	39	24	6	64	10	44	66
100	91	5	76	43	8	73	21	86	13
45	12	89	72	1	68	13	38	94	32
35	68	90	30	45	44	35	12	22	96
47	97	17	76	77	20	42	10	5	1
43	59	27	99	31	18	51	13	38	56
94	27	17	13	31	32	2	76	31	100
74	61	99	91	67	49	95	13	96	82
27	4	33	93	89	76	42	91	99	28
93	22	75	66	3	20	80	5	45	46
19	66	80	6	28	83	60	37	33	83
24	38	18	56	30	90	94	24	25	56
90	11	78	3	7	52	87	34	89	47
69	91	68	50	64	61	25	28	66	6
16	6	59	17	5	56	5	19	36	13
27	57	80	90	56	8	89	77	99	77
97	27	49	87	14	33	71	68	93	70
66	66	59	19	40	85	52	62	99	52
47	68	98	76	20	13	11	78	95	56
73	48	30	89	10	90	57	73	3	72
85	37	27	67	47	61	99	61	51	71
57	28	79	47	30	29	29	73	67	2
22	93	74	37	97	19	37	70	10	50
28	80	59	27	67	10	41	32	29	60
15	51	28	24	100	45	70	84	60	81
62	85	6	2	50	93	64	91	70	29
24	29	52	1	44	78	70	52	80	20
89	98	44	8	88	72	66	51	38	53
49	54	11	29	89	44	74	58	77	75
47	51	62	1	36	86	99	27	80	22
76	18	4	40	93	64	41	99	15	79
27	14	53	18	80	71	19	24	13	100
4	13	76	6	74	38	36	44	72	2
74	40	71	16	77	32	50	71	36	25
3	75	43	99	48	34	99	45	21	65
68	76	15	81	18	64	42	99	67	55
29	98	28	13	5	88	43	37	42	48
21	48	88	88	98	30	70	77	58	40
40	92	24	7	35	99	26	91	98	13
91	52	4	81	97	5	48	31	94	60
91	62	4	73	45	20	88	27	83	89
95	66	41	28	16	38	75	21	79	7
63	53	40	29	58	69	45	8	92	93
83	39	83	98	49	79	88	51	63	15
11	99	8	10	19	26	12	77	66	59
31	27	52	87	98	39	22	75	15	76
76	81	36	91	7	56	83	43	79	37
50	24	58	65	97	64	45	31	10	33
58	69	42	33	63	56	88	96	1	10
57	13	36	88	40	31	63	18	3	63
43	70	98	29	9	7	69	88	91	34
94	92	66	83	19	7	39	3	29	51
69	87	42	69	81	37	89	71	25	66
2	28	28	48	90	88	72	14	24	56
87	100	6	67	17	66	48	54	69	33
93	60	89	53	95	57	28	29	49	72
19	98	63	26	33	66	65	18	93	31
36	25	80	73	65	69	82	75	53	15
