2	100
1	14
19	10
13	14
10	10
10	16
20	18
10	15
11	4
15	9
3	17
18	4
19	2
10	20
17	11
18	6
8	18
4	15
4	12
11	20
5	17
4	12
13	5
11	9
14	2
4	5
18	7
9	17
1	17
15	17
1	14
18	20
12	4
8	2
15	16
11	20
14	15
5	6
13	6
12	14
12	1
7	15
7	14
9	1
10	7
15	8
17	14
20	12
20	5
20	9
18	10
15	19
11	4
12	3
3	4
4	16
6	2
6	20
7	3
13	19
16	8
13	9
1	4
4	20
16	13
7	9
6	3
17	3
6	8
4	3
3	6
18	6
3	19
3	15
8	20
5	17
12	2
14	11
17	6
18	8
1	12
8	11
17	15
10	3
5	4
14	20
20	10
17	10
10	7
6	3
2	9
12	16
8	10
18	5
10	7
6	1
10	17
3	11
19	8
10	8
10	20
