10	100
80	65	1	34	63	20	100	42	63	2
16	62	9	33	74	12	48	77	40	24
14	51	27	47	57	28	95	18	78	82
19	38	32	19	92	51	8	66	87	59
79	96	53	76	95	76	33	62	83	38
41	35	31	74	57	29	39	55	78	35
26	83	64	82	84	78	30	91	42	23
5	82	91	81	46	19	99	52	52	81
96	34	35	41	41	85	8	58	62	63
13	54	89	52	34	97	32	71	92	18
46	42	21	61	33	59	44	51	29	39
31	87	3	97	40	93	48	24	41	99
71	72	29	79	10	52	93	39	48	49
87	28	60	35	35	54	14	75	9	83
41	57	30	23	33	26	51	93	13	41
49	9	30	94	47	75	14	42	51	81
66	6	3	80	52	3	28	69	62	86
80	74	15	59	59	14	43	6	47	84
2	1	26	7	100	79	98	66	88	61
41	72	24	28	17	35	55	50	71	30
98	83	31	28	61	76	94	72	36	34
32	8	96	67	80	66	81	97	80	74
6	62	81	2	45	9	50	88	42	24
60	93	36	17	86	19	70	99	46	25
85	27	31	55	29	34	77	57	48	52
55	59	70	98	25	37	2	30	83	53
27	6	30	13	74	39	72	79	82	61
96	82	51	56	89	79	32	26	73	12
33	93	40	91	69	2	24	38	93	50
17	41	17	94	99	79	97	19	82	90
62	98	76	87	57	74	9	14	9	46
6	77	57	72	21	34	67	40	44	73
16	35	87	32	45	55	66	57	58	11
82	13	45	84	50	35	18	54	35	96
94	10	30	47	45	41	85	46	73	65
13	58	76	9	74	28	11	44	43	2
8	52	57	98	65	93	32	73	22	86
16	13	5	48	80	7	5	41	88	4
70	21	85	93	98	24	38	36	10	22
24	74	11	33	88	43	53	32	82	52
9	12	24	87	49	100	54	28	30	68
23	71	57	39	32	88	67	64	1	41
56	97	64	100	62	43	3	72	60	37
54	74	59	36	96	58	98	98	44	98
71	10	6	42	99	54	17	72	2	1
76	90	32	42	96	13	49	24	25	7
98	82	68	93	15	50	13	22	44	74
91	69	21	3	71	47	91	22	2	9
26	31	71	60	62	65	43	18	40	83
10	74	73	38	1	89	43	14	28	50
41	96	28	28	11	7	70	29	71	50
22	28	23	17	81	67	11	9	32	51
8	96	82	62	65	17	97	83	3	82
5	78	94	52	69	31	3	44	49	55
95	14	47	91	61	82	52	57	58	34
79	35	82	78	42	46	14	67	63	95
11	87	27	90	46	45	35	71	48	50
65	68	60	77	56	95	49	91	1	84
65	40	26	70	4	71	96	17	11	24
17	36	81	55	44	9	88	58	46	17
48	82	9	8	70	11	75	5	22	48
97	23	67	80	30	72	61	57	86	76
49	18	61	25	33	29	88	6	33	47
7	92	46	85	37	84	31	19	100	93
96	91	95	63	28	94	70	2	25	73
48	31	72	70	68	30	22	84	75	41
24	70	73	75	41	5	78	83	44	47
41	43	58	94	80	58	23	98	98	39
60	87	81	61	100	77	21	76	17	7
63	47	44	60	70	26	19	20	23	23
17	87	58	78	33	6	74	79	91	10
7	24	87	36	82	38	90	12	76	65
85	2	66	38	85	94	99	98	25	55
40	4	76	76	23	73	29	3	29	95
3	43	86	8	100	39	61	8	78	32
37	8	44	58	39	16	21	21	94	39
7	76	55	37	71	4	49	11	14	10
10	87	84	82	63	43	16	59	38	47
33	91	21	93	18	33	60	18	38	7
52	8	10	90	88	27	89	50	38	97
90	51	95	69	23	51	24	63	96	96
1	63	83	47	6	16	56	62	19	39
45	31	74	8	58	2	77	95	94	36
55	66	22	42	57	83	97	52	70	68
9	98	23	42	7	90	25	63	85	73
72	27	32	99	52	59	77	87	11	22
74	30	69	61	42	35	41	42	91	23
19	4	92	52	30	48	9	33	2	69
77	14	10	22	64	28	35	23	90	98
7	10	42	49	94	80	29	63	100	72
49	84	73	62	55	68	35	80	70	5
51	44	86	42	46	60	20	48	97	14
1	19	52	93	17	9	63	44	58	50
19	46	34	30	21	93	42	49	67	97
94	55	54	86	48	63	25	100	3	34
61	82	67	86	72	30	32	81	45	46
5	91	22	20	87	5	11	57	21	53
19	71	81	100	21	46	65	67	45	55
85	64	41	24	90	38	80	48	59	91
62	61	5	22	92	3	33	34	99	43
