5	200
19	18	16	18	6
18	2	5	2	11
14	1	6	10	9
1	14	13	4	17
10	8	6	8	10
16	14	20	8	1
20	11	20	3	18
10	14	20	8	9
2	11	10	13	14
13	13	14	11	15
1	1	18	13	19
11	13	8	9	11
4	2	18	1	12
3	1	3	12	19
8	15	6	15	16
19	19	13	14	17
3	1	9	13	1
20	13	8	4	7
17	6	11	17	6
20	14	9	2	12
13	11	2	13	8
6	15	4	18	1
13	1	15	12	9
4	14	6	1	13
10	14	19	5	2
3	4	9	9	16
6	10	12	3	5
12	19	17	6	16
5	10	10	4	15
17	12	20	9	3
7	9	9	10	2
19	12	17	11	5
2	6	15	2	15
4	9	13	7	17
5	17	20	5	8
20	4	16	11	6
12	5	1	7	10
17	1	3	1	6
1	3	7	1	14
19	15	9	10	12
9	20	13	12	18
10	9	4	2	3
16	17	6	5	14
18	6	8	12	18
4	7	12	1	16
3	11	20	12	9
6	15	6	20	17
12	12	9	10	20
9	17	1	19	11
5	17	2	7	17
14	8	17	12	8
3	8	13	17	16
20	9	13	14	17
1	11	7	9	2
6	17	19	13	10
7	6	14	11	12
7	9	14	16	15
18	19	15	12	15
5	20	13	15	20
20	4	8	2	10
15	10	14	5	11
18	10	5	2	1
17	14	2	5	10
12	16	18	19	20
3	16	15	14	18
7	4	4	13	10
3	18	13	2	18
17	16	10	6	18
9	14	13	11	18
12	19	8	6	9
5	7	10	3	8
19	16	20	8	4
14	6	13	13	19
20	1	1	8	13
16	7	13	2	11
9	4	4	16	6
9	16	19	4	6
17	9	11	14	19
1	16	3	2	4
4	2	1	13	19
11	18	1	13	13
18	15	8	12	19
16	12	5	2	16
18	8	9	7	2
12	11	7	10	12
1	5	11	18	8
8	3	12	18	16
11	16	6	12	8
2	1	20	16	3
10	12	1	6	6
16	13	15	11	8
1	12	11	1	12
14	4	11	5	11
14	1	7	6	5
3	2	18	19	1
11	12	11	7	3
10	4	5	13	12
16	9	1	11	16
20	5	6	20	15
18	11	15	6	10
10	5	16	2	4
15	15	16	11	17
9	1	5	19	3
11	20	19	13	16
5	20	17	11	6
18	17	19	5	3
1	17	6	17	14
6	9	4	9	18
2	13	10	14	7
19	1	7	17	4
19	12	3	11	5
10	8	5	17	6
18	16	12	8	16
13	16	8	6	18
3	16	10	16	14
13	11	4	4	7
17	10	3	1	5
9	15	16	13	4
19	4	8	3	20
6	1	3	19	15
4	14	2	20	2
3	3	7	17	13
20	5	1	10	10
9	14	12	4	7
19	1	15	2	19
19	9	7	17	9
12	9	5	10	3
4	8	3	19	2
7	8	20	1	5
14	4	18	14	11
13	9	19	12	17
4	19	1	1	4
15	16	11	8	1
12	20	11	7	7
1	11	14	2	20
11	2	15	18	6
16	11	14	6	17
3	10	14	14	20
5	7	3	15	7
12	17	12	20	14
15	13	11	8	11
2	16	18	12	6
3	4	4	16	9
5	3	6	12	18
3	7	18	8	3
14	9	20	16	9
15	10	16	5	11
3	1	7	16	16
8	13	2	9	18
1	4	7	6	3
9	11	1	3	11
9	15	4	6	17
13	17	2	4	11
13	9	20	5	7
5	17	11	16	10
11	5	10	10	2
11	2	14	13	20
4	10	13	14	3
8	17	2	19	3
12	11	19	18	5
12	5	3	20	19
13	20	5	13	1
4	6	14	4	6
12	3	10	4	7
4	17	7	3	19
8	16	12	14	19
20	7	12	6	11
7	20	14	14	8
4	6	1	13	19
2	4	18	13	11
9	1	16	11	2
16	18	1	2	12
18	9	11	15	2
18	15	8	13	20
13	10	16	17	3
19	17	15	4	17
5	18	19	4	10
19	11	1	5	16
9	19	13	3	10
16	15	6	11	2
8	16	5	14	19
20	6	20	8	3
19	4	18	5	7
1	10	8	5	3
7	14	4	18	12
14	17	13	7	8
4	11	4	2	9
10	13	6	5	11
14	12	13	2	17
6	2	8	17	9
7	8	2	9	16
14	12	8	3	6
3	13	13	1	20
9	1	16	17	18
8	5	3	15	9
15	1	2	2	6
12	10	17	18	1
17	10	15	6	15
18	6	4	20	8
1	20	12	3	8
