20	50
97	84	7	60	100	5	28	91	44	84	100	54	41	44	31	75	26	39	95	93
70	8	2	28	4	86	28	50	2	38	9	74	54	100	42	39	19	54	21	55
71	61	79	15	77	71	51	95	2	39	8	81	35	88	55	89	82	79	56	15
77	78	89	6	76	27	1	41	2	93	56	72	19	40	23	10	30	87	52	33
35	33	49	63	31	29	40	66	45	54	57	41	98	6	78	93	72	73	39	51
71	10	94	9	84	36	62	95	66	46	60	96	27	24	81	45	29	27	76	48
87	36	97	49	37	16	75	13	63	31	38	57	48	2	63	25	40	41	80	95
67	45	100	100	95	62	14	74	26	34	64	46	98	92	64	35	14	45	73	68
61	49	32	36	8	3	48	26	62	57	5	89	47	81	81	43	37	98	54	75
3	1	88	30	67	93	59	57	38	28	11	95	68	12	34	18	14	65	92	92
15	88	13	70	29	75	99	17	12	22	99	17	92	98	66	61	62	3	69	15
45	91	88	34	46	10	22	36	47	63	30	72	6	63	61	15	89	18	2	92
95	43	45	17	30	95	4	70	47	74	57	11	96	77	48	24	100	80	24	19
54	63	71	49	93	27	11	29	38	51	72	44	2	78	21	3	47	72	4	52
7	52	90	73	7	19	77	30	15	38	16	10	95	83	39	32	72	97	25	4
84	75	33	96	3	13	10	19	56	46	78	29	76	73	13	2	74	98	42	75
50	82	14	100	36	63	50	19	39	90	31	50	47	1	68	32	20	95	71	94
9	59	74	70	61	87	34	22	70	38	59	75	55	51	54	3	61	33	60	40
63	91	80	67	16	28	82	76	6	82	82	80	27	49	66	92	9	45	40	50
29	29	50	2	31	56	96	97	47	65	71	88	35	31	31	18	80	7	55	33
5	59	16	89	56	79	48	7	85	63	95	17	93	11	12	35	42	79	36	60
33	85	30	41	11	95	45	96	18	48	13	2	90	8	45	71	13	62	46	53
9	89	13	84	71	54	96	25	20	97	77	1	71	96	1	20	30	76	78	62
34	53	90	37	51	93	27	85	66	42	23	81	33	84	52	44	73	46	71	57
99	21	77	21	72	12	31	95	8	25	41	38	84	85	19	56	100	76	33	78
28	11	59	79	74	97	69	88	45	57	47	84	6	21	63	14	76	69	66	40
63	33	78	42	1	86	97	49	66	96	44	98	13	93	30	89	63	99	48	76
43	44	51	51	78	58	32	63	22	5	81	32	11	94	16	95	33	17	78	89
100	21	22	49	14	50	71	13	92	75	51	78	22	90	98	19	82	28	64	44
54	34	27	61	16	13	88	20	78	35	57	46	21	59	76	22	22	2	38	29
87	20	72	48	55	3	11	21	97	97	13	6	54	35	35	66	94	62	34	1
62	52	36	57	18	5	58	63	15	76	97	81	90	36	57	35	63	80	7	13
3	68	24	81	22	51	93	86	24	10	28	61	68	37	67	35	85	15	30	50
45	48	7	21	100	33	16	19	78	1	4	15	56	21	99	95	29	55	35	68
13	72	40	5	48	37	13	53	69	23	50	48	50	57	68	55	61	3	82	90
35	75	9	23	6	14	6	48	38	73	7	31	81	63	37	74	9	2	74	64
21	63	51	56	52	57	65	99	54	45	34	27	73	46	33	39	64	17	99	35
32	66	16	96	16	20	68	88	20	95	47	59	29	19	70	72	25	53	72	50
49	7	94	94	39	81	58	36	30	99	11	92	4	39	32	55	48	55	40	32
90	77	79	59	98	75	98	55	76	62	14	11	46	49	86	25	72	22	58	36
63	32	59	22	85	55	56	91	87	15	24	70	13	40	61	72	29	36	96	64
83	3	60	69	85	100	47	55	54	8	84	26	98	5	70	58	19	58	75	43
20	8	69	62	38	45	98	6	89	15	96	37	27	94	53	60	73	90	37	85
9	2	38	80	32	99	73	9	71	4	54	72	61	53	45	76	34	99	32	41
2	42	67	39	12	47	100	4	52	10	85	29	21	90	35	18	71	90	31	40
72	90	36	85	62	25	76	74	49	78	26	74	59	96	83	67	36	99	68	85
99	69	57	61	19	25	51	71	19	28	6	45	69	93	69	13	6	82	78	87
71	27	56	75	84	12	71	26	7	68	83	73	22	46	42	4	33	75	67	37
75	6	55	22	73	82	6	67	27	71	62	54	21	82	14	72	14	83	77	8
54	26	65	51	45	34	24	23	52	66	81	32	16	41	13	66	72	34	2	3
