2	100
39	61
46	45
55	39
61	36
58	81
38	13
6	42
54	78
19	2
70	3
16	37
27	36
43	67
18	84
83	27
60	43
74	100
44	7
67	90
64	90
47	77
59	76
2	51
63	92
9	54
13	13
54	43
78	3
35	11
3	89
22	78
54	32
22	96
39	7
98	47
12	30
38	80
57	40
78	51
35	93
5	27
75	30
14	47
89	32
22	42
73	57
87	76
69	70
24	28
54	6
13	56
95	62
43	84
75	75
87	39
25	84
76	11
85	95
3	24
18	75
7	7
86	56
75	55
43	63
12	87
17	51
98	29
80	49
33	14
88	30
73	15
45	84
18	90
81	77
91	74
68	100
10	80
100	6
71	39
88	88
42	12
63	100
23	74
86	48
31	36
63	90
37	89
2	92
62	2
39	86
75	66
72	38
20	17
41	18
29	75
79	94
27	1
89	61
52	46
61	44
