10	100
52	68	79	51	16	90	2	67	65	26
65	66	36	91	62	42	51	98	30	50
26	63	99	31	92	58	67	60	8	19
13	32	68	2	3	17	85	91	9	1
37	13	84	33	27	97	25	14	61	51
53	35	5	50	18	89	70	49	60	58
23	43	59	47	13	34	98	35	88	45
57	60	90	29	14	13	80	67	5	96
33	53	99	58	66	78	27	19	84	14
48	37	32	51	79	94	55	37	20	93
100	91	27	17	94	93	46	76	37	6
10	4	45	64	26	70	44	1	81	36
8	79	51	74	97	21	29	40	51	20
58	44	47	12	97	43	27	83	65	74
33	52	82	79	5	45	92	68	26	9
51	54	57	85	85	21	41	53	20	73
65	7	25	18	48	67	57	33	68	83
44	61	37	8	3	57	98	72	70	52
29	61	14	43	69	5	87	63	27	77
2	74	64	92	9	27	27	65	31	39
89	60	1	43	65	91	17	49	82	29
23	69	84	69	44	5	93	83	50	44
80	94	6	92	82	71	98	45	99	77
30	34	42	31	64	70	61	72	79	79
88	39	81	99	54	33	90	95	48	5
34	45	16	88	60	95	54	9	61	94
93	73	50	6	100	90	28	53	5	75
44	22	4	71	56	42	14	8	39	49
81	3	98	95	43	86	18	55	72	69
16	52	11	85	86	16	89	75	100	64
6	37	91	74	61	13	41	45	32	18
82	46	71	13	14	91	75	56	63	14
72	73	82	36	59	92	11	20	86	40
53	39	9	75	44	44	13	24	34	31
46	74	23	54	88	70	82	99	72	95
41	34	12	86	92	33	56	55	15	70
2	21	59	92	66	43	38	96	69	70
79	51	22	33	69	99	51	28	48	89
11	13	49	91	99	20	27	23	84	11
88	58	10	65	29	25	16	31	89	46
33	86	30	2	17	90	12	80	18	94
83	29	7	26	60	90	73	68	93	46
17	15	13	59	82	21	42	58	4	45
83	20	39	3	57	25	84	47	75	9
8	48	6	90	28	60	52	84	6	40
52	48	38	44	30	18	74	71	20	97
49	55	76	74	11	64	90	4	70	35
6	26	94	84	38	69	9	23	31	23
69	59	53	65	93	36	82	96	74	39
52	13	27	78	61	54	72	33	80	65
70	48	14	71	34	26	55	54	6	61
10	51	41	98	28	91	3	11	81	76
82	95	31	32	84	94	100	16	24	85
97	77	44	66	54	21	45	82	31	67
81	28	90	14	30	1	72	30	50	71
52	62	52	5	83	75	18	83	87	41
27	40	31	22	64	33	8	75	45	8
47	21	81	14	96	55	5	17	3	83
22	70	66	53	33	36	26	39	84	79
4	62	96	91	41	42	97	69	51	97
94	98	85	43	25	31	81	38	10	29
71	2	81	5	19	57	74	78	89	28
8	69	92	67	4	85	26	91	74	54
58	37	67	6	89	25	86	24	29	3
56	88	30	56	9	3	81	92	72	84
69	19	80	23	90	26	6	19	39	40
6	91	65	56	71	34	35	76	16	95
72	50	50	87	73	20	39	37	58	2
4	34	19	90	86	40	57	44	16	64
19	67	85	89	97	65	24	75	85	75
68	6	77	78	13	19	70	94	51	71
88	70	61	37	37	72	73	75	70	32
78	92	61	53	76	5	66	62	90	8
97	65	52	84	35	99	58	41	78	68
71	64	94	46	77	49	6	48	52	26
93	49	5	54	98	77	45	25	2	8
54	8	4	43	74	24	19	78	3	38
14	32	97	3	61	15	98	16	77	28
100	18	10	65	16	48	60	98	87	59
54	34	39	71	14	63	60	51	72	53
31	29	46	15	12	61	53	3	93	84
79	30	48	75	8	37	98	40	27	27
64	21	92	45	85	80	93	27	89	99
55	47	44	24	97	71	72	96	54	56
96	58	5	3	80	24	86	65	63	78
65	21	25	46	90	10	38	2	30	32
68	26	14	95	29	32	86	25	78	38
65	3	87	72	31	7	17	89	65	61
94	29	64	11	34	35	23	99	34	87
34	71	66	22	89	70	44	11	75	48
38	62	87	26	14	63	34	53	15	83
94	49	37	70	38	39	62	3	61	94
9	88	91	91	4	95	37	65	83	61
63	7	15	17	23	33	42	39	98	72
1	70	85	52	94	86	34	97	84	50
9	42	50	81	39	51	71	96	22	20
26	69	71	54	21	88	34	20	47	5
97	23	5	90	94	39	4	40	98	18
61	41	81	33	53	22	57	35	78	72
63	47	17	79	47	33	100	31	31	6
