5	200
7	5	2	18	10
7	6	2	3	18
19	13	13	8	18
7	7	17	8	4
13	16	3	13	15
4	18	16	20	19
3	4	11	4	7
7	5	5	4	4
16	10	15	7	6
3	7	2	11	18
20	18	6	1	14
11	3	10	3	7
10	10	2	5	15
15	2	10	2	12
2	2	14	5	9
4	2	16	7	13
17	17	5	3	19
6	19	10	10	16
4	16	3	17	15
7	8	10	12	12
1	18	1	20	16
19	4	2	13	10
9	7	3	10	10
14	5	20	6	10
17	12	20	6	8
7	20	17	11	2
17	12	5	16	12
20	16	6	7	1
2	18	18	20	8
18	13	13	8	1
2	9	5	2	15
9	18	15	13	10
19	7	11	11	14
17	2	8	18	10
18	20	13	6	9
20	15	1	19	10
14	7	10	10	1
8	8	3	1	3
3	1	13	17	2
15	7	7	7	11
16	6	16	18	4
2	16	20	14	16
14	17	17	3	17
12	18	1	10	7
10	20	7	15	7
17	7	17	4	15
13	9	15	8	14
8	12	12	7	20
12	9	10	6	9
7	5	10	20	10
17	7	17	20	1
17	20	1	12	8
16	20	16	19	3
6	3	10	9	10
1	6	15	11	16
2	10	2	6	1
13	17	17	14	18
7	13	15	7	18
9	12	1	20	5
12	13	11	3	4
4	16	1	11	10
11	13	6	5	20
7	18	15	11	15
19	4	3	2	17
14	9	3	12	1
9	6	15	7	4
9	20	19	3	18
18	16	6	4	8
15	7	11	8	12
11	17	11	5	6
9	11	10	7	11
16	13	10	10	1
6	18	19	2	12
8	20	13	13	18
3	18	19	15	2
7	18	16	20	11
12	16	11	2	15
19	10	12	12	3
5	6	17	3	2
18	9	10	16	5
12	5	18	7	4
12	12	16	6	5
18	18	10	20	9
11	7	18	7	14
18	9	1	11	14
17	1	16	13	5
19	9	20	16	20
8	18	5	19	4
7	14	7	8	5
7	16	17	14	12
11	11	3	3	7
3	5	7	14	7
11	17	4	1	6
9	19	15	1	2
13	3	20	4	8
4	3	13	7	7
1	5	2	1	15
8	7	18	9	17
3	12	12	12	13
10	11	6	2	17
9	2	16	13	19
9	12	20	16	3
1	12	1	7	6
7	15	3	6	19
3	2	6	5	19
2	12	8	11	18
14	17	11	11	19
20	10	10	2	7
16	8	2	7	16
12	12	6	7	7
16	8	20	4	14
8	17	12	14	18
18	5	9	18	10
5	2	10	8	7
18	6	1	20	4
16	20	20	9	8
11	7	1	5	3
6	17	8	17	11
4	18	16	5	9
12	19	5	18	12
10	2	18	1	10
10	8	1	1	19
9	17	3	7	8
12	4	5	16	4
9	14	14	18	3
20	10	17	12	12
17	16	2	18	18
9	9	1	16	13
19	17	8	19	3
7	16	10	17	18
8	15	9	15	4
16	9	1	18	11
1	12	10	9	2
13	16	6	9	20
3	4	9	4	6
13	7	16	15	17
5	1	20	14	5
3	7	8	15	2
1	9	3	5	13
8	8	20	17	10
12	10	1	18	16
5	6	5	9	11
10	14	6	2	6
20	12	16	4	20
7	8	12	7	19
14	1	5	12	19
6	8	20	5	6
15	1	3	18	20
17	2	19	4	13
8	4	2	19	13
16	12	16	17	4
4	18	14	19	3
5	2	14	11	6
2	14	2	16	12
20	9	19	5	4
5	9	9	15	12
11	19	6	19	3
14	13	3	1	3
17	7	4	15	16
15	9	8	18	11
14	2	6	8	14
8	13	12	13	20
15	10	20	8	13
6	17	15	9	12
10	12	1	14	15
14	5	4	10	9
17	1	11	4	19
9	13	18	6	16
2	1	10	2	8
8	8	17	3	10
19	14	20	6	1
3	2	12	14	20
3	9	2	5	3
14	19	16	10	5
14	19	10	14	11
9	2	19	7	8
7	8	2	20	10
4	2	6	3	16
8	1	5	6	13
13	20	6	19	14
9	12	8	18	17
20	5	6	16	13
1	3	6	6	14
15	8	2	15	20
13	14	13	14	17
13	15	4	1	18
10	17	20	13	19
15	1	4	4	10
20	16	10	11	16
5	16	19	12	19
6	18	11	20	2
15	19	15	2	4
6	1	5	18	3
5	3	14	8	20
15	4	19	5	1
17	4	2	18	13
18	17	12	3	13
13	6	1	11	5
16	6	3	1	5
19	12	13	9	11
