2	200
80	33
60	31
52	45
65	13
78	39
67	86
18	46
51	2
10	45
74	1
12	15
27	69
38	13
8	35
14	49
46	24
99	15
58	43
85	39
97	35
43	30
11	1
60	30
77	70
73	37
80	87
73	75
20	65
7	91
94	39
38	31
100	30
93	44
87	4
88	8
18	72
49	39
59	83
5	27
10	8
37	39
62	78
69	60
51	25
95	93
37	94
46	58
98	13
31	82
8	16
44	73
82	66
19	9
38	35
16	38
61	81
82	86
2	99
70	22
61	34
94	62
9	95
72	24
27	91
41	47
52	24
20	94
64	64
57	97
59	60
22	16
10	58
33	57
13	60
57	99
43	9
21	74
23	83
65	88
94	95
83	47
94	70
86	38
62	89
23	38
43	73
63	2
13	78
53	52
63	16
12	67
35	42
4	44
3	46
72	82
100	70
3	64
77	75
22	40
72	95
95	25
38	19
56	71
46	20
61	45
30	14
25	79
84	16
13	52
67	43
35	16
17	41
39	74
71	100
25	39
57	14
80	69
21	88
30	16
86	34
98	84
86	28
53	87
45	25
81	61
63	70
74	30
60	80
8	97
81	83
100	47
96	23
88	17
34	57
58	96
87	97
66	34
45	52
30	90
89	53
30	47
19	64
77	87
40	51
9	41
81	33
36	4
34	52
89	64
40	36
53	89
67	85
75	67
4	40
85	9
51	18
9	29
54	54
28	32
47	2
77	83
48	18
16	54
61	63
100	94
64	67
51	53
100	41
81	35
89	11
83	1
66	1
91	64
24	8
51	80
24	57
18	38
59	71
42	49
70	21
6	42
41	92
46	85
67	56
30	13
74	94
43	37
19	77
18	48
28	53
31	54
12	21
71	7
49	14
94	30
100	32
65	69
5	42
60	75
56	6
