20	100
35	24	3	44	21	12	29	31	49	33	39	17	50	36	2	44	47	12	30	45
21	31	1	5	46	25	38	29	19	8	7	40	32	33	17	30	38	29	1	4
34	18	27	27	44	13	9	24	45	25	50	12	31	35	35	5	23	49	48	46
24	50	13	41	27	49	35	18	19	23	7	19	12	26	12	3	5	24	12	34
17	15	35	45	9	45	10	48	49	13	7	39	31	6	31	34	5	37	1	45
28	42	5	22	18	31	1	5	23	32	50	49	38	15	29	9	15	19	33	33
39	37	19	7	17	18	38	6	45	28	48	18	24	17	6	26	10	14	27	28
44	6	25	18	13	8	2	16	27	22	20	37	5	19	7	42	23	49	6	1
44	45	10	46	34	33	26	22	10	3	50	2	43	5	39	34	13	2	44	9
17	23	30	24	9	12	14	5	10	14	3	11	8	26	35	49	46	30	34	31
32	30	7	25	23	18	45	50	31	23	29	22	6	48	35	22	16	37	37	23
19	22	12	46	50	40	44	17	21	40	38	33	19	14	27	37	16	5	1	42
17	15	25	38	36	32	6	11	42	14	34	10	43	11	12	11	19	11	25	34
24	28	29	41	36	46	4	43	21	48	6	11	36	46	7	5	47	25	11	19
34	34	25	8	7	29	41	8	2	16	18	6	31	18	18	39	36	34	2	40
28	13	41	45	9	23	24	47	5	7	15	45	50	7	50	41	4	22	35	7
6	46	41	5	30	50	31	18	29	18	20	13	23	22	41	21	44	31	50	34
5	44	4	46	2	24	6	25	19	28	36	14	50	46	34	33	23	36	15	9
43	6	19	38	37	2	23	29	16	29	47	23	23	1	2	12	43	46	4	7
44	7	50	1	32	7	13	28	39	9	49	8	17	41	42	49	26	17	9	50
2	28	9	41	31	13	41	50	44	23	40	28	33	8	15	36	7	18	6	31
39	45	40	8	31	40	7	32	9	4	37	26	37	4	6	16	49	10	21	19
16	14	35	16	19	21	26	9	26	6	43	8	11	28	11	7	38	1	11	42
6	9	41	41	37	15	41	29	2	50	38	48	47	38	15	25	11	25	40	10
14	49	7	4	12	29	16	9	43	49	28	49	50	30	13	8	24	45	30	5
30	48	7	27	19	45	12	24	14	36	46	14	11	1	28	8	3	37	30	8
49	33	36	4	22	40	49	18	25	8	1	17	45	36	30	17	42	30	35	17
17	42	46	7	4	15	38	49	2	5	5	37	15	22	6	48	12	4	6	30
47	44	49	6	36	30	20	26	21	12	17	24	3	13	41	7	37	30	50	8
3	50	16	20	4	14	2	23	30	33	6	38	24	6	20	24	44	41	22	24
45	12	28	41	38	32	35	3	31	49	12	33	4	49	28	48	29	29	3	22
28	47	46	39	7	30	50	47	44	18	14	47	8	27	13	41	22	26	33	23
30	50	42	32	22	24	34	26	29	22	46	15	38	1	47	48	17	40	35	9
32	39	9	14	36	15	25	28	37	37	26	3	47	31	42	28	6	15	18	34
46	25	19	22	23	50	9	7	30	15	24	33	42	24	41	42	42	29	47	7
49	6	40	42	47	43	18	8	9	19	43	3	23	2	13	8	20	37	41	37
7	19	48	22	14	44	12	24	40	1	37	27	18	11	35	40	36	27	26	31
32	1	48	12	23	22	10	41	11	34	22	5	39	11	1	31	8	18	29	3
32	45	19	9	32	16	35	12	17	24	23	44	12	11	5	6	21	37	50	42
34	22	14	7	30	33	39	8	10	5	32	18	49	24	50	38	33	40	31	7
38	49	24	38	12	29	44	29	6	46	10	22	18	37	19	11	32	13	30	49
28	27	2	12	42	5	45	39	12	18	24	31	7	44	5	36	48	26	45	1
40	11	3	15	45	11	50	12	5	39	6	20	11	32	29	11	47	12	46	7
34	6	17	38	22	30	16	25	33	34	13	6	18	29	10	18	25	38	18	32
5	33	34	23	12	4	21	25	15	44	40	36	31	39	17	35	44	15	43	16
45	26	30	22	27	1	3	33	22	12	37	10	45	15	3	1	22	45	26	19
9	42	11	39	44	28	26	30	12	26	24	11	45	2	38	30	4	13	46	12
1	39	4	3	8	31	41	16	36	16	13	49	39	25	7	4	16	42	28	49
25	24	21	47	39	27	15	44	28	23	48	9	49	15	18	21	38	8	31	14
37	10	44	46	13	25	22	20	45	34	15	12	35	48	37	28	18	8	15	32
16	48	39	14	19	4	1	25	7	37	16	8	11	15	12	16	31	26	34	14
5	46	49	44	9	37	25	2	28	41	3	31	43	49	48	40	22	31	28	9
25	48	14	9	19	7	1	21	36	22	47	43	24	2	28	21	50	45	5	32
30	49	48	16	34	35	15	13	17	23	44	1	48	25	39	7	32	40	26	2
36	4	17	6	44	11	7	42	22	28	40	27	26	46	30	27	1	48	26	34
43	39	5	13	28	47	46	50	13	21	39	10	20	3	47	27	33	42	22	24
29	23	41	39	33	18	25	2	46	13	7	35	15	42	10	48	50	4	28	48
16	8	30	1	40	31	7	24	50	4	44	9	26	3	6	20	48	16	31	10
23	44	4	1	15	5	46	29	43	49	27	30	14	25	8	21	44	40	50	3
12	2	3	43	19	48	9	12	37	41	50	35	24	18	26	22	4	30	37	36
35	29	31	1	27	15	45	2	45	35	26	9	16	28	49	21	42	12	32	17
46	35	42	3	50	43	6	47	50	36	18	15	4	15	19	34	22	2	16	4
3	8	18	2	15	42	19	46	20	5	31	42	48	20	40	50	37	28	1	35
10	49	2	9	18	12	5	2	10	16	50	40	46	29	15	38	18	41	39	9
24	11	28	46	5	26	18	34	25	19	48	44	1	32	45	4	7	9	34	4
37	18	37	4	5	42	47	20	6	3	33	46	40	43	11	49	22	7	4	43
45	21	27	42	19	7	39	15	34	11	32	9	7	35	23	7	25	24	41	14
29	48	29	23	36	2	4	9	21	46	33	50	5	41	9	16	41	45	36	48
3	32	36	45	22	25	39	5	20	5	25	49	16	41	14	47	42	5	6	17
3	30	45	38	29	32	5	16	27	7	17	30	38	43	11	48	13	35	1	12
13	50	39	17	22	34	34	15	28	13	24	36	40	19	46	24	38	49	16	40
20	23	29	14	39	46	11	23	30	17	35	8	4	45	5	4	42	29	17	46
48	40	39	14	34	31	41	19	48	38	11	15	19	12	42	40	21	26	28	27
23	11	35	12	29	17	33	45	15	42	32	9	32	21	42	31	35	16	31	9
5	43	26	43	6	21	39	43	3	15	34	16	1	41	23	38	6	28	36	17
48	46	5	7	6	2	33	49	20	12	6	6	46	20	22	31	36	43	6	9
28	40	42	1	9	17	9	42	48	5	26	7	30	14	11	10	38	19	37	5
38	40	24	42	9	28	20	31	19	43	2	13	23	28	39	9	4	5	48	40
43	42	1	16	37	50	26	33	10	13	43	17	6	2	21	38	17	1	42	31
47	29	23	6	3	13	35	3	25	2	6	34	22	48	12	47	40	9	6	10
2	38	21	7	50	36	8	21	7	1	43	4	13	17	43	15	19	46	13	24
15	24	8	9	7	9	46	8	41	25	49	9	45	33	30	9	8	16	6	18
5	14	47	24	10	2	22	5	5	47	28	44	46	32	45	29	30	13	50	42
40	50	31	32	3	34	9	31	38	35	8	3	41	45	20	2	27	35	49	6
38	42	3	44	47	6	13	14	38	1	29	46	16	14	28	5	34	15	22	26
44	42	17	21	40	25	4	1	13	44	3	46	14	45	5	49	48	38	35	47
22	46	43	37	6	12	37	27	18	15	19	12	13	23	12	46	25	33	5	23
2	12	2	45	49	34	32	22	10	29	8	46	31	25	5	48	50	31	16	28
38	28	34	48	26	41	33	42	33	9	25	16	34	13	45	10	45	49	39	23
31	16	17	39	7	23	32	39	18	15	47	44	17	27	35	25	29	4	19	9
1	40	39	1	4	43	13	18	31	46	4	1	43	43	47	22	11	45	41	4
9	45	24	19	13	31	49	7	28	20	31	41	30	30	23	41	28	17	35	15
10	14	9	23	11	46	2	24	30	13	15	34	14	16	50	6	17	20	39	24
45	7	40	11	15	14	22	13	21	7	45	45	11	27	45	45	37	1	8	17
29	25	27	16	6	48	28	15	31	17	25	8	28	12	20	3	25	48	8	48
25	40	4	24	19	21	24	37	22	5	20	16	12	22	45	20	30	25	5	18
37	8	33	5	33	37	17	49	7	42	21	39	44	11	43	40	22	4	48	36
24	41	44	26	48	9	47	7	18	1	24	50	44	40	11	17	8	49	42	32
4	25	31	30	35	31	23	1	30	6	49	27	27	20	44	47	15	7	8	24
41	11	32	7	19	21	46	4	50	26	32	23	12	16	32	49	10	14	42	17
