20	50
41	32	26	50	4	10	22	2	40	37	45	41	36	38	42	50	50	6	9	37
26	31	47	21	41	46	6	13	4	35	43	36	46	50	20	27	20	13	49	49
1	30	48	17	25	3	36	19	18	38	33	43	27	25	45	10	35	5	10	9
5	9	48	6	45	10	46	37	19	16	31	38	7	11	37	46	34	31	47	39
10	37	46	17	2	1	10	21	5	10	42	16	4	41	44	43	33	43	23	16
7	50	50	3	7	46	36	17	39	49	27	5	9	21	49	18	13	31	4	44
50	25	32	10	24	15	34	16	17	44	14	41	8	31	32	11	38	43	10	6
15	44	32	6	33	38	7	33	43	26	30	2	39	29	17	33	18	41	29	42
13	20	1	46	36	36	47	28	39	39	31	21	21	48	30	6	43	27	27	36
9	1	24	41	14	13	2	30	15	50	43	47	14	19	44	46	44	37	21	47
42	30	44	5	45	10	31	42	50	11	40	42	14	44	34	12	46	10	33	24
35	18	14	40	46	35	7	3	4	34	13	7	7	30	45	29	7	20	46	4
32	11	31	5	10	2	33	21	35	33	50	34	5	48	13	25	17	5	10	11
4	29	38	16	48	34	35	35	49	6	5	27	15	29	42	24	38	10	30	44
3	36	19	22	35	29	2	10	18	21	13	3	11	35	50	4	23	15	7	27
17	49	23	29	28	23	20	26	6	39	38	7	26	16	9	19	10	17	32	20
33	26	17	28	43	3	17	30	30	39	2	23	4	4	27	4	14	40	44	12
10	26	4	29	34	6	28	45	27	32	44	7	34	37	45	42	32	45	37	26
7	40	47	17	38	15	4	22	39	5	6	20	23	20	10	7	22	38	45	37
25	22	3	48	45	45	40	17	9	36	22	19	4	19	6	20	29	37	42	20
2	6	7	22	27	24	34	14	28	38	20	44	1	50	1	35	38	50	23	43
25	38	13	3	33	37	17	5	15	41	28	35	47	25	36	20	16	31	22	22
11	27	39	22	17	29	19	4	18	21	33	30	15	49	45	15	43	4	39	41
8	30	49	38	11	35	48	26	15	32	20	7	28	2	32	49	49	42	37	5
18	13	37	45	8	48	21	48	31	21	28	12	42	32	15	32	29	2	11	32
31	44	40	37	1	27	3	14	18	46	16	1	18	35	23	45	44	4	30	13
15	50	45	44	5	9	15	47	37	1	21	47	32	5	24	25	24	1	44	32
46	7	31	35	6	27	45	8	10	20	38	25	23	48	18	32	49	47	33	43
13	6	27	18	26	19	20	13	11	48	22	44	10	49	17	9	19	10	38	28
15	7	38	18	13	46	25	34	38	43	26	28	18	2	19	40	30	14	10	37
8	32	48	12	49	45	15	24	32	9	13	39	9	5	29	7	19	10	5	30
45	37	26	19	22	44	26	9	30	28	29	6	1	2	21	33	9	26	19	19
32	1	3	29	30	37	20	14	24	13	22	20	9	30	43	22	7	30	40	5
19	7	45	4	31	8	39	7	35	46	48	44	42	37	49	44	34	47	40	35
25	13	35	18	7	9	47	21	9	50	27	30	37	14	50	25	7	49	49	22
49	13	30	29	16	28	29	23	32	50	38	10	41	5	31	7	22	27	48	22
12	19	49	35	19	18	7	29	38	24	38	36	49	18	37	13	34	7	3	29
31	24	39	10	13	18	40	32	34	44	3	30	1	27	11	30	14	45	11	48
22	1	36	8	13	2	12	23	18	18	23	16	25	20	42	38	30	40	23	1
29	26	45	44	22	8	36	22	8	8	50	40	46	6	7	30	39	32	48	11
7	17	14	17	21	37	6	31	36	23	1	24	22	10	20	46	6	42	37	5
17	40	16	11	18	34	20	20	13	12	50	49	43	13	45	12	12	29	24	35
2	5	37	35	7	26	18	37	37	12	25	47	45	43	44	17	2	4	49	37
17	37	18	24	24	2	32	10	16	8	35	27	18	3	4	13	4	32	4	43
17	34	34	2	38	3	4	1	20	28	11	9	31	37	18	15	37	13	11	6
45	9	22	29	27	48	29	43	40	31	14	20	50	7	21	34	4	17	37	21
48	32	41	38	47	27	47	32	35	39	26	41	21	49	49	9	13	5	26	41
24	11	11	39	15	41	9	24	17	35	12	21	27	41	8	13	19	35	33	50
1	48	9	1	6	23	50	1	9	13	22	50	41	46	47	38	21	2	23	6
18	23	16	1	27	6	14	31	42	36	40	29	23	26	40	27	3	11	34	42
