20	50
18	5	28	33	20	1	40	29	38	17	3	16	33	14	17	42	48	1	38	40
21	50	25	38	46	25	35	43	49	22	38	41	21	41	33	18	8	9	10	16
7	18	42	20	5	41	24	37	17	42	39	19	26	14	25	18	30	40	37	46
17	48	31	16	30	12	46	42	31	49	35	40	41	23	34	3	8	6	34	6
2	48	26	7	34	19	15	7	16	15	38	18	22	15	49	9	37	27	40	43
45	32	6	18	7	49	29	4	30	23	11	24	7	32	44	20	23	24	32	11
47	39	26	17	11	17	18	27	24	25	16	31	16	41	11	21	42	8	50	36
41	12	28	44	5	15	12	41	21	30	37	14	46	30	46	6	6	40	8	40
32	2	30	5	7	30	9	16	21	24	28	15	24	46	21	36	12	33	12	47
6	27	7	45	39	3	36	37	45	5	15	2	1	10	4	39	33	23	38	26
7	46	21	47	2	22	40	50	9	11	45	24	29	11	35	5	45	36	17	4
44	22	21	16	10	26	15	14	43	33	3	40	45	37	41	10	7	11	43	17
14	36	29	34	11	42	24	40	26	50	44	48	6	34	32	35	25	5	37	27
7	26	8	26	8	5	29	42	21	25	48	35	43	50	41	8	43	38	6	19
2	26	39	43	39	6	34	11	5	6	35	3	24	17	10	39	29	3	27	6
13	32	20	1	2	9	5	7	44	24	42	38	50	19	25	32	37	15	38	3
22	19	38	15	41	46	11	27	40	3	30	41	11	50	6	20	6	38	42	30
2	28	18	32	14	47	3	6	43	29	2	15	16	24	35	45	45	6	11	6
49	29	17	42	45	2	27	1	13	5	27	50	23	8	1	45	2	6	1	44
44	6	34	12	1	15	25	38	15	12	26	1	28	37	32	23	11	26	37	13
21	3	43	38	2	3	42	9	24	41	44	39	5	18	13	43	45	6	41	30
28	40	36	1	30	26	22	37	26	28	34	26	20	39	23	41	13	47	10	49
24	17	14	25	19	37	46	10	24	40	29	6	35	7	35	31	18	43	9	27
31	5	33	46	7	18	20	17	45	22	30	49	46	42	7	12	26	11	33	43
31	13	14	37	50	29	41	13	4	43	24	21	38	34	19	19	34	19	18	1
17	29	16	2	10	31	10	44	1	24	5	7	10	16	46	18	42	47	46	29
28	8	14	2	49	10	11	12	24	39	28	8	44	32	27	2	48	12	28	20
19	48	13	30	39	18	11	23	38	1	27	37	23	40	24	10	15	14	4	1
20	49	20	12	46	48	14	29	40	45	21	31	20	27	11	30	46	35	14	31
49	39	24	23	13	42	35	4	8	18	37	34	9	27	50	20	28	1	34	42
5	33	34	44	31	47	18	47	30	45	15	31	50	23	3	32	25	48	50	5
13	10	22	22	8	37	23	43	28	41	2	45	1	23	27	16	5	31	43	17
24	38	25	13	4	7	35	36	25	18	46	31	2	29	29	45	11	12	37	44
25	25	20	39	43	20	30	28	47	37	27	45	5	34	32	26	35	9	19	1
3	37	18	10	45	22	43	23	45	32	5	44	44	50	43	49	19	36	20	34
28	7	39	39	41	2	26	19	48	3	11	3	44	36	41	38	7	10	45	22
28	8	34	16	32	34	1	6	42	33	7	49	39	36	24	46	48	30	20	44
46	25	25	42	22	3	1	8	9	5	42	10	42	49	7	20	24	24	7	8
1	21	28	16	47	12	14	8	13	46	40	28	41	1	27	3	33	42	45	30
34	44	48	37	41	48	8	41	30	4	22	25	24	13	44	26	48	10	45	10
39	43	46	14	16	15	20	41	22	4	38	33	30	28	24	7	23	41	26	50
5	24	29	9	24	16	5	29	8	1	6	24	47	35	41	41	49	34	22	26
29	17	19	26	17	40	45	46	39	37	3	7	35	46	6	16	15	37	41	50
11	41	34	21	48	14	36	46	37	34	9	40	20	50	22	38	5	3	42	34
21	9	40	22	49	49	39	2	29	26	27	12	44	22	16	38	33	49	29	3
5	50	10	6	28	14	38	35	25	18	11	12	46	7	29	3	2	12	23	50
25	35	17	11	7	48	46	48	35	35	5	7	25	39	30	22	49	35	45	36
11	5	28	11	16	16	17	38	43	13	36	22	27	29	28	21	33	50	49	30
18	41	1	40	13	5	37	7	27	8	4	17	18	37	39	21	7	7	45	42
32	9	5	22	49	34	30	46	12	10	40	50	36	15	18	21	4	38	48	11
