5	200
3	2	12	13	5
3	20	6	19	6
11	17	18	9	7
9	9	3	6	10
19	3	3	3	4
9	1	18	1	2
6	12	14	7	11
16	6	20	19	11
14	1	2	6	14
19	9	14	14	16
10	10	7	19	13
20	20	9	9	16
2	2	6	17	1
19	4	11	19	12
4	10	4	16	17
19	1	18	10	5
1	7	5	5	12
16	6	15	15	11
16	17	11	4	9
13	15	5	5	15
16	19	16	3	13
1	6	12	3	14
20	2	19	4	15
15	17	1	5	5
14	9	16	9	16
7	19	20	7	5
5	16	13	15	10
3	12	3	13	12
11	14	13	2	11
14	18	8	9	14
16	14	20	1	1
7	3	7	7	6
3	6	5	18	10
4	10	5	15	13
4	15	9	14	15
20	17	14	18	2
10	12	12	14	10
11	16	13	14	4
20	5	16	7	9
5	10	15	13	7
5	14	13	17	10
1	5	7	6	2
10	9	9	6	17
12	15	12	9	19
9	17	11	12	13
19	19	2	6	11
11	2	2	12	17
16	19	15	4	9
6	10	8	13	14
11	17	11	11	18
10	19	7	14	19
9	4	2	5	12
3	4	1	16	11
8	8	18	9	1
13	1	8	1	14
19	10	18	18	2
3	9	12	9	1
13	16	8	13	9
13	18	11	13	7
3	9	12	3	6
4	19	3	10	5
9	11	7	1	20
20	6	4	3	10
15	13	13	15	18
13	1	6	20	9
16	11	16	15	11
10	18	16	13	19
4	6	2	5	12
2	10	7	13	10
7	14	8	3	13
11	17	17	5	13
4	14	3	2	9
19	16	13	11	10
2	11	11	4	6
9	11	9	4	17
4	14	13	11	3
2	3	13	3	1
14	1	11	20	16
11	3	20	16	14
7	17	17	3	8
16	4	4	18	4
20	9	14	9	10
10	1	13	19	8
16	3	11	10	17
2	20	11	9	16
6	12	13	11	10
7	17	11	3	7
19	20	16	19	1
6	7	3	11	6
10	11	2	9	18
5	7	7	7	7
16	13	16	3	19
9	16	4	20	4
14	11	11	12	9
17	8	12	10	11
15	18	1	3	6
15	10	5	13	6
20	10	4	16	11
7	4	14	1	13
11	4	4	8	13
20	1	10	20	2
17	15	18	16	13
19	12	13	17	4
19	11	12	14	4
4	7	15	2	2
13	14	12	17	1
11	15	14	11	7
15	1	5	12	9
5	12	9	4	13
16	11	17	17	14
20	13	10	4	9
13	6	9	19	9
3	4	2	15	2
5	19	3	11	9
19	7	20	6	19
13	19	11	9	7
2	18	16	3	2
19	5	10	3	15
9	12	7	3	6
2	11	14	2	9
18	9	7	8	16
14	13	4	5	17
14	16	20	12	7
6	9	19	14	4
20	9	20	17	20
8	20	17	20	18
2	5	10	1	10
13	12	8	8	8
7	2	5	7	1
14	12	16	17	1
14	13	1	19	10
9	10	10	9	8
14	16	5	8	15
9	7	20	2	14
15	1	11	6	17
19	4	14	16	7
16	5	1	20	4
10	5	11	12	2
4	2	20	20	14
11	17	18	12	12
8	13	14	3	6
13	2	15	2	11
5	16	14	2	13
10	16	5	4	6
5	16	8	1	10
13	2	12	13	7
2	7	3	5	19
3	12	19	14	12
9	11	9	1	17
9	8	18	8	5
16	13	14	6	8
12	5	13	13	14
11	11	3	16	10
19	13	10	3	10
19	18	11	13	18
15	8	8	5	2
5	5	4	9	12
9	13	17	18	8
19	19	6	1	1
18	9	14	11	18
17	19	15	18	6
19	3	2	9	14
5	18	9	12	9
7	7	14	4	2
7	16	13	16	12
1	12	10	12	20
6	15	17	8	6
7	10	7	3	14
7	11	9	4	4
1	10	15	13	14
12	15	10	10	12
1	6	20	6	6
7	13	11	10	8
10	1	2	7	2
18	20	12	11	16
16	8	9	12	11
11	18	18	18	8
12	6	8	16	5
1	10	1	17	7
14	1	19	17	14
1	9	9	11	17
12	3	19	15	16
13	18	8	15	16
10	16	13	2	16
5	14	6	2	1
8	20	16	5	2
16	9	12	19	11
3	9	8	1	17
10	7	13	1	12
4	2	6	2	17
19	8	18	1	10
7	3	7	10	10
13	7	15	13	1
5	6	10	4	13
1	8	12	6	7
18	1	6	10	18
6	14	15	8	4
8	12	12	9	5
20	2	18	12	4
3	13	1	20	8
