10	200
27	31	25	7	7	6	45	1	45	43
37	37	16	40	6	30	2	13	8	41
25	42	42	35	6	50	6	20	13	24
46	19	35	37	16	17	19	48	21	4
41	32	45	8	39	46	48	26	46	4
37	22	13	1	2	35	39	41	1	7
1	26	39	21	48	19	3	30	24	40
12	5	43	4	50	44	47	34	47	11
3	30	24	9	38	25	7	34	35	32
29	28	47	14	4	16	43	24	11	20
43	19	3	7	43	33	30	9	2	9
38	5	45	41	5	21	2	30	33	24
12	19	45	43	12	34	8	29	1	34
1	24	24	27	18	34	28	18	17	6
45	48	33	26	44	24	34	6	10	34
15	14	41	38	9	24	24	10	46	9
25	2	9	18	8	15	32	18	23	21
44	34	14	28	29	14	37	19	50	38
1	3	19	18	20	38	33	36	19	44
11	18	23	8	31	44	40	15	19	29
43	16	33	40	40	31	1	14	9	45
38	5	11	8	9	23	33	41	49	21
33	46	50	29	11	26	12	6	48	35
24	23	1	21	46	35	20	30	28	40
38	19	27	24	7	6	8	16	50	9
12	50	17	49	46	47	17	5	29	15
20	45	17	25	21	16	4	40	13	24
4	3	14	9	33	15	20	26	23	5
19	46	7	39	24	25	6	3	26	50
19	16	2	13	21	43	3	3	4	42
2	18	3	26	6	10	36	8	16	32
27	41	33	25	47	24	39	28	1	46
10	2	15	13	6	38	2	1	39	41
12	17	23	31	3	2	44	32	34	15
39	49	37	45	23	29	34	27	17	47
4	25	3	8	33	1	3	40	20	18
9	36	20	26	20	11	18	2	22	46
31	8	45	37	8	12	15	21	41	28
5	25	35	42	37	37	15	15	48	3
49	4	12	16	6	4	29	12	25	13
11	32	5	22	17	47	31	16	1	22
36	33	50	43	13	34	1	28	40	33
46	3	4	20	48	28	46	29	31	4
33	4	47	29	18	24	20	14	26	40
7	50	15	27	17	16	4	20	4	23
4	2	23	42	17	8	28	36	25	40
1	3	35	48	39	32	37	21	25	40
15	38	3	50	27	47	39	28	3	32
24	27	26	9	1	32	32	5	13	11
46	35	40	36	39	4	15	18	38	36
30	34	45	14	8	16	49	23	15	20
19	1	33	43	17	25	28	27	48	8
1	32	9	15	44	30	49	18	11	24
33	21	41	18	3	40	32	12	1	35
33	9	40	43	42	46	2	47	20	14
27	39	21	30	35	48	25	31	20	29
18	32	13	42	38	49	10	16	41	27
44	16	26	13	25	42	43	17	24	49
28	2	49	47	47	44	1	11	33	5
16	2	42	23	18	2	47	48	5	44
36	37	7	43	21	11	14	8	6	44
5	9	7	22	1	16	34	16	45	45
48	50	33	36	12	43	24	3	46	23
46	45	12	31	13	41	46	6	27	37
31	43	6	40	50	7	45	21	23	2
19	31	4	11	46	37	5	21	32	29
37	11	13	33	48	11	47	26	9	10
21	28	40	9	14	5	45	44	36	6
48	4	30	45	5	15	42	2	35	27
37	25	25	49	1	21	31	23	42	40
10	19	13	14	31	41	42	45	48	42
42	11	35	27	31	34	31	18	28	34
20	45	42	33	23	46	4	42	9	43
24	22	2	47	46	29	42	17	14	14
23	47	5	44	36	26	41	49	18	18
40	13	46	9	20	15	28	30	41	35
38	1	37	5	18	20	10	39	31	3
42	14	4	14	11	24	41	48	48	48
6	6	24	41	4	12	27	44	27	31
1	12	27	30	27	23	10	1	27	16
17	2	18	16	26	26	9	32	49	47
25	31	33	43	30	33	27	46	1	7
43	16	12	1	2	31	38	25	38	38
14	41	21	32	31	4	38	9	16	28
3	46	46	31	7	21	29	34	50	45
46	14	50	21	23	2	41	18	15	45
39	35	45	11	33	35	10	2	13	26
45	19	31	24	4	48	21	32	45	31
2	4	25	43	42	1	41	1	10	30
14	21	45	22	40	18	2	35	48	23
11	28	22	25	1	28	34	27	17	26
31	9	23	34	43	35	10	2	20	33
44	10	43	34	12	24	24	10	34	36
47	37	35	23	21	25	33	1	43	14
17	15	34	35	49	6	49	12	29	5
9	50	16	15	29	1	36	39	14	27
5	25	43	31	29	45	25	1	13	19
3	10	10	6	16	29	27	9	35	7
26	13	31	30	28	47	22	20	44	20
39	45	37	16	10	43	23	3	6	5
32	48	49	10	2	50	41	11	49	1
25	28	4	8	1	42	44	13	4	32
24	5	7	43	30	9	23	44	46	24
7	24	3	30	25	28	15	21	28	28
7	12	22	44	46	12	41	30	15	19
50	10	50	24	32	28	42	6	31	44
27	47	15	26	44	2	25	25	33	24
28	23	36	26	25	13	33	14	48	19
19	43	29	27	24	48	25	30	49	48
37	9	41	35	2	11	47	46	50	45
37	16	48	42	42	27	25	24	49	20
45	28	8	13	26	35	18	39	2	47
28	46	27	35	37	19	33	1	25	15
16	38	15	4	32	3	46	37	36	48
24	1	31	29	4	9	2	29	9	17
44	8	44	3	18	42	40	13	6	24
45	24	50	35	4	7	14	5	31	24
39	31	4	5	24	27	16	48	31	28
17	4	42	8	22	8	44	12	37	41
13	33	32	12	4	50	2	46	26	47
45	48	48	36	29	13	5	40	29	41
26	43	32	28	7	41	32	42	14	46
14	3	18	41	11	6	50	42	2	24
26	20	23	35	33	20	6	7	30	9
4	4	33	46	15	21	2	5	5	13
19	10	33	30	34	43	30	8	26	23
14	14	39	6	15	6	20	48	45	38
35	26	13	5	43	10	20	23	26	40
5	46	37	40	5	17	38	43	1	41
41	49	31	7	46	41	16	28	32	10
1	4	10	18	28	44	48	28	38	25
24	8	32	36	19	19	27	50	1	49
19	28	48	5	47	37	45	6	10	3
44	43	42	17	40	1	36	20	12	12
20	10	5	26	18	34	17	46	39	28
14	17	27	33	41	24	7	5	21	41
49	43	19	36	31	31	17	16	47	18
33	8	38	39	30	9	23	22	38	14
20	50	17	32	39	28	16	9	26	17
45	31	49	22	13	27	41	20	46	37
18	2	50	22	45	7	29	38	4	33
1	35	18	8	22	50	26	37	47	3
15	8	40	30	23	3	10	17	27	3
18	3	26	2	47	18	1	45	38	33
50	28	6	44	17	10	14	41	50	13
2	4	24	44	22	10	13	20	49	43
48	12	12	1	15	48	10	17	11	4
50	32	50	15	3	38	3	47	14	14
40	19	17	14	2	14	30	33	30	38
6	31	46	46	36	38	16	5	29	19
1	47	30	47	14	21	5	10	41	35
7	16	6	36	4	29	46	49	50	1
18	27	37	24	48	20	36	5	29	16
22	49	18	46	13	43	39	21	50	32
10	21	43	46	31	40	25	11	43	7
43	18	5	28	1	24	10	6	50	45
36	1	31	26	13	9	49	11	23	11
41	25	49	19	42	48	35	42	44	8
45	25	12	23	23	4	44	40	45	40
34	33	21	6	47	9	40	18	33	23
42	14	38	32	16	18	19	37	37	3
40	19	13	42	50	11	39	9	3	9
15	9	17	34	28	8	5	43	23	33
9	18	9	22	16	31	38	30	7	5
35	8	4	42	1	15	21	29	6	36
21	32	15	24	8	33	48	4	5	8
14	26	14	4	45	22	10	41	26	20
23	9	2	49	24	7	5	26	34	13
38	26	37	37	13	27	4	35	14	34
34	34	26	49	42	9	45	1	47	29
6	30	3	37	13	12	31	17	50	1
28	23	21	42	21	39	40	27	41	19
19	25	28	43	36	40	34	3	8	16
13	5	29	6	8	9	23	1	24	2
47	38	35	14	6	12	14	34	29	3
20	18	11	29	11	31	3	10	2	24
28	28	9	35	38	24	44	16	35	12
16	39	3	39	22	32	41	14	38	25
27	1	25	5	46	46	44	50	45	28
7	13	49	1	25	20	29	1	26	32
18	48	50	18	38	31	15	23	8	30
40	39	23	27	47	28	4	5	40	43
31	44	21	7	5	3	41	3	14	3
3	41	39	7	7	29	2	7	17	15
32	22	43	16	38	19	41	22	4	48
16	24	11	33	2	24	28	43	13	35
41	12	9	5	27	50	50	16	20	19
27	47	38	26	11	10	2	5	20	37
13	19	49	17	37	29	30	6	6	34
1	10	44	33	24	20	13	38	40	38
19	25	3	36	22	20	37	35	23	42
23	24	23	27	23	23	14	42	19	48
21	44	11	37	19	17	3	6	3	41
47	14	15	32	18	38	17	14	46	17
43	46	34	14	11	28	37	18	10	1
7	21	19	43	18	26	15	16	18	5
17	31	33	32	46	9	9	42	10	36
7	50	47	2	5	26	10	48	26	41
31	36	47	2	35	27	45	23	15	42
24	1	47	42	1	12	13	3	19	3
