10	100
41	8	11	22	17	43	35	6	46	41
11	5	47	41	19	33	18	43	22	2
22	48	26	41	24	18	6	10	20	39
10	19	30	31	32	40	44	31	20	2
10	27	49	18	28	37	45	50	2	17
29	41	34	11	38	44	32	21	49	49
37	25	37	7	31	42	26	16	9	30
39	38	24	20	42	45	50	9	13	37
24	7	9	4	11	20	36	19	43	39
8	24	32	21	16	35	41	42	37	37
12	29	41	22	28	41	17	14	19	44
45	24	9	12	26	31	17	34	46	12
7	7	23	21	22	16	6	4	5	8
4	8	23	26	26	46	16	37	26	21
3	22	1	50	44	35	15	21	45	35
19	8	46	25	30	5	6	20	50	13
35	14	10	12	40	38	1	33	36	31
15	30	8	26	10	36	7	24	28	38
1	36	9	20	40	46	12	49	46	21
40	46	37	13	36	40	12	40	10	7
34	33	36	15	20	39	50	21	15	45
49	33	43	13	12	50	5	40	23	44
26	3	37	15	41	19	44	45	40	21
24	18	14	21	5	19	50	45	50	1
47	42	34	2	23	8	4	25	1	37
35	23	18	17	31	31	46	21	24	2
46	5	31	45	22	32	19	22	9	44
50	10	40	22	48	35	20	36	43	33
16	19	44	4	36	1	1	48	41	24
23	30	21	49	5	42	11	40	31	42
39	32	17	8	38	25	34	46	19	46
12	11	29	41	36	27	11	28	9	21
32	22	32	35	21	20	40	41	17	7
25	30	5	2	45	35	3	37	17	11
18	5	29	46	12	13	2	30	14	29
31	34	31	11	10	18	1	32	37	18
36	43	30	13	22	33	6	28	47	1
24	25	12	48	3	27	44	36	24	9
19	11	28	39	26	41	49	45	42	28
35	22	50	49	26	26	26	17	25	30
7	24	33	13	5	7	23	34	9	34
24	15	8	29	49	26	16	41	37	31
34	12	37	20	17	3	25	13	23	27
2	28	12	45	2	46	28	15	35	20
19	16	36	9	4	21	15	22	1	1
11	35	30	44	46	46	38	14	46	2
32	10	11	32	32	47	3	14	28	4
48	1	7	18	12	18	26	28	17	47
39	3	13	23	17	17	48	19	49	6
8	15	20	33	38	9	6	5	27	7
18	2	44	47	3	10	28	12	33	29
20	10	47	50	14	29	48	39	15	16
49	35	15	22	47	34	32	25	30	3
13	22	2	11	29	38	10	16	20	8
39	37	37	21	37	48	18	20	19	9
12	17	40	12	8	34	37	23	1	20
28	4	32	30	16	48	9	37	21	27
20	32	19	8	27	13	49	45	36	49
16	12	7	22	42	47	33	41	3	46
1	37	15	1	30	36	5	7	5	39
40	32	50	42	39	30	48	32	35	45
36	42	38	2	4	17	48	11	39	20
16	18	34	25	27	33	18	18	29	42
9	42	41	47	10	34	12	15	33	12
49	1	6	9	11	9	50	13	48	13
38	44	19	35	23	22	49	26	16	6
13	30	4	44	36	44	2	41	43	20
5	33	28	27	22	16	13	26	15	18
33	5	21	16	4	16	23	6	24	39
36	37	50	27	50	19	48	13	23	17
8	10	21	28	9	6	16	43	14	8
10	24	11	49	23	9	10	38	41	21
22	47	17	4	34	19	33	2	28	4
19	50	3	49	10	24	34	44	8	48
50	31	43	17	30	13	26	2	4	42
10	10	23	3	46	12	43	18	44	40
23	15	15	11	39	10	21	13	39	50
25	16	31	43	21	41	5	1	24	22
43	32	48	37	44	9	28	50	4	49
32	16	50	18	25	36	16	32	29	21
42	14	14	5	17	44	30	30	33	5
8	43	44	23	48	42	17	29	17	30
32	22	10	41	18	9	16	13	18	35
25	23	23	4	30	30	19	43	20	1
30	48	17	49	41	39	23	28	21	34
19	37	16	49	39	20	4	23	37	8
28	17	13	49	30	36	21	40	43	19
24	24	9	16	1	35	6	11	50	29
37	39	43	35	16	38	8	24	16	10
26	46	7	13	24	13	36	19	20	6
19	33	35	2	11	46	29	50	49	5
15	43	24	8	21	39	25	29	33	42
29	47	25	34	43	28	18	46	43	38
49	37	42	44	11	4	4	41	24	21
10	8	26	12	45	34	22	49	43	35
39	7	36	28	28	22	9	2	10	33
28	33	8	11	6	28	1	31	48	17
36	35	5	13	32	21	21	14	39	9
7	20	4	8	50	43	2	15	16	39
46	2	31	42	43	28	1	16	7	17
