10	100
6	1	1	1	16	5	13	15	3	18
8	18	13	16	4	12	16	9	7	4
15	15	12	12	4	13	15	10	10	8
9	13	6	3	14	13	15	20	7	15
13	10	17	14	20	9	7	6	5	5
4	8	3	17	7	11	10	9	17	4
10	4	6	16	9	15	13	11	3	11
17	17	2	12	11	5	19	18	13	16
7	9	5	5	5	2	10	10	17	3
4	7	3	4	5	10	5	2	5	5
17	17	4	14	9	7	6	12	6	2
13	13	17	2	18	2	19	1	12	8
6	3	14	20	8	11	14	19	8	2
1	17	14	8	20	11	5	12	17	18
17	19	5	15	11	12	10	2	7	3
11	4	11	18	20	14	3	4	7	18
14	7	4	4	2	16	19	10	2	8
17	8	5	14	12	8	19	19	10	17
2	12	13	5	11	17	7	17	9	7
8	2	5	19	5	10	15	1	14	15
13	1	1	20	7	4	20	18	6	13
15	4	15	10	17	2	15	20	13	5
9	3	1	16	20	16	3	6	9	2
13	18	6	15	5	1	12	14	19	8
17	10	11	17	12	5	8	16	3	3
16	16	9	9	6	10	20	5	1	11
1	15	9	5	20	17	19	20	6	16
11	2	1	5	8	20	13	5	4	15
9	8	3	7	7	18	10	17	9	16
2	7	13	9	8	3	2	6	17	15
7	8	10	7	13	14	15	4	1	7
17	15	2	6	2	14	12	3	19	3
7	2	11	11	15	5	9	13	18	6
18	8	9	9	9	1	18	17	14	13
3	7	16	3	19	7	6	8	7	14
11	20	8	14	9	5	18	20	12	8
6	2	6	16	9	10	7	13	17	1
16	16	9	6	20	20	7	9	12	8
20	1	7	4	15	19	20	15	1	4
4	18	5	7	7	2	2	1	14	10
1	13	11	6	19	16	11	2	15	9
19	9	9	5	9	5	15	2	1	10
10	13	12	13	18	18	11	3	20	19
19	6	15	2	8	7	10	2	6	20
9	18	1	13	6	15	10	1	18	2
7	1	20	4	20	9	2	18	8	1
5	9	3	16	10	13	15	8	17	3
16	14	16	1	2	13	12	19	8	3
9	11	5	18	13	19	6	12	2	20
5	13	14	5	16	20	15	5	3	14
1	3	4	16	7	13	5	20	2	8
17	3	11	6	13	14	5	6	4	12
7	3	6	17	18	4	1	12	6	2
18	8	16	15	3	7	7	9	12	20
15	7	10	15	4	2	2	8	13	2
16	10	1	12	7	18	17	8	19	4
13	13	14	1	10	9	8	17	4	7
8	16	15	5	18	20	14	12	14	16
2	13	20	5	7	8	8	5	8	5
10	20	11	8	8	2	14	10	5	16
15	6	5	6	14	1	16	17	14	8
5	6	14	3	2	20	14	9	14	2
2	4	9	20	18	9	5	7	17	17
7	5	7	19	2	16	8	14	11	6
13	11	11	1	1	4	6	8	6	8
8	5	16	3	14	12	17	6	9	6
16	10	20	18	2	20	20	16	2	6
12	1	18	8	10	11	13	9	20	14
3	17	1	9	9	2	9	4	5	10
20	3	6	6	10	3	11	13	20	1
5	11	7	20	17	8	8	8	13	3
19	9	7	15	4	20	9	12	10	20
12	16	11	13	7	10	15	13	19	7
1	1	9	19	9	13	11	2	13	2
15	2	11	3	12	11	17	11	3	11
15	20	4	20	9	10	20	15	13	8
13	15	10	7	3	18	20	8	6	11
9	7	19	9	6	11	5	9	1	17
14	5	11	8	12	2	18	10	10	20
14	17	9	6	9	20	12	5	1	14
11	9	5	12	3	9	1	16	14	19
5	11	14	17	14	9	5	2	15	1
1	11	18	7	18	12	19	13	20	7
19	20	9	8	6	5	20	20	6	4
1	3	17	11	15	3	4	13	12	1
16	10	11	20	13	1	11	19	14	11
10	9	16	8	1	6	3	7	11	10
9	5	17	11	1	19	14	7	12	16
9	6	1	20	11	9	10	10	15	6
14	2	6	15	15	13	7	9	11	10
1	18	3	3	12	11	14	1	19	15
7	5	7	19	3	5	8	16	18	13
17	13	12	6	16	8	20	3	17	9
13	6	17	3	15	12	4	19	8	20
16	9	11	1	19	10	15	8	13	10
6	11	12	19	14	8	6	18	7	5
12	11	5	11	2	2	8	5	4	12
1	9	8	18	17	8	3	12	7	6
13	12	11	7	3	2	14	19	9	8
6	7	12	4	8	5	5	20	19	18
