2	100
43	38
26	26
6	22
26	14
8	34
24	6
21	37
2	16
33	25
19	32
47	28
36	12
28	26
2	49
42	25
40	5
11	27
30	26
14	5
50	33
2	9
11	32
34	10
23	23
31	14
9	11
27	22
8	16
3	14
48	31
20	27
23	33
45	19
45	45
7	26
3	29
25	36
31	38
18	4
29	19
3	30
19	28
17	30
28	40
19	15
24	1
7	19
14	25
37	28
38	15
15	29
16	6
12	31
36	42
41	20
48	49
35	30
29	40
9	45
17	15
41	6
26	42
2	2
22	6
22	7
1	40
17	15
4	25
14	13
16	36
44	37
49	50
17	25
17	27
41	24
16	42
11	23
24	10
3	25
4	10
9	30
20	35
20	9
32	20
27	4
26	47
30	32
21	4
7	27
25	27
36	46
15	49
41	9
29	44
42	45
22	40
9	6
27	14
18	15
31	9
