5	100
40	47	66	79	25
83	8	71	80	3
26	62	60	53	28
88	90	85	17	38
38	87	58	55	95
18	60	66	56	71
35	85	12	56	13
61	47	42	80	39
98	67	7	91	35
5	58	6	69	54
86	81	23	14	78
53	89	11	84	8
23	42	16	10	68
42	50	4	40	67
42	49	6	79	40
72	81	67	21	91
60	54	98	2	85
55	63	99	78	60
72	37	59	72	16
57	52	98	24	94
56	55	66	2	13
37	75	44	74	7
73	23	90	93	48
69	45	14	25	13
80	52	26	81	96
5	91	34	63	84
21	84	44	28	36
6	89	96	90	48
80	19	25	72	88
50	47	66	25	47
12	38	73	11	15
5	29	86	6	8
47	41	81	91	87
90	79	63	58	43
81	50	24	77	34
61	27	55	93	47
59	26	10	17	72
83	11	34	14	32
78	3	90	83	2
40	39	35	86	99
71	84	9	82	67
63	14	97	78	54
78	74	94	60	50
22	32	65	19	4
79	46	50	26	65
79	60	42	75	95
23	93	70	94	76
75	18	28	50	10
70	14	56	60	54
4	9	30	33	81
8	74	17	83	20
26	35	83	17	88
3	73	22	84	32
86	5	100	85	75
5	4	15	9	35
66	90	91	73	62
70	30	9	95	87
49	77	88	74	51
41	35	11	63	7
98	92	73	28	69
100	10	46	58	76
5	59	8	48	55
36	44	11	56	19
74	64	28	97	83
10	18	26	34	35
70	93	53	3	38
74	17	63	4	63
61	85	52	19	82
91	69	40	20	16
97	25	56	44	34
34	65	76	46	59
82	84	12	24	7
12	7	5	11	81
19	82	7	94	59
89	13	9	15	93
41	79	7	19	39
45	38	10	70	4
10	42	18	45	81
77	73	28	13	71
85	65	29	40	97
15	19	62	86	45
22	57	61	53	19
4	78	93	85	62
74	98	36	8	72
78	65	62	13	82
17	85	96	45	9
77	50	67	23	24
27	76	24	25	82
54	81	65	27	78
100	80	44	51	97
87	29	22	69	19
51	57	49	4	29
38	61	17	45	43
54	11	71	62	36
98	74	12	26	18
98	1	36	36	83
37	42	45	48	22
49	29	99	4	74
70	27	20	96	45
93	65	20	85	24
