10	50
17	1	18	4	11	19	5	20	14	2
10	11	20	8	16	7	4	14	4	17
17	15	7	14	16	4	16	1	7	1
3	2	1	7	7	18	4	9	10	15
2	4	7	2	4	15	18	6	9	11
19	11	4	16	5	3	15	5	9	7
3	4	14	13	20	9	10	14	2	18
3	15	4	9	16	14	8	5	10	1
7	11	13	17	2	12	19	6	2	4
4	19	1	4	13	18	11	14	3	15
6	5	4	11	8	5	7	15	20	12
15	10	16	8	1	12	12	18	11	8
10	5	12	18	15	5	14	1	17	18
4	15	3	15	16	2	7	3	9	18
6	4	6	10	9	14	4	14	4	1
7	13	3	15	6	1	13	7	16	4
12	6	19	2	9	1	8	1	12	19
6	9	9	14	3	6	19	3	9	2
2	1	18	16	12	11	12	9	10	15
9	1	7	6	7	20	6	5	2	9
7	4	2	5	16	18	5	9	12	20
3	11	18	15	3	11	9	3	11	19
9	20	11	18	11	6	3	4	8	3
1	15	1	1	15	18	19	14	1	15
7	4	17	11	13	18	3	13	4	16
12	4	14	3	20	8	13	5	15	11
16	1	2	9	19	9	11	18	20	5
12	15	2	17	13	6	3	20	5	13
3	10	1	12	12	17	1	19	1	8
5	15	20	11	19	6	2	8	12	4
8	6	13	19	4	17	2	18	11	15
5	14	20	2	9	6	20	10	18	3
9	12	17	13	20	18	16	11	18	7
4	15	8	2	6	17	18	3	8	15
15	3	8	6	3	12	15	18	3	14
7	13	11	10	16	16	10	1	20	7
2	12	1	4	11	10	6	19	17	12
8	18	2	4	8	6	5	11	10	8
3	18	8	5	1	12	5	18	6	10
7	18	3	2	14	4	3	4	16	13
7	17	2	11	6	10	11	7	3	10
12	19	11	12	4	4	4	16	4	20
6	8	13	7	6	11	15	1	11	4
4	1	16	17	2	7	17	18	20	11
1	19	16	17	19	9	7	11	18	10
1	7	1	16	8	19	4	16	6	15
15	11	17	19	7	12	4	15	11	18
8	7	17	13	20	8	13	17	9	18
5	4	3	1	4	17	1	1	9	4
3	1	12	5	17	10	2	17	10	8
