2	200
15	39
19	29
23	23
27	12
46	16
30	35
28	19
43	47
50	9
31	11
11	38
31	5
40	50
7	8
37	34
50	34
30	39
3	18
26	8
13	10
43	15
13	3
5	34
39	12
7	50
49	24
6	21
44	27
9	15
40	23
17	19
25	13
16	46
5	39
17	25
21	42
46	21
18	47
26	29
50	7
12	46
2	37
35	27
29	10
46	26
10	12
19	41
44	25
40	1
37	9
29	50
45	32
29	7
28	35
3	48
2	30
15	33
11	21
17	39
28	40
18	46
44	41
16	10
24	6
27	44
7	25
42	41
28	13
1	21
8	28
49	44
7	49
24	30
47	36
31	23
8	2
23	47
42	34
7	4
16	19
34	23
9	9
41	27
38	24
6	49
20	47
31	1
42	24
39	46
17	36
14	39
26	4
36	5
2	46
50	45
6	48
5	39
45	27
36	48
8	48
42	23
31	32
4	12
22	23
6	19
45	12
37	31
6	45
48	5
23	37
25	43
25	11
44	23
42	42
7	16
39	41
38	20
45	41
8	44
1	25
33	30
41	31
1	45
11	25
34	50
29	31
25	21
23	50
49	20
39	31
21	31
17	40
31	4
24	17
36	16
37	4
5	49
4	46
3	44
11	49
13	17
9	7
37	8
17	18
48	45
43	39
6	20
5	3
14	1
1	47
21	44
39	18
13	26
27	27
18	27
47	5
10	40
19	4
22	10
4	24
38	7
20	42
24	49
49	35
45	1
32	3
44	14
29	20
29	41
44	12
31	40
50	21
49	38
30	16
2	2
31	4
47	28
10	15
25	48
45	15
28	43
33	17
46	45
11	46
12	50
25	32
16	43
43	48
7	49
43	36
20	33
33	44
21	28
6	17
5	14
45	31
46	30
34	39
8	34
26	5
