20	100
42	46	76	58	44	93	19	30	41	94	83	56	4	43	79	58	38	97	53	64
92	10	43	86	69	39	14	68	21	7	17	11	92	23	71	87	5	97	37	12
37	62	14	72	97	78	42	26	44	42	27	18	80	35	82	33	3	91	89	6
80	52	9	34	77	73	64	81	73	92	53	42	60	41	28	30	96	72	90	92
98	88	24	79	81	100	32	58	42	39	85	15	9	32	33	86	54	80	96	24
14	61	54	53	89	86	58	39	8	52	37	31	1	98	8	92	29	30	54	77
42	7	40	35	8	39	34	28	8	43	77	17	77	66	78	38	34	72	90	96
42	93	51	90	2	54	14	11	25	42	57	24	27	19	83	8	21	20	45	50
52	31	31	66	75	21	55	36	20	71	58	57	40	58	36	50	57	51	33	54
26	23	4	67	86	54	90	59	84	71	17	15	27	40	44	12	62	86	15	81
99	79	92	54	84	1	84	69	83	34	51	71	87	92	25	30	27	65	80	22
32	97	52	50	55	43	31	1	15	25	88	72	37	53	55	48	31	51	83	85
71	21	76	51	20	47	28	35	16	14	85	97	6	93	50	3	27	42	100	41
70	84	55	59	46	79	34	35	37	78	99	77	82	96	52	11	22	2	30	8
16	96	85	1	40	91	67	44	3	53	21	90	51	42	16	88	67	17	5	41
13	94	99	39	15	9	16	10	42	40	82	26	12	92	26	75	99	55	20	55
13	91	32	85	57	10	26	41	81	64	44	5	97	90	96	23	98	47	86	31
76	57	2	64	72	96	78	59	16	41	89	13	98	51	29	22	62	15	82	6
83	76	30	79	96	77	29	23	97	4	78	52	69	89	79	56	90	69	13	62
33	68	25	40	76	32	7	47	61	74	61	83	66	81	48	1	27	24	68	95
67	55	62	13	64	37	44	10	72	73	33	93	2	20	74	16	52	91	3	65
70	83	62	24	43	95	87	89	41	79	30	67	2	18	95	78	6	12	77	39
88	98	75	89	42	69	82	46	8	33	50	37	21	4	26	85	94	39	70	69
51	56	69	94	44	66	92	84	26	96	11	40	14	65	77	73	8	74	83	75
14	42	81	9	29	93	46	98	93	10	84	68	43	8	88	32	30	81	45	76
77	98	20	12	23	11	23	56	27	54	78	20	56	95	56	10	75	60	66	51
20	94	91	17	13	43	98	7	78	45	43	27	29	8	98	16	22	70	87	19
70	91	71	40	33	65	12	48	53	79	57	70	16	94	56	83	7	4	100	80
14	17	79	82	11	51	92	49	97	40	88	6	74	48	82	30	24	52	84	49
31	50	54	99	88	74	12	35	52	16	9	18	71	8	6	54	12	90	30	82
73	64	51	13	91	52	97	69	13	26	60	56	20	52	49	64	63	81	95	38
40	57	97	82	32	70	36	66	43	28	18	35	22	3	76	68	100	42	8	37
77	43	22	27	56	53	98	20	60	42	92	32	96	93	43	17	67	69	81	22
17	31	27	86	9	26	35	18	76	81	64	21	73	58	61	97	35	71	27	79
73	16	7	1	37	86	40	30	61	60	1	31	61	87	21	46	17	37	18	30
19	81	44	79	78	71	60	38	32	46	82	97	43	3	49	1	24	27	49	23
87	5	58	17	80	34	61	87	38	15	81	99	53	97	61	92	73	29	23	67
27	2	99	16	79	4	89	59	38	20	23	91	88	96	44	14	23	28	99	45
10	73	1	17	65	84	45	47	42	57	28	96	4	83	96	85	7	43	39	77
45	2	49	18	93	91	11	57	53	48	70	46	30	78	57	54	2	82	51	95
60	43	17	81	93	27	87	6	100	59	7	81	89	23	100	8	24	83	24	75
73	88	94	95	88	83	66	26	27	42	84	26	92	44	17	3	86	69	26	66
4	6	58	95	42	89	57	8	78	49	31	20	58	77	23	72	49	23	93	10
62	62	79	58	76	81	89	46	6	98	23	56	57	58	71	68	31	100	54	100
26	59	48	78	12	65	68	16	21	45	55	63	76	16	5	43	27	100	20	61
100	12	2	81	26	75	63	100	7	56	41	50	70	94	85	3	14	2	47	11
14	74	25	61	44	61	80	42	54	28	41	32	80	94	100	15	57	67	53	37
3	69	10	66	4	5	94	82	32	2	30	26	54	9	47	27	88	41	38	66
96	22	47	79	15	10	70	77	95	70	47	47	49	10	9	45	64	59	57	39
68	98	10	52	99	15	78	72	47	73	28	17	30	87	42	81	22	32	51	95
35	17	88	62	56	83	77	44	100	3	63	29	84	99	99	98	12	96	81	100
32	99	31	22	43	30	18	63	68	28	24	33	9	63	4	51	10	48	96	17
39	35	72	44	10	99	33	31	89	45	70	27	51	51	63	37	87	67	19	26
65	15	76	73	80	31	21	21	96	48	88	64	100	64	62	98	28	87	12	44
98	87	74	24	59	97	82	58	1	68	64	44	29	70	52	24	59	100	65	80
79	12	36	41	57	6	27	88	90	65	10	1	56	76	29	78	42	53	14	83
49	63	21	29	85	45	36	31	13	39	39	28	22	32	65	86	52	33	67	53
71	95	69	36	58	64	88	54	41	74	83	7	86	83	31	17	91	7	57	13
71	96	75	51	27	82	79	25	11	43	27	9	86	61	13	55	95	86	71	21
57	82	90	40	56	33	43	39	1	49	95	45	77	55	83	75	20	18	10	77
85	64	44	99	48	75	22	25	71	77	23	6	37	36	56	90	7	36	96	94
39	41	24	62	48	82	32	32	79	39	35	77	77	94	36	94	38	92	92	82
12	18	69	25	27	90	9	41	99	93	68	85	23	16	38	45	41	82	51	67
43	90	46	33	43	46	30	43	1	63	52	15	44	14	83	22	72	100	36	59
73	92	33	86	71	51	55	61	56	92	54	57	42	26	40	22	72	37	82	81
60	66	41	37	42	54	41	9	34	17	74	41	47	93	94	51	58	60	63	93
92	70	87	9	9	96	74	18	75	61	50	36	18	56	99	8	52	97	45	18
10	46	27	40	19	13	10	49	33	89	65	13	75	90	89	91	79	32	28	47
80	23	35	73	68	38	24	92	94	87	100	61	16	45	83	46	43	48	91	96
86	25	86	86	97	38	62	28	67	8	29	20	69	99	38	87	12	54	73	81
89	19	56	47	90	4	97	30	7	43	49	31	41	32	61	55	38	49	77	30
77	97	25	86	58	80	92	18	8	97	35	89	76	11	7	68	70	40	97	93
41	33	21	24	60	98	80	37	38	84	49	63	78	43	5	93	94	70	89	11
12	80	23	11	9	60	56	31	26	94	86	99	53	85	90	45	76	1	27	60
1	56	80	24	48	72	12	34	6	15	74	100	51	87	81	62	11	11	16	100
43	49	12	45	99	51	11	93	53	60	18	94	43	29	10	57	100	99	63	37
48	23	25	11	21	86	48	67	4	29	35	66	85	28	18	52	44	36	26	98
61	19	81	47	98	80	58	22	77	25	62	12	49	80	52	21	24	1	25	14
3	45	90	25	26	52	9	16	12	59	13	65	74	65	76	30	42	79	14	41
28	27	90	79	67	23	17	6	76	98	28	43	12	12	95	17	30	56	21	46
72	42	11	19	12	97	39	84	4	23	79	46	87	84	86	77	55	11	58	3
35	4	41	15	31	70	54	62	70	60	1	86	59	69	69	87	17	72	68	71
85	34	3	53	20	83	57	28	27	19	62	19	99	18	11	69	2	97	88	42
44	77	14	45	23	93	88	19	15	99	60	84	44	88	19	2	1	88	95	49
14	26	36	52	98	82	88	41	59	1	86	21	84	26	27	8	20	59	30	27
96	38	13	28	59	79	75	11	100	9	68	14	2	40	28	18	42	63	47	41
5	47	61	15	14	40	100	18	61	11	82	43	58	69	54	76	14	8	93	19
8	77	41	50	34	73	20	45	99	10	67	58	12	90	22	49	78	99	14	20
80	57	51	90	28	25	56	33	87	52	5	34	71	29	34	28	7	11	82	42
21	55	20	52	44	25	32	69	47	5	99	15	95	74	39	51	27	52	23	9
17	87	58	47	5	34	87	84	56	95	43	68	18	73	99	25	37	99	46	3
94	87	87	82	54	90	40	98	90	83	1	55	89	73	25	34	98	74	47	11
38	48	14	53	63	32	98	22	75	15	14	28	7	20	16	31	1	77	93	16
94	90	95	73	94	88	79	45	49	66	28	64	53	35	65	46	74	34	19	23
93	18	23	75	70	74	49	70	58	95	34	22	82	32	17	49	54	41	60	76
53	53	74	10	87	51	76	72	55	70	57	67	58	70	23	76	67	20	4	21
39	10	88	55	32	7	83	22	19	17	92	34	75	44	71	40	45	14	88	19
98	78	15	88	38	67	65	12	9	41	82	34	37	40	37	44	66	19	78	81
69	55	53	39	79	24	93	14	100	84	32	54	32	86	23	62	95	100	17	66
43	72	13	78	35	58	98	36	7	27	75	27	37	8	51	44	25	76	10	15
