2	200
60	20
96	92
1	58
56	12
52	80
92	59
61	87
63	58
38	5
3	26
28	88
8	41
26	72
28	61
40	13
88	52
14	81
57	70
43	9
61	52
25	86
93	65
17	25
51	88
34	32
56	28
49	89
10	73
12	55
67	30
30	95
73	39
92	41
46	81
30	93
15	30
45	51
1	43
95	43
24	1
21	40
28	8
58	61
3	26
71	85
58	88
43	31
22	31
14	55
73	77
80	71
59	42
17	26
83	98
88	68
78	70
31	66
9	91
68	65
81	31
38	20
10	45
35	27
88	14
29	71
29	41
70	48
22	51
82	86
91	32
79	5
39	4
8	89
58	77
23	32
63	49
74	43
40	60
62	14
7	90
39	69
69	17
39	37
100	84
44	59
9	82
75	50
53	33
82	6
38	47
70	11
92	98
9	81
68	28
9	62
90	69
80	1
94	10
37	22
66	71
90	74
34	65
23	81
74	25
91	7
79	56
76	61
21	28
78	72
9	58
70	72
76	82
69	41
3	75
56	44
97	60
41	68
57	97
78	28
75	28
7	43
38	2
84	35
94	20
81	66
32	66
14	8
1	18
99	52
96	83
79	100
69	47
11	20
15	8
4	25
51	51
97	81
52	28
35	75
99	35
48	84
94	90
12	32
46	34
68	40
99	27
32	93
50	7
75	91
92	64
20	86
17	57
16	82
69	33
57	74
84	24
53	61
36	96
6	79
36	80
74	82
41	64
26	24
19	5
32	45
54	45
83	35
16	62
68	38
75	31
63	13
78	95
57	75
74	72
57	55
2	96
55	13
91	39
45	53
31	92
63	65
2	12
21	39
41	19
46	74
29	69
5	6
17	62
5	47
8	52
51	48
48	78
44	58
90	71
45	77
17	16
8	83
69	99
12	66
75	18
