20	200
34	6	10	21	23	45	24	19	14	37	49	41	4	24	2	16	6	31	29	3
45	19	11	6	50	37	28	47	9	34	16	11	30	17	34	13	44	47	47	23
40	33	38	42	33	27	18	11	45	38	19	32	38	8	26	15	46	4	22	37
17	27	10	31	21	38	12	37	40	39	23	10	35	6	14	13	32	19	23	24
19	17	3	21	16	35	24	22	42	20	17	40	26	11	6	13	24	8	21	46
15	31	22	6	16	10	48	32	44	13	34	28	31	48	18	50	25	39	16	37
15	41	46	20	23	33	34	25	1	2	39	24	48	28	9	38	46	47	5	6
38	42	28	29	36	39	9	28	43	6	38	35	43	35	31	25	36	2	33	34
26	23	32	43	25	10	31	4	40	30	5	28	34	10	50	24	13	18	34	35
24	7	32	45	14	5	32	13	48	35	3	44	14	22	31	15	10	35	4	27
9	6	39	13	2	10	2	33	35	8	12	19	19	49	10	20	41	38	29	21
29	18	7	5	28	12	14	13	30	35	14	29	14	8	27	19	19	20	43	4
3	50	29	41	24	35	26	16	12	11	24	22	6	34	48	41	50	34	35	41
46	39	3	50	44	34	5	11	23	42	1	22	46	26	18	29	40	16	32	44
37	49	1	19	12	43	23	30	10	36	19	35	35	3	9	15	47	29	48	41
30	15	44	20	11	3	27	31	17	20	2	34	3	42	5	48	38	34	39	1
11	26	2	37	23	17	37	43	17	3	32	12	19	42	14	22	5	32	9	10
17	42	14	41	35	36	33	44	49	11	27	14	40	47	30	5	14	8	47	44
16	34	14	14	38	41	15	12	28	33	43	7	25	30	35	20	12	11	2	38
34	44	45	6	27	19	22	23	12	10	9	48	35	16	45	33	28	50	4	45
22	22	16	16	19	20	39	11	12	11	43	3	6	10	10	22	39	9	38	19
19	43	50	19	24	45	22	10	36	2	42	13	8	8	17	13	29	30	38	7
31	12	11	2	17	7	43	26	6	23	45	20	13	35	27	29	22	47	42	25
49	29	25	11	19	31	45	49	43	48	44	10	21	31	39	7	32	49	3	18
3	47	5	13	8	23	50	24	31	38	42	32	38	14	9	2	37	1	34	36
12	44	33	9	30	36	49	33	47	20	48	24	45	24	22	2	25	13	3	47
31	22	18	6	6	12	22	8	23	37	21	31	16	17	7	9	15	47	33	22
24	18	28	12	40	19	37	14	42	8	28	25	48	37	5	41	27	28	3	18
15	42	10	10	49	17	9	29	18	14	38	28	30	32	24	14	45	7	16	38
26	8	17	15	10	47	34	29	12	16	32	38	45	15	8	32	8	19	13	24
10	8	46	28	20	50	45	17	14	42	47	21	12	15	43	7	26	46	50	3
34	30	18	3	32	1	34	15	24	42	6	26	44	43	28	18	13	39	46	11
2	18	16	21	20	12	26	30	23	2	7	13	19	10	40	30	41	44	47	20
17	31	43	22	36	21	27	20	38	25	45	38	50	40	2	17	15	47	33	20
25	5	43	23	36	44	8	34	3	48	27	19	42	26	44	21	25	44	35	50
36	7	43	48	7	19	13	30	8	24	16	44	12	27	46	13	39	20	37	43
14	43	17	40	49	26	46	25	46	31	42	21	13	33	35	19	12	45	16	17
31	29	26	29	33	33	7	16	31	32	33	6	8	43	37	43	40	4	50	31
24	38	34	28	33	45	32	29	42	27	1	44	4	20	12	35	17	39	7	16
19	31	45	14	49	37	14	20	47	43	29	9	46	35	44	43	45	49	47	39
2	29	24	4	32	39	2	39	32	2	26	2	47	35	12	43	44	20	29	46
31	13	32	50	48	42	49	19	27	19	41	18	42	19	15	41	8	42	33	10
36	26	39	46	18	28	13	12	23	1	50	25	21	1	8	39	47	24	6	41
41	33	12	14	11	8	10	28	20	22	36	3	38	20	11	6	25	37	33	21
29	38	47	26	19	16	48	41	12	26	44	34	36	43	20	3	14	25	35	10
19	35	42	2	16	48	38	1	41	2	15	10	42	36	12	3	37	37	45	46
10	19	17	45	28	3	17	46	1	8	43	50	3	23	2	45	47	45	11	22
29	48	1	10	11	34	42	1	31	17	17	27	31	39	1	50	19	47	24	13
32	42	1	33	10	16	8	20	34	18	6	42	26	23	17	13	19	7	34	45
11	16	15	34	41	16	19	14	22	2	27	50	22	48	41	37	47	18	1	46
27	22	17	14	11	26	2	8	23	39	32	12	14	30	3	16	27	17	43	44
47	44	48	32	42	7	21	29	33	30	16	2	7	39	18	40	49	2	23	16
15	11	42	34	21	15	37	43	46	25	11	31	26	7	50	33	24	36	23	5
6	24	26	43	23	30	5	25	12	13	18	26	45	27	30	36	2	15	11	27
20	28	33	8	20	35	26	50	40	35	16	14	29	19	11	42	36	50	11	41
11	12	31	33	8	35	37	49	28	14	32	10	25	47	36	28	41	18	24	38
5	5	36	27	48	4	47	26	16	39	1	3	4	20	16	8	48	50	1	35
49	27	23	26	4	7	40	33	33	34	1	18	27	23	37	6	26	5	36	4
38	11	34	39	14	29	6	5	31	28	30	42	18	39	40	28	32	11	23	42
15	15	44	33	39	33	27	31	34	11	32	43	14	47	47	39	44	34	13	25
1	35	2	6	4	9	1	38	34	10	24	16	32	45	40	24	18	1	1	31
3	26	22	21	47	37	28	22	42	1	34	49	48	49	42	30	13	39	29	30
33	39	48	24	37	16	12	20	7	24	22	43	34	32	23	25	14	32	9	17
31	29	47	34	26	26	18	34	4	10	12	29	22	21	49	14	29	48	35	31
26	9	15	19	29	41	15	17	26	17	17	31	30	13	49	4	43	14	48	11
49	29	17	48	12	43	21	13	33	10	47	16	48	29	42	23	15	28	5	35
11	2	8	37	44	31	50	10	23	46	21	15	50	24	33	47	42	18	7	37
20	3	34	16	20	1	34	1	21	26	40	16	10	13	1	47	21	30	4	32
44	12	40	38	39	33	17	25	47	45	32	48	21	18	16	8	19	43	18	43
47	49	39	47	7	6	5	37	24	36	27	12	14	25	43	9	13	46	27	37
35	10	5	27	45	42	45	42	48	43	29	29	13	12	35	45	23	44	32	34
29	30	2	11	19	20	34	46	26	7	46	23	16	31	9	38	44	13	2	15
11	13	40	31	8	48	50	3	41	49	37	20	15	44	9	6	8	45	8	26
9	49	17	42	48	7	14	33	4	48	1	10	42	18	24	16	41	21	4	21
21	32	6	27	20	27	9	23	22	4	30	50	5	27	6	13	46	48	34	2
35	18	49	43	48	28	28	47	21	43	15	38	41	38	6	27	43	40	22	22
48	42	11	1	18	1	5	16	12	11	21	43	37	3	37	4	33	14	30	43
49	12	2	30	39	43	10	18	22	30	20	6	27	13	4	43	7	49	26	47
23	12	36	10	23	23	1	39	1	3	44	30	11	29	23	36	40	31	12	26
42	38	45	32	42	15	17	25	49	44	47	34	38	33	21	38	27	43	7	16
42	21	17	19	36	40	46	48	41	18	4	27	38	50	5	36	17	4	18	8
7	27	40	8	7	11	42	28	9	35	10	47	24	47	34	21	21	26	47	2
20	19	34	32	41	20	47	39	29	35	21	24	26	50	10	15	32	10	13	26
49	18	39	6	8	7	3	41	16	34	15	42	7	17	39	38	44	9	18	37
14	4	50	24	14	37	22	25	37	20	40	12	13	21	4	3	31	28	24	34
18	6	23	45	21	30	17	9	11	23	22	23	43	27	13	45	18	15	43	22
36	28	5	47	44	4	29	37	13	37	8	16	36	34	19	8	32	6	4	35
21	13	15	15	48	18	20	36	9	9	35	16	36	2	49	40	2	26	1	18
2	30	47	25	15	6	38	9	9	5	13	13	12	8	1	23	14	40	50	27
35	43	28	4	3	43	31	34	36	29	6	7	5	37	33	41	17	40	50	42
30	11	28	4	46	22	4	28	2	26	27	13	26	24	33	9	3	43	23	23
26	5	24	30	50	7	8	25	25	11	6	25	40	8	48	24	16	24	9	31
39	3	33	10	3	44	31	32	4	25	39	25	18	28	17	26	37	48	5	40
15	30	3	41	21	3	23	19	27	10	44	29	35	43	35	23	23	15	28	6
27	27	22	1	22	32	7	13	42	22	37	18	20	19	16	9	1	42	40	1
21	12	5	45	31	10	41	26	43	44	3	23	21	49	13	39	8	2	20	40
46	11	28	5	23	27	10	16	27	26	23	32	26	28	36	15	22	27	21	12
41	32	20	48	20	14	48	21	7	28	2	49	22	50	5	10	35	1	23	5
1	26	49	17	22	22	48	43	14	48	18	31	32	8	49	14	41	31	36	9
29	39	9	50	25	24	10	26	23	26	31	22	5	16	11	16	34	3	26	48
17	5	8	9	11	21	17	15	2	41	20	5	15	14	27	13	17	49	43	48
12	23	21	38	18	46	27	17	47	34	31	38	5	38	43	24	31	1	40	5
8	46	24	33	7	26	7	42	40	49	49	35	11	29	36	44	35	21	41	15
45	1	19	18	10	32	50	27	22	3	33	17	10	39	41	17	49	38	32	42
40	35	27	49	36	47	28	27	3	49	40	11	10	26	10	8	27	7	23	25
26	31	20	38	17	33	25	23	38	19	45	47	40	49	26	10	24	21	33	14
5	24	25	23	14	23	7	35	29	34	40	43	16	7	16	9	16	40	32	4
23	5	39	34	5	43	21	11	50	1	34	7	25	10	21	3	6	48	25	44
26	41	44	5	29	2	32	33	34	17	45	34	39	29	42	50	35	42	18	21
2	46	35	29	50	34	19	7	37	14	4	18	16	39	28	32	12	35	5	3
11	38	28	34	7	50	19	46	19	21	18	15	30	4	43	30	6	16	6	46
34	26	47	20	14	27	19	1	2	10	39	1	37	16	11	14	18	2	23	50
15	24	38	16	46	39	39	12	46	48	27	46	30	9	20	36	42	9	21	30
32	19	45	10	32	17	28	15	44	30	13	4	44	6	32	11	38	32	24	25
39	7	5	4	33	44	22	29	46	25	23	10	32	43	19	46	29	29	35	30
12	25	19	17	36	23	3	24	28	10	48	11	35	47	42	25	15	42	27	39
45	50	19	19	7	3	23	1	37	36	32	10	48	45	13	14	39	39	18	10
42	49	2	37	28	13	26	35	2	45	32	38	2	46	35	13	6	50	10	34
50	2	37	42	29	39	13	41	34	28	36	26	24	18	48	47	48	33	42	45
27	38	50	43	5	44	8	2	10	1	9	40	29	34	10	40	12	11	8	40
50	36	2	24	9	6	15	35	49	38	15	23	9	16	7	12	2	45	38	35
31	12	31	33	19	47	47	40	8	8	36	38	25	3	45	42	37	27	34	49
30	24	3	23	37	37	31	14	28	48	38	17	24	24	9	38	6	20	5	13
10	25	27	41	3	27	49	7	21	16	26	26	11	39	6	8	9	8	47	33
16	34	13	10	21	19	15	2	44	8	37	17	22	22	40	6	47	13	21	10
39	25	43	13	22	12	7	35	18	2	30	48	24	22	47	26	12	18	21	34
13	47	14	14	29	10	5	40	50	1	11	47	38	37	45	42	41	1	38	9
13	31	34	42	28	39	44	50	25	14	44	30	42	37	47	42	12	30	34	13
8	17	35	18	42	33	11	37	28	6	36	11	30	12	21	33	13	22	36	41
17	6	15	37	7	32	5	1	40	4	30	12	18	26	2	46	46	17	50	46
29	7	23	20	29	34	50	31	16	15	29	40	45	43	47	2	2	49	11	11
29	10	47	24	26	24	44	4	11	25	37	46	22	41	12	10	33	46	8	24
32	25	35	26	25	40	17	25	29	50	45	48	7	40	17	19	10	49	44	5
40	47	20	41	29	33	18	4	31	37	20	6	41	37	29	5	25	22	50	37
8	19	26	11	31	39	40	32	24	44	50	34	3	4	34	36	5	44	47	42
22	14	45	43	31	39	8	20	12	13	45	38	50	8	48	22	21	9	11	40
44	36	31	38	37	36	4	38	4	44	50	31	26	8	15	44	24	34	31	43
32	21	21	11	49	12	35	46	6	13	15	46	34	7	49	37	33	7	6	45
36	20	17	18	14	14	13	42	44	4	48	38	29	19	9	23	16	20	39	25
1	8	32	42	30	4	48	19	10	28	12	18	28	36	7	12	5	3	48	36
50	44	3	3	15	27	18	16	49	26	22	14	18	31	45	28	39	26	39	10
16	45	32	16	43	31	10	43	12	47	19	13	22	4	26	7	6	30	27	3
37	33	20	34	7	48	50	48	42	30	23	29	15	39	20	5	12	38	11	34
17	25	5	2	8	9	42	15	5	38	23	10	49	37	24	34	25	48	9	45
31	13	2	32	25	40	48	34	34	22	46	18	20	44	37	12	29	19	27	48
7	36	44	5	8	14	31	29	16	37	31	14	30	16	3	5	24	23	28	18
12	9	32	34	43	5	41	5	50	12	6	7	22	11	39	46	19	47	25	11
10	20	19	47	42	32	39	4	41	32	38	6	41	10	37	48	5	11	13	3
24	26	29	4	31	24	43	20	28	7	36	27	48	17	9	42	40	35	43	11
17	37	15	19	25	50	16	12	24	41	42	9	35	23	38	34	42	16	17	18
39	20	27	34	46	11	9	24	2	46	9	20	18	2	37	37	12	10	29	32
9	32	46	38	16	28	43	26	30	26	1	25	19	25	23	47	11	31	23	14
42	42	11	29	33	22	41	34	36	1	22	32	37	35	9	8	24	40	19	19
19	33	45	26	45	34	2	44	29	40	27	32	38	16	41	17	21	18	5	44
38	9	40	30	4	19	39	34	16	16	23	22	12	5	46	9	48	35	34	50
20	48	5	46	25	41	45	21	45	43	37	7	35	26	32	10	43	15	23	27
45	19	28	14	17	5	20	33	20	32	20	37	34	6	24	40	4	45	6	13
25	18	39	24	30	17	38	36	24	36	16	33	12	8	5	2	21	42	29	20
21	12	1	14	23	1	24	29	2	42	6	49	10	10	2	27	31	4	34	1
18	34	10	35	17	38	25	27	2	23	20	12	16	37	43	14	17	26	2	30
44	9	34	32	31	17	24	3	6	28	21	18	9	28	2	37	2	17	48	36
26	47	27	30	22	44	34	24	18	39	11	5	2	5	8	9	50	28	5	50
15	22	21	25	2	3	4	38	35	6	12	1	29	17	4	47	33	5	10	37
34	1	35	17	18	16	16	4	21	44	37	24	13	48	22	5	26	3	29	20
40	46	39	12	28	10	27	36	2	12	27	46	18	18	16	14	38	5	7	36
37	1	18	42	19	38	38	31	46	50	21	30	27	41	47	39	12	23	39	8
40	31	3	9	17	42	6	45	33	8	17	22	46	43	34	40	28	48	44	40
23	47	41	2	42	47	20	28	22	28	3	15	16	50	47	7	48	9	25	28
32	44	48	38	33	49	34	34	8	7	11	15	30	49	36	43	40	1	18	20
22	29	23	6	5	3	7	47	47	27	43	20	23	16	9	29	49	3	20	43
14	36	21	15	17	39	35	17	15	4	17	47	42	5	6	4	21	43	34	30
43	38	38	31	15	42	43	15	41	7	45	37	32	25	7	37	8	9	40	17
19	40	32	43	10	46	28	18	10	5	9	7	20	40	1	26	48	41	1	25
46	21	26	8	10	30	16	17	49	19	47	13	4	17	12	4	6	46	21	20
14	25	5	37	49	38	18	42	25	32	40	18	8	15	21	49	14	25	33	30
30	12	20	42	9	47	4	4	29	47	20	3	20	32	11	22	16	40	10	22
13	24	42	17	30	29	5	39	46	14	40	32	13	42	40	3	6	14	28	3
35	15	14	28	13	37	49	27	4	50	33	25	16	12	18	7	20	3	12	31
42	15	8	15	8	38	41	28	43	9	16	3	13	7	38	49	11	14	5	43
31	29	36	47	32	16	17	2	25	34	34	3	2	48	11	21	8	49	21	25
47	21	34	46	34	30	13	9	24	19	46	6	49	19	50	13	29	11	34	43
22	39	4	10	25	14	2	15	46	18	41	13	44	31	46	10	45	40	13	3
4	8	28	6	38	28	5	34	48	48	42	47	15	29	3	8	18	25	21	21
29	48	13	7	29	34	13	18	23	40	19	40	49	32	40	14	12	48	22	48
9	18	17	48	26	45	48	16	29	38	43	20	20	43	24	6	46	22	28	5
15	37	11	8	30	3	49	34	39	39	47	20	4	23	13	11	31	15	31	34
37	48	40	35	48	50	21	7	8	34	19	41	21	18	33	22	8	9	19	24
47	14	27	40	42	24	17	47	30	14	25	31	41	44	18	18	48	26	11	31
33	42	26	6	21	7	49	37	41	41	3	23	47	7	38	23	22	1	44	25
33	24	27	45	10	38	50	28	50	16	25	33	49	39	42	5	38	22	19	35
25	30	7	39	11	3	35	35	7	46	46	48	32	37	48	9	16	32	46	33
7	22	37	25	17	21	25	9	15	33	35	1	32	9	50	4	18	38	34	7
3	16	21	5	20	27	1	12	41	34	39	7	26	37	28	4	43	32	23	41
29	27	20	24	11	46	16	23	38	45	41	29	49	39	30	42	1	33	5	40
20	13	18	31	44	29	26	46	31	46	11	36	16	43	29	27	46	47	44	25
12	28	25	47	44	11	8	37	7	37	3	11	28	33	21	16	10	39	30	32
21	21	43	42	34	5	14	7	11	4	46	5	40	31	29	43	39	21	38	34
22	39	39	45	44	1	9	33	22	13	18	7	18	12	4	41	36	33	13	39
48	2	27	3	41	49	21	48	4	29	28	39	2	47	11	32	32	48	48	34
47	31	35	48	37	40	37	28	27	39	7	6	9	50	36	20	13	37	4	46
